MW

VEHICLE
NUMBER     CAPACITY
  25         33

CUSTOMER
CUST NO.   XCOORD.    YCOORD.    DEMAND   READY TIME   DUE DATE   SERVICE TIME

    0      677.908     6150.22       0         360        1320         0
    1      716.808     6188.57       4        368         488         0
    2      723.223     6178.17       4        390         510         0
    3      725.316     6178.52       11        429         549         0
    4      720.602     6181.33       5        413         533         0
    5      722.909     6178.31       13        376         496         0
    6      704.983     6218.63       12        459         579         0
    7      650.211     6143.65       14        360         472         0
    8      675.739     6064.45       13        444         564         0
    9      719.286     6174.67       12        370         490         0
    10      727.591     6173.46       14        415         535         0
    11      721.74     6179.83       12        374         494         0
    12      688.638     6066.75       12        429         549         0
    13      685.375     6099.22       15        434         554         0
    14      727.247     6173.34       14        391         511         0
    15      720.234     6171.53       3        360         480         0
    16      686.488     6181.89       3        360         465         0
    17      722.72     6173.19       10        412         532         0
    18      725.894     6172.17       12        427         547         0
    19      663.248     6065.18       13        409         529         0
    20      702.611     6223.24       15        432         552         0
    21      584.312     6139.4       4        709         829         0
    22      512.477     6185.78       4        848         968         0
    23      565.881     6236.18       11        762         882         0
    24      557.661     6192.87       5        751         871         0
    25      500.078     6269.75       13        844         964         0
    26      553.772     6190.98       12        786         906         0
    27      601.201     6102.74       14        690         810         0
    28      586.652     6137.67       13        784         904         0
    29      480.363     6178.06       12        854         974         0
    30      558.174     6369.83       14        854         974         0
    31      569.301     6336.87       12        796         916         0
    32      529.602     6149.63       12        833         953         0
    33      610.11     6089.12       15        732         852         0
    34      466.243     6147.57       14        911         1031         0
    35      547.252     6158.79       3        879         999         0
    36      601.688     6098.73       3        707         827         0
    37      549.809     6100.82       10        780         900         0
    38      517.625     6143.31       12        798         918         0
    39      564.719     6230.34       13        836         956         0
    40      575.261     6225.11       15        827         947         0

0	1 2 6 7 9 10 11 12 15 16 17 18 19 20 21 23 25 26 27 29 30 31 33 34 36 38 39 40 
1	2 13 18 20 0 
2	1 11 14 19 0 
3	6 8 9 16 17 
4	7 9 10 18 20 
5	6 7 10 15 16 
6	3 5 7 16 0 
7	4 5 6 10 0 
8	3 11 15 18 19 
9	3 4 10 19 0 
10	4 5 7 9 0 
11	2 8 13 19 0 
12	13 14 15 16 0 
13	1 11 12 14 17 
14	2 12 13 15 20 
15	5 8 12 14 0 
16	3 5 6 12 0 
17	3 13 18 20 0 
18	1 4 8 17 0 
19	2 8 9 11 0 
20	1 4 14 17 0 
21	23 24 31 32 0 
22	27 30 34 35 36 
23	21 36 37 38 0 
24	21 27 32 37 38 
25	26 29 34 37 0 
26	25 28 33 35 0 
27	22 24 33 38 0 
28	26 30 35 36 39 
29	25 30 36 40 0 
30	22 28 29 37 0 
31	21 35 37 39 0 
32	21 24 33 35 40 
33	26 27 32 40 0 
34	22 25 39 40 0 
35	22 26 28 31 32 
36	22 23 28 29 0 
37	23 24 25 30 31 
38	23 24 27 39 0 
39	28 31 34 38 0 
40	29 32 33 34 0 

