MW

VEHICLE
NUMBER     CAPACITY
  25         33

CUSTOMER
CUST NO.   XCOORD.    YCOORD.    DEMAND   READY TIME   DUE DATE   SERVICE TIME

    0      677.908     6150.22       0         360        1320         0
    1      677.566     6187.11       13        360         479         0
    2      704.974     6187.69       15        388         508         0
    3      725.92     6171.15       16        399         519         0
    4      721.735     6172.68       10        369         489         0
    5      635.549     6078.72       11        419         539         0
    6      642.394     6087.29       5        387         507         0
    7      720.445     6174.09       16        395         515         0
    8      667.347     6200.88       16        414         534         0
    9      720.838     6176.57       11        387         507         0
    10      698.384     6205.85       10        428         548         0
    11      710.329     6166.92       14        388         508         0
    12      636.913     6159.49       17        412         532         0
    13      722.049     6178.08       14        435         555         0
    14      688.131     6209.14       3        397         517         0
    15      717.215     6175.19       6        362         482         0
    16      693.876     6084.03       5        397         517         0
    17      632.262     6172.76       11        371         491         0
    18      716.752     6174.69       15        370         490         0
    19      721.394     6177.47       6        404         524         0
    20      670.074     6177.82       8        405         525         0
    21      554.919     6222.03       13        790         910         0
    22      470.214     6227.13       15        817         937         0
    23      527.566     6151.53       16        820         940         0
    24      574.47     6220.49       10        817         937         0
    25      615.72     6254.29       11        761         881         0
    26      574.331     6229.15       5        805         925         0
    27      572.933     6221.46       16        732         852         0
    28      534.724     6176.5       16        779         899         0
    29      525.977     6100.07       11        796         916         0
    30      603.167     6256.91       10        807         927         0
    31      554.891     6232.85       14        756         876         0
    32      610.671     6088.61       17        638         758         0
    33      485.82     6111.81       14        880         1000         0
    34      615.421     6254.08       3        774         894         0
    35      564.259     6258.05       6        994         1114         0
    36      529.764     6222.96       5        960         1080         0
    37      485.109     6251.1       11        856         976         0
    38      500.397     6148.58       15        874         994         0
    39      474.942     6164.48       6        773         893         0
    40      581.744     6237.86       8        753         873         0

0	2 3 4 5 6 7 10 12 14 15 16 18 19 20 22 23 24 26 27 28 29 31 32 34 35 36 38 39 
1	3 10 11 14 18 
2	9 12 16 17 0 
3	1 4 10 13 0 
4	3 8 11 16 0 
5	7 12 13 17 0 
6	9 12 14 16 0 
7	5 12 13 20 0 
8	4 9 15 17 18 
9	2 6 8 14 18 
10	1 3 11 19 0 
11	1 4 10 19 20 
12	2 5 6 7 0 
13	3 5 7 14 16 
14	1 6 9 13 0 
15	8 18 19 20 0 
16	2 4 6 13 0 
17	2 5 8 19 20 
18	1 8 9 15 0 
19	10 11 15 17 0 
20	7 11 15 17 0 
21	23 28 30 34 38 
22	24 28 32 39 0 
23	21 34 38 40 0 
24	22 27 32 40 0 
25	29 30 35 36 39 
26	29 32 35 37 0 
27	24 36 38 39 0 
28	21 22 33 40 0 
29	25 26 30 33 0 
30	21 25 29 35 37 
31	33 34 35 40 0 
32	22 24 26 37 0 
33	28 29 31 39 40 
34	21 23 31 36 0 
35	25 26 30 31 0 
36	25 27 34 37 0 
37	26 30 32 36 38 
38	21 23 27 37 0 
39	22 25 27 33 0 
40	23 24 28 31 33

