MW

VEHICLE
NUMBER     CAPACITY
  25         33

CUSTOMER
CUST NO.   XCOORD.    YCOORD.    DEMAND   READY TIME   DUE DATE   SERVICE TIME

    0      677.908     6150.22       0         360        1320         0
    1      720.683     6220.16       4        413         533         0
    2      721.52     6174.3       17        414         534         0
    3      718.607     6191.42       10        400         520         0
    4      639.863     6162.56       5        397         517         0
    5      724.421     6180.44       4        425         545         0
    6      638.158     6137.79       6        360         477         0
    7      685.597     6157.24       4        442         562         0
    8      657.716     6156.35       17        376         496         0
    9      724.079     6179.62       5        410         530         0
    10      721.747     6191.12       4        418         538         0
    11      716.296     6180.97       8        386         506         0
    12      723.944     6177.58       12        398         518         0
    13      724.034     6180.17       4        439         559         0
    14      718.939     6174.63       11        412         532         0
    15      720.26     6207.48       6        468         588         0
    16      703.791     6210.83       7        408         528         0
    17      717.829     6187.55       5        438         558         0
    18      689.17     6099.31       7        369         489         0
    19      704.93     6173.57       8        387         507         0
    20      708.746     6197.15       16        430         550         0
    21      532.891     6223.72       4        815         935         0
    22      498.716     6221.57       17        853         973         0
    23      573.516     6226.69       10        831         951         0
    24      588.124     6228.13       5        716         836         0
    25      537.062     6222.06       4        797         917         0
    26      602.301     6147.96       6        712         832         0
    27      471.662     6105.06       4        885         1005         0
    28      563.954     6257.95       17        750         870         0
    29      570.158     6224.09       5        763         883         0
    30      445.42     6212.54       4        979         1099         0
    31      532.974     6172.68       8        788         908         0
    32      575.704     6233       12        752         872         0
    33      545.234     6089.61       4        903         1023         0
    34      570.063     6255.83       11        789         909         0
    35      570.782     6224.79       6        790         910         0
    36      574.602     6226.39       7        775         895         0
    37      571.521     6221.26       5        781         901         0
    38      559.352     6219.73       7        908         1028         0
    39      565.931     6236.97       8        789         909         0
    40      513.415     6173.76       16        772         892         0

0	1 2 3 5 7 8 9 11 12 13 14 15 17 19 22 24 25 27 28 29 30 31 33 34 36 37 38 40 
1	4 7 11 16 0 
2	4 5 13 15 0 
3	5 6 8 9 0 
4	1 2 6 8 18 
5	2 3 8 11 0 
6	3 4 9 12 19 
7	1 11 15 20 0 
8	3 4 5 20 0 
9	3 6 12 19 0 
10	11 12 17 18 20 
11	1 5 7 10 0 
12	6 9 10 20 0 
13	2 16 18 20 0 
14	16 17 18 19 0 
15	2 7 16 17 0 
16	1 13 14 15 17 
17	10 14 15 16 0 
18	4 10 13 14 19 
19	6 9 14 18 0 
20	7 8 10 12 13 
21	22 24 25 28 29 
22	21 26 27 33 0 
23	26 29 31 33 37 
24	21 35 37 39 0 
25	21 30 31 36 0 
26	22 23 30 31 36 
27	22 30 35 40 0 
28	21 36 39 40 0 
29	21 23 31 35 0 
30	25 26 27 32 0 
31	23 25 26 29 0 
32	30 35 38 39 40 
33	22 23 34 38 0 
34	33 36 37 38 0 
35	24 27 29 32 40 
36	25 26 28 34 0 
37	23 24 34 39 0 
38	32 33 34 39 0 
39	24 28 32 37 38 
40	27 28 32 35 0 

