MW

VEHICLE
NUMBER     CAPACITY
  25         33

CUSTOMER
CUST NO.   XCOORD.    YCOORD.    DEMAND   READY TIME   DUE DATE   SERVICE TIME

    0      677.908     6150.22       0         360        1320         0
    1      677.566     6187.11       13        360         479         0
    2      704.974     6187.69       15        388         508         0
    3      725.92     6171.15       16        399         519         0
    4      721.735     6172.68       10        369         489         0
    5      635.549     6078.72       11        419         539         0
    6      642.394     6087.29       5        387         507         0
    7      720.445     6174.09       16        395         515         0
    8      667.347     6200.88       16        414         534         0
    9      720.838     6176.57       11        387         507         0
    10      698.384     6205.85       10        428         548         0
    11      710.329     6166.92       14        388         508         0
    12      636.913     6159.49       17        412         532         0
    13      722.049     6178.08       14        435         555         0
    14      688.131     6209.14       3        397         517         0
    15      717.215     6175.19       6        362         482         0
    16      554.919     6222.03       13        790         910         0
    17      470.214     6227.13       15        817         937         0
    18      527.566     6151.53       16        820         940         0
    19      574.47     6220.49       10        817         937         0
    20      615.72     6254.29       11        761         881         0
    21      574.331     6229.15       5        805         925         0
    22      572.933     6221.46       16        732         852         0
    23      534.724     6176.5       16        779         899         0
    24      525.977     6100.07       11        796         916         0
    25      603.167     6256.91       10        807         927         0
    26      554.891     6232.85       14        756         876         0
    27      610.671     6088.61       17        638         758         0
    28      485.82     6111.81       14        880         1000         0
    29      615.421     6254.08       3        774         894         0
    30      564.259     6258.05       6        994         1114         0

0	1 2 3 4 5 8 9 10 11 12 13 14 16 17 18 20 21 22 24 25 26 27 28 29 
1	2 11 13 14 0 
2	1 3 10 14 0 
3	2 6 10 12 0 
4	7 10 14 15 0 
5	6 8 12 13 0 
6	3 5 7 8 15 
7	4 6 11 13 14 
8	5 6 9 12 0 
9	8 11 12 15 0 
10	2 3 4 15 0 
11	1 7 9 13 0 
12	3 5 8 9 0 
13	1 5 7 11 0 
14	1 2 4 7 0 
15	4 6 9 10 
16	17 23 27 28 0 
17	16 21 25 28 0 
18	19 21 22 27 0 
19	18 20 21 28 29 
20	19 23 25 30 0 
21	17 18 19 25 0 
22	18 26 29 30 0 
23	16 20 26 27 29 
24	26 28 29 30 0 
25	17 20 21 27 0 
26	22 23 24 30 0 
27	16 18 23 25 0 
28	16 17 19 24 0 
29	19 22 23 24 0 
30	20 22 24 26

