MW

VEHICLE
NUMBER     CAPACITY
  25         33

CUSTOMER
CUST NO.   XCOORD.    YCOORD.    DEMAND   READY TIME   DUE DATE   SERVICE TIME

    0      677.908     6150.22       0         360        1320         0
    1      716.808     6188.57       4        368         488         0
    2      723.223     6178.17       4        390         510         0
    3      725.316     6178.52       11        429         549         0
    4      720.602     6181.33       5        413         533         0
    5      722.909     6178.31       13        376         496         0
    6      704.983     6218.63       12        459         579         0
    7      650.211     6143.65       14        360         472         0
    8      675.739     6064.45       13        444         564         0
    9      719.286     6174.67       12        370         490         0
    10      727.591     6173.46       14        415         535         0
    11      721.74     6179.83       12        374         494         0
    12      688.638     6066.75       12        429         549         0
    13      685.375     6099.22       15        434         554         0
    14      727.247     6173.34       14        391         511         0
    15      720.234     6171.53       3        360         480         0
    16      584.312     6139.4       4        709         829         0
    17      512.477     6185.78       4        848         968         0
    18      565.881     6236.18       11        762         882         0
    19      557.661     6192.87       5        751         871         0
    20      500.078     6269.75       13        844         964         0
    21      553.772     6190.98       12        786         906         0
    22      601.201     6102.74       14        690         810         0
    23      586.652     6137.67       13        784         904         0
    24      480.363     6178.06       12        854         974         0
    25      558.174     6369.83       14        854         974         0
    26      569.301     6336.87       12        796         916         0
    27      529.602     6149.63       12        833         953         0
    28      610.11     6089.12       15        732         852         0
    29      466.243     6147.57       14        911         1031        0
    30      547.252     6158.79       3        879         999         0

0	1 3 5 6 7 8 9 10 11 12 14 15 17 18 19 21 22 23 24 25 26 27 28 29 
1	3 9 10 13 0 
2	4 9 11 13 14 
3	1 7 9 15 0 
4	2 8 10 13 15 
5	6 10 11 12 0 
6	5 7 11 14 0 
7	3 6 12 13 0 
8	4 13 14 15 0 
9	1 2 3 11 0 
10	1 4 5 12 0 
11	2 5 6 9 0 
12	5 7 10 14 0 
13	1 2 4 7 8 
14	2 6 8 12 0 
15	3 4 8 0 
16	17 21 23 26 27 
17	16 19 29 30 0 
18	19 20 22 24 0 
19	17 18 20 29 0 
20	18 19 21 24 29 
21	16 20 27 28 0 
22	18 23 24 27 0 
23	16 22 25 28 0 
24	18 20 22 26 0 
25	23 26 27 28 0 
26	16 24 25 30 0 
27	16 21 22 25 0 
28	21 23 25 30 0 
29	17 19 20 30 0 
30	17 26 28 29 

