MW

VEHICLE
NUMBER     CAPACITY
  25         33

CUSTOMER
CUST NO.   XCOORD.    YCOORD.    DEMAND   READY TIME   DUE DATE   SERVICE TIME

    0      677.908     6150.22       0         360        1320         0
    1      681.736     6202.21       13        392         512         0
    2      701.138     6151.3       13        373         493         0
    3      652.039     6171.58       12        389         509         0
    4      715.238     6169.8       3        360         475         0
    5      719.124     6184.43       12        391         511         0
    6      723.486     6178.63       13        376         496         0
    7      723.734     6174.88       5        380         500         0
    8      719.29     6179.23       4        423         543         0
    9      726.163     6176.15       10        421         541         0
    10      701.535     6149.75       15        360         468         0
    11      649.349     6143.79       10        376         496         0
    12      683.341     6082.14       15        484         604         0
    13      693.328     6218.64       9        462         582         0
    14      712.36     6186.5       15        399         519         0
    15      699.242     6145.02       8        360         459         0
    16      545.244     6157.35       13        704         824         0
    17      533.203     6173.31       13        745         865         0
    18      562.307     6223.35       12        777         897         0
    19      602.378     6102.04       3        717         837         0
    20      548.134     6158.2       12        701         821         0
    21      525.924     6100.35       13        859         979         0
    22      521.959     6153.84       5        852         972         0
    23      534.033     6225.02       4        843         963         0
    24      615.509     6254.28       10        797         917         0
    25      530.279     6147.99       15        827         947         0
    26      565.076     6258.54       10        819         939         0
    27      521.794     6186.03       15        867         987         0
    28      547.316     6092       9        813         933         0
    29      570.64     6217.48       15        702         822         0
    30      528.634     6122.39       8        845         965         0

0	1 2 3 4 5 6 7 8 10 12 14 15 16 17 18 20 21 23 24 25 26 27 28 29 
1	6 7 9 15 0 
2	3 5 13 14 0 
3	2 9 11 13 0 
4	8 10 11 13 0 
5	2 6 10 12 0 
6	1 5 8 14 0 
7	1 11 13 14 0 
8	4 6 12 13 0 
9	1 3 11 12 15 
10	4 5 11 15 0 
11	3 4 7 9 10 
12	5 8 9 14 0 
13	2 3 4 7 8 
14	2 6 7 12 0 
15	1 9 10 0 
16	17 19 24 25 0 
17	16 20 22 29 0 
18	25 26 27 28 0 
19	16 23 24 26 27 
20	17 22 26 27 0 
21	22 24 28 29 0 
22	17 20 21 28 29 
23	19 25 29 30 0 
24	16 19 21 30 0 
25	16 18 23 28 0 
26	18 19 20 30 0 
27	18 19 20 30 0 
28	18 21 22 25 0 
29	17 21 22 23 0 
30	23 24 26 27

