MW

VEHICLE
NUMBER     CAPACITY
  25         33

CUSTOMER
CUST NO.   XCOORD.    YCOORD.    DEMAND   READY TIME   DUE DATE   SERVICE TIME

    0      677.908     6150.22       0         360        1320         0
    1      720.415     6176.26       16        404         524         0
    2      711.815     6208.84       10        387         507         0
    3      710.831     6168.72       4        360         471         0
    4      662.179     6199.59       4        365         485         0
    5      720.134     6210.2       3        440         560         0
    6      723.05     6178.5       9        409         529         0
    7      722.462     6177.77       3        436         556         0
    8      719.104     6173.16       3        360         480         0
    9      726.755     6174.37       6        389         509         0
    10      718.638     6205.73       8        463         583         0
    11      665.308     6126.82       4        437         557         0
    12      714.197     6169.88       3        460         580         0
    13      711.357     6175.12       14        382         502         0
    14      712.256     6183.71       10        433         553         0
    15      724.312     6179.85       7        415         535         0
    16      538.181     6086.48       16        839         959         0
    17      588.257     6139.25       10        713         833         0
    18      528.913     6152.56       4        748         868         0
    19      500.074     6269.75       4        894         1014         0
    20      585.053     6140.35       3        717         837         0
    21      557.926     6181.75       9        725         845         0
    22      609.023     6077.16       3        692         812         0
    23      507.721     6199.18       3        831         951         0
    24      522.714     6075.1       6        794         914         0
    25      526.981     6257.53       8        831         951         0
    26      465.029     6147.73       4        868         988         0
    27      466.076     6153.32       3        824         944         0
    28      468.578     6147.06       14        895         1015         0
    29      604.134     6229.59       10        694         814         0
    30      569.239     6227.02       7        763         883         0

0	1 2 3 4 6 7 8 9 10 11 12 13 17 18 19 20 21 22 23 25 26 27 28 29 
1	5 9 12 13 0 
2	4 8 14 15 0 
3	7 9 10 14 0 
4	2 5 8 11 0 
5	1 4 7 8 11 
6	9 11 13 15 0 
7	3 5 12 14 0 
8	2 4 5 9 0 
9	1 3 6 8 0 
10	3 12 14 15 0 
11	4 5 6 12 0 
12	1 7 10 11 0 
13	1 6 14 15 0 
14	2 3 7 10 13 
15	2 6 10 13 
16	18 19 22 25 29 
17	18 21 25 26 0 
18	16 17 27 29 0 
19	16 22 25 26 0 
20	23 24 27 29 0 
21	17 24 29 30 0 
22	16 19 27 30 0 
23	20 26 28 30 0 
24	20 21 26 27 28 
25	16 17 19 28 0 
26	17 19 23 24 0 
27	18 20 22 24 0 
28	23 24 25 30 0 
29	16 18 20 21 0 
30	21 22 23 28

