MW

VEHICLE
NUMBER     CAPACITY
  25         33

CUSTOMER
CUST NO.   XCOORD.    YCOORD.    DEMAND   READY TIME   DUE DATE   SERVICE TIME

    0      677.908     6150.22       0         360        1320         0
    1      720.683     6220.16       4        413         533         0
    2      721.52     6174.3       17        414         534         0
    3      718.607     6191.42       10        400         520         0
    4      639.863     6162.56       5        397         517         0
    5      724.421     6180.44       4        425         545         0
    6      638.158     6137.79       6        360         477         0
    7      685.597     6157.24       4        442         562         0
    8      657.716     6156.35       17        376         496         0
    9      724.079     6179.62       5        410         530         0
    10      721.747     6191.12       4        418         538         0
    11      716.296     6180.97       8        386         506         0
    12      723.944     6177.58       12        398         518         0
    13      724.034     6180.17       4        439         559         0
    14      718.939     6174.63       11        412         532         0
    15      720.26     6207.48       6        468         588         0
    16      532.891     6223.72       4        815         935         0
    17      498.716     6221.57       17        853         973         0
    18      573.516     6226.69       10        831         951         0
    19      588.124     6228.13       5        716         836         0
    20      537.062     6222.06       4        797         917         0
    21      602.301     6147.96       6        712         832         0
    22      471.662     6105.06       4        885         1005         0
    23      563.954     6257.95       17        750         870         0
    24      570.158     6224.09       5        763         883         0
    25      445.42     6212.54       4        979         1099         0
    26      532.974     6172.68       8        788         908         0
    27      575.704     6233       12        752         872         0
    28      545.234     6089.61       4        903         1023         0
    29      570.063     6255.83       11        789         909         0
    30      570.782     6224.79       6        790         910         0

0	1 2 3 5 7 8 10 11 12 13 14 15 16 17 18 20 21 22 23 25 26 27 28 30 
1	5 6 8 9 0 
2	6 10 11 12 0 
3	4 5 6 11 0 
4	3 12 13 14 15 
5	1 3 6 9 0 
6	1 2 3 5 7 
7	6 8 9 14 0 
8	1 7 12 13 0 
9	1 5 7 10 13 
10	2 9 11 14 0 
11	2 3 10 15 0 
12	2 4 8 14 0 
13	4 8 9 15 0 
14	4 7 10 12 0 
15	4 11 13 0 
16	18 19 27 29 0 
17	18 19 22 25 0 
18	16 17 23 29 0 
19	16 17 25 27 30 
20	22 25 26 27 0 
21	24 26 28 30 0 
22	17 20 24 28 0 
23	18 26 27 29 0 
24	21 22 26 28 30 
25	17 19 20 29 0 
26	20 21 23 24 0 
27	16 19 20 23 0 
28	21 22 24 29 0 
29	16 18 23 25 28 
30	19 21 24 0

