100 33 6 22 60 10 1
0 677908 6150220 677908 6150220 0
1 470214 6227128 704974 6187689 15
2 527566 6151530 725920 6171153 16
3 574470 6220489 721735 6172681 10
4 615720 6254287 635549 6078720 11
5 574331 6229153 642394 6087294 5
6 572933 6221459 720445 6174094 16
7 534724 6176503 667347 6200876 16
8 525977 6100069 720838 6176573 11
9 603167 6256910 698384 6205845 10
10 554891 6232852 710329 6166924 14
11 610671 6088610 636913 6159494 17
12 485820 6111806 722049 6178078 14
13 615421 6254076 688131 6209144 3
14 564259 6258052 717215 6175185 6
15 529764 6222960 693876 6084034 5
16 485109 6251104 632262 6172762 11
17 500397 6148579 716752 6174692 15
18 474942 6164481 721394 6177473 6
19 581744 6237857 670074 6177817 8
20 491589 6088546 718321 6170178 13
21 552524 6193139 640709 6143124 13
22 574727 6227013 659585 6179186 16
23 459828 6154150 725541 6167868 6
24 533925 6225136 719836 6173647 11
25 533427 6173092 723961 6177501 5
26 615921 6254158 657940 6170567 4
27 523693 6076767 686354 6099867 11
28 574684 6227015 719962 6178008 9
29 483742 6225905 684169 6099506 9
30 478313 6244603 726829 6167226 13
31 573532 6230885 658032 6081691 9
32 574359 6224340 654767 6185269 16
33 555233 6192491 713085 6169929 12
34 575020 6212907 727945 6174069 3
35 530372 6134646 683346 6082035 13
36 590982 6142551 687188 6161725 7
37 588987 6135401 709031 6203861 3
38 598831 6147436 688775 6135270 3
39 545112 6158907 685488 6071992 12
40 533530 6170874 675752 6123049 8
41 470085 6195109 722319 6183712 3
42 596980 6120648 699268 6185553 11
43 568105 6233579 725168 6174629 10
44 522126 6102021 723717 6213658 13
45 573241 6225585 715730 6221135 16
46 520524 6283101 718355 6188224 10
47 557210 6322362 704123 6193066 3
48 575715 6233072 700354 6153113 15
49 591698 6231415 723136 6184197 15
50 570766 6203712 708884 6204068 5
51 580571 6142151 720617 6211329 14
52 455166 6165096 693548 6170558 14
53 565881 6236184 721309 6179085 13
54 571517 6219808 723263 6178239 11
55 533493 6174730 719251 6175356 10
56 531772 6208497 719633 6181849 3
57 567762 6211622 719962 6178008 11
58 571899 6214089 723991 6180148 14
59 587125 6250622 723167 6213628 17
60 569859 6228097 716637 6176843 5
61 471662 6105055 712634 6216229 11
62 491134 6293731 722568 6177518 16
63 604876 6146832 678865 6206730 4
64 552625 6187558 674873 6131950 9
65 547219 6217109 709745 6182171 17
66 457059 6254341 648643 6142563 15
67 548241 6216937 693775 6133941 14
68 565881 6236184 726850 6174710 8
69 555985 6089759 675172 6141589 12
70 570576 6235607 715941 6174492 17
71 573556 6222719 722688 6174964 3
72 557647 6367210 688295 6154632 10
73 588650 6138086 719425 6199889 15
74 591622 6133080 723368 6177211 6
75 550540 6099289 714651 6192727 16
76 569124 6221331 692561 6170383 10
77 574590 6224761 646008 6125516 12
78 616066 6253206 719615 6183062 9
79 484659 6172926 720007 6183175 12
80 528913 6152557 721383 6174339 7
81 446675 6234221 721737 6191291 9
82 492186 6088456 727520 6173817 17
83 586643 6139541 714164 6178664 6
84 585783 6135931 714234 6221025 7
85 577299 6228915 666360 6200829 8
86 533687 6232790 677076 6124305 3
87 528998 6077651 720605 6174828 13
88 574533 6228148 719463 6171739 12
89 561445 6223124 715587 6195470 3
90 473427 6169483 700186 6153389 8
91 549909 6100615 722050 6211236 3
92 491994 6088326 724856 6178466 7
93 532986 6174786 710158 6094459 14
94 586124 6135874 686499 6143831 5
95 569239 6227022 722664 6180632 4
96 527179 6258725 684559 6072732 9
97 532306 6148387 726654 6181034 14
98 509508 6173487 713056 6183824 6
99 533457 6226694 709712 6198124 13
100 574655 6224752 725912 6170846 7





































































































