742 862 375 495
733 853 422 542
1032 1152 360 471
849 969 424 544
780 900 441 561
740 860 372 492
832 952 365 485
824 944 373 493
975 1095 454 574
853 973 423 543
923 1043 561 681
816 936 360 474
906 1026 385 505
762 882 367 487
783 903 391 511
845 965 425 545
799 919 360 461
838 958 361 481
763 883 368 488
919 1039 440 560
762 882 400 520
751 871 371 491
814 934 409 529
919 1039 367 487
793 913 372 492
766 886 378 498
868 988 413 533
809 929 416 536
774 894 395 515
684 804 401 521
873 993 437 557
981 1101 466 586
939 1059 366 486
676 796 403 523
805 925 368 488
781 901 420 540
798 918 389 509
876 996 412 532
814 934 360 467
916 1036 407 527
831 951 360 452
820 940 389 509
820 940 398 518
874 994 414 534
816 936 370 490
798 918 360 480
698 818 360 476
747 867 421 541
907 1027 360 459
773 893 392 512
703 823 390 510
850 970 386 506
746 866 419 539
897 1017 433 553
715 835 394 514
722 842 389 509
718 838 418 538
957 1077 366 486
773 893 384 504
864 984 369 489
748 868 388 508
792 912 375 495
777 897 374 494
889 1009 368 488
831 951 360 478
893 1013 368 488
834 954 401 521
985 1105 396 516
791 911 403 523
864 984 449 569
768 888 420 540
750 870 402 522
957 1077 387 507
734 854 390 510
778 898 397 517
794 914 416 536
833 953 419 539
876 996 377 497
819 939 443 563
947 1067 360 457
751 871 391 511
749 869 366 486
769 889 404 524
796 916 385 505
857 977 360 475
784 904 411 531
756 876 427 547
756 876 450 570
771 891 387 507
912 1032 398 518
768 888 377 497
778 898 401 521
846 966 452 572
711 831 417 537
797 917 497 617
819 939 371 491
678 798 360 471
924 1044 485 605
713 833 430 550
728 848 360 465
