754 874 409 529
738 858 360 466
731 851 407 527
737 857 360 475
734 854 413 533
831 951 410 530
780 900 367 487
764 884 364 484
697 817 374 494
836 956 360 468
785 905 369 489
861 981 496 616
842 962 446 566
717 837 411 531
747 867 392 512
727 847 368 488
754 874 403 523
889 1009 388 508
816 936 401 521
804 924 423 543
809 929 443 563
861 981 407 527
835 955 365 485
832 952 439 559
823 943 414 534
814 934 402 522
915 1035 464 584
856 976 398 518
746 866 368 488
771 891 397 517
708 828 430 550
796 916 415 535
928 1048 395 515
751 871 418 538
861 981 385 505
799 919 360 460
908 1028 390 510
765 885 460 580
934 1054 363 483
836 956 420 540
756 876 454 574
779 899 360 463
759 879 414 534
760 880 436 556
808 928 379 499
790 910 360 475
765 885 428 548
745 865 435 555
733 853 381 501
775 895 369 489
924 1044 388 508
776 896 412 532
804 924 399 519
743 863 412 532
843 963 449 569
788 908 425 545
954 1074 485 605
916 1036 392 512
872 992 360 457
771 891 411 531
857 977 360 475
700 820 360 436
865 985 445 565
826 946 389 509
749 869 378 498
752 872 391 511
801 921 365 485
664 784 369 489
726 846 419 539
917 1037 418 538
879 999 420 540
811 931 450 570
907 1027 391 511
900 1020 403 523
900 1020 456 576
776 896 414 534
783 903 411 531
718 838 397 517
801 921 384 504
757 877 418 538
850 970 364 484
835 955 401 521
755 875 370 490
815 935 421 541
851 971 400 520
900 1020 447 567
796 916 366 486
754 874 430 550
716 836 386 506
745 865 402 522
861 981 360 457
864 984 419 539
888 1008 421 541
850 970 371 491
681 801 437 557
876 996 372 492
756 876 360 461
844 964 364 484
712 832 378 498
723 843 384 504
768 888 370 490
826 946 430 550
808 928 419 539
751 871 389 509
810 930 384 504
831 951 362 482
742 862 401 521
691 811 414 534
894 1014 388 508
775 895 361 481
855 975 434 554
773 893 414 534
873 993 449 569
755 875 402 522
690 810 367 487
822 942 428 548
904 1024 376 496
725 845 391 511
792 912 376 496
814 934 422 542
745 865 414 534
681 801 405 525
800 920 418 538
873 993 363 483
774 894 360 452
770 890 364 484
855 975 421 541
750 870 360 467
710 830 360 472
841 961 397 517
751 871 410 530
887 1007 436 556
728 848 403 523
662 782 388 508
810 930 390 510
857 977 400 520
743 863 393 513
793 913 445 565
866 986 464 584
786 906 360 472
840 960 360 462
729 849 405 525
783 903 380 500
738 858 394 514
718 838 385 505
792 912 363 483
881 1001 395 515
765 885 374 494
802 922 386 506
748 868 449 569
713 833 380 500
858 978 392 512
806 926 393 513
766 886 360 478
814 934 360 479
800 920 360 473
815 935 365 485
828 948 394 514
772 892 407 527
732 852 408 528
813 933 459 579
733 853 414 534
786 906 378 498
793 913 410 530
692 812 427 547
881 1001 360 461
660 780 393 513
816 936 366 486
709 829 383 503
916 1036 393 513
745 865 378 498
778 898 397 517
900 1020 392 512
795 915 360 480
688 808 382 502
902 1022 393 513
805 925 424 544
707 827 360 467
841 961 360 471
770 890 377 497
756 876 416 536
717 837 389 509
944 1064 368 488
767 887 423 543
771 891 437 557
914 1034 369 489
788 908 426 546
741 861 423 543
803 923 437 557
787 907 367 487
809 929 385 505
1040 1160 388 508
813 933 432 552
795 915 459 579
705 825 360 471
850 970 361 481
724 844 403 523
751 871 372 492
829 949 360 461
842 962 394 514
