150 33 6 22 60 10 1
0 677908 6150220 677908 6150220 0
1 538181 6086484 720415 6176264 16
2 588257 6139249 711815 6208837 10
3 528913 6152557 710831 6168718 4
4 500074 6269745 662179 6199594 4
5 585053 6140355 720134 6210199 3
6 557926 6181752 723050 6178505 9
7 609023 6077163 722462 6177770 3
8 507721 6199180 719104 6173159 3
9 522714 6075103 726755 6174369 6
10 526981 6257531 718638 6205725 8
11 465029 6147733 665308 6126823 4
12 466076 6153323 714197 6169877 3
13 468578 6147060 711357 6175122 14
14 604134 6229591 712256 6183711 10
15 569239 6227022 724312 6179850 7
16 527858 6099834 713038 6174563 8
17 550967 6189326 680041 6165335 16
18 460950 6153723 714000 6175858 7
19 524269 6122271 729376 6171380 3
20 559318 6372820 719162 6180836 7
21 575715 6233068 721643 6191903 4
22 526379 6098375 713328 6180335 15
23 551154 6085190 707883 6172444 10
24 509955 6220242 718616 6178587 8
25 551548 6086116 692484 6114229 9
26 525913 6100626 722535 6177884 3
27 566795 6235297 717147 6175321 6
28 571232 6217308 711404 6173040 10
29 563362 6174239 725608 6177619 15
30 590770 6143614 721531 6176620 16
31 457130 6170154 727024 6174269 8
32 533887 6226464 721822 6219434 6
33 467870 6149232 719715 6183738 3
34 573181 6218696 719111 6188923 17
35 548053 6158338 702635 6157129 7
36 586957 6140165 724934 6178541 14
37 525684 6178370 716681 6177794 15
38 485912 6227872 713787 6180528 6
39 533521 6173360 695755 6172192 9
40 505052 6116026 716455 6174308 10
41 535540 6175538 688659 6135290 4
42 549189 6239861 700035 6214037 12
43 520316 6122652 712269 6179072 15
44 525481 6256968 705545 6162553 9
45 530776 6123111 721971 6180065 7
46 530073 6123607 688052 6135622 11
47 573114 6224161 710100 6173389 7
48 532346 6151566 698583 6194463 17
49 468248 6165130 687421 6136064 12
50 565087 6258877 723831 6185066 12
51 531606 6149056 692369 6171188 8
52 565881 6236184 719783 6173144 3
53 591924 6240805 724368 6184718 16
54 507179 6176611 718910 6171709 10
55 535450 6215966 711004 6174193 7
56 573914 6227586 708702 6167054 10
57 573813 6224126 706812 6171620 9
58 526303 6227157 704779 6188005 10
59 551966 6086341 721952 6181105 3
60 494564 6180601 695169 6172145 12
61 575554 6233326 705394 6194122 10
62 535474 6171882 718594 6176589 17
63 561445 6223124 721688 6178481 12
64 497376 6101138 726193 6175244 4
65 551139 6084521 698743 6187713 6
66 524733 6256240 722615 6173411 8
67 563595 6260055 718397 6202151 11
68 454237 6216277 718031 6176003 10
69 525886 6101092 722924 6179233 14
70 569301 6336868 706865 6203640 10
71 528913 6152557 721263 6182812 8
72 571546 6224364 727868 6174548 3
73 467926 6149124 727518 6172495 7
74 571194 6204606 682274 6201550 3
75 607823 6101804 723118 6175229 17
76 518775 6122115 724691 6180413 15
77 489644 6172891 727363 6174416 6
78 512792 6134756 712940 6191162 14
79 609004 6077291 649602 6086289 6
80 518022 6123708 657619 6157036 6
81 529291 6148516 718450 6179787 13
82 588521 6138670 709708 6191229 5
83 552372 6192907 719830 6174927 17
84 531065 6148437 717591 6172170 16
85 563649 6259234 698087 6176940 12
86 549137 6100975 720244 6172776 14
87 524521 6104059 723100 6179516 13
88 546279 6151143 652079 6203996 5
89 593371 6136265 703702 6158884 7
90 460854 6268573 711713 6191285 14
91 526572 6183651 710950 6173907 10
92 575718 6233070 722006 6182438 6
93 531946 6124109 690023 6060711 16
94 554358 6191227 712122 6191519 9
95 584532 6139633 669685 6176898 4
96 587970 6135855 649386 6141704 7
97 573071 6221251 702599 6171971 9
98 490664 6087621 658371 6065672 10
99 587803 6141009 720272 6186784 15
100 529393 6149102 701301 6151281 12
101 530562 6153373 717030 6169899 8
102 558981 6320928 701205 6223205 10
103 534971 6225291 722724 6180512 14
104 565087 6258877 657026 6156420 13
105 568274 6227550 722319 6215968 13
106 534546 6174249 710492 6187668 6
107 523383 6254646 720256 6172341 13
108 484987 6131277 726072 6174218 7
109 565869 6083520 716739 6173142 10
110 484976 6146769 687776 6208967 13
111 500006 6222976 691132 6217096 4
112 550636 6086690 723544 6175957 8
113 506887 6174543 720227 6178031 14
114 523451 6254876 719311 6181885 12
115 548849 6249537 632251 6173172 14
116 604222 6102226 694441 6153193 15
117 561964 6222398 708908 6209317 8
118 590005 6139567 716807 6192498 13
119 521734 6252162 720891 6176457 13
120 571924 6224087 709710 6180556 15
121 552641 6191378 661117 6131695 17
122 567234 6260178 722267 6173129 9
123 504058 6136354 713156 6178209 15
124 588225 6140567 698967 6186537 8
125 486501 6199593 674923 6120125 7
126 529396 6123147 649748 6177494 3
127 604724 6231216 726158 6174969 7
128 574856 6218206 649630 6143190 3
129 486254 6199978 718844 6172832 8
130 553022 6086415 707172 6171494 15
131 608738 6233600 721667 6179802 10
132 588048 6140461 726755 6170419 3
133 566024 6085508 662207 6143453 17
134 606602 6074827 691606 6193897 16
135 576263 6232917 723818 6216523 14
136 523721 6076784 662651 6065887 10
137 518033 6142696 717224 6181556 10
138 558835 6332455 695792 6182386 15
139 524348 6172753 687849 6208704 4
140 562373 6260824 714121 6183050 8
141 577335 6233832 643146 6066046 12
142 536373 6189376 721942 6180059 3
143 533717 6170451 684846 6102917 9
144 558174 6369831 708727 6203653 5
145 527911 6223404 728558 6171612 11
146 575707 6233004 684991 6072884 15
147 562162 6260116 670134 6076842 6
148 573827 6223113 720411 6183133 4
149 534073 6220792 708570 6203779 15
150 530665 6152744 709823 6223099 17