50 33 6 22 60 10 1
0 677908 6150220 677908 6150220 0
1 532891 6223718 720683 6220162 4
2 498716 6221569 721520 6174303 17
3 573516 6226689 718607 6191423 10
4 588124 6228133 639863 6162558 5
5 537062 6222060 724421 6180436 4
6 602301 6147956 638158 6137786 6
7 471662 6105055 685597 6157244 4
8 563954 6257950 657716 6156345 17
9 570158 6224087 724079 6179620 5
10 445420 6212541 721747 6191123 4
11 532974 6172680 716296 6180966 8
12 575704 6232998 723944 6177582 12
13 545234 6089613 724034 6180167 4
14 570063 6255827 718939 6174629 11
15 570782 6224793 720260 6207482 6
16 574602 6226391 703791 6210825 7
17 571521 6221261 717829 6187552 5
18 559352 6219725 689170 6099308 7
19 565931 6236972 704930 6173568 8
20 513415 6173759 708746 6197146 16
21 614493 6254864 690749 6160832 5
22 572120 6223281 688373 6154999 5
23 459228 6154062 718306 6174283 7
24 570702 6225042 720869 6177066 7
25 565087 6258877 691570 6066322 16
26 564719 6230340 662989 6187584 8
27 568486 6219296 706084 6172268 7
28 446675 6234221 718975 6218509 7
29 610120 6089327 708968 6203918 10
30 517911 6186575 669697 6075756 8
31 531601 6245984 725886 6169914 14
32 505468 6088546 723284 6215260 16
33 562601 6260684 659256 6195317 7
34 575364 6213488 659835 6179337 13
35 558981 6320928 714116 6172693 9
36 469731 6196542 657180 6192941 16
37 551560 6153764 726176 6166730 9
38 611072 6081222 718474 6177041 14
39 518687 6123404 717873 6190872 13
40 554100 6235133 722340 6178695 12
41 582100 6258738 697736 6203426 15
42 572151 6223469 723907 6179260 15
43 448936 6221044 675100 6158539 13
44 475999 6148312 713247 6169397 5
45 590857 6365870 717550 6177078 7
46 538447 6202571 717011 6174870 6
47 553124 6317910 676191 6061763 10
48 574685 6225122 726671 6175259 8
49 508267 6200451 676349 6121125 12
50 573408 6222752 685451 6073040 9



