150 33 6 22 60 10 1
0 677908 6150220 677908 6150220 0
1 532891 6223718 720683 6220162 4
2 498716 6221569 721520 6174303 17
3 573516 6226689 718607 6191423 10
4 588124 6228133 639863 6162558 5
5 537062 6222060 724421 6180436 4
6 602301 6147956 638158 6137786 6
7 471662 6105055 685597 6157244 4
8 563954 6257950 657716 6156345 17
9 570158 6224087 724079 6179620 5
10 445420 6212541 721747 6191123 4
11 532974 6172680 716296 6180966 8
12 575704 6232998 723944 6177582 12
13 545234 6089613 724034 6180167 4
14 570063 6255827 718939 6174629 11
15 570782 6224793 720260 6207482 6
16 574602 6226391 703791 6210825 7
17 571521 6221261 717829 6187552 5
18 559352 6219725 689170 6099308 7
19 565931 6236972 704930 6173568 8
20 513415 6173759 708746 6197146 16
21 614493 6254864 690749 6160832 5
22 572120 6223281 688373 6154999 5
23 459228 6154062 718306 6174283 7
24 570702 6225042 720869 6177066 7
25 565087 6258877 691570 6066322 16
26 564719 6230340 662989 6187584 8
27 568486 6219296 706084 6172268 7
28 446675 6234221 718975 6218509 7
29 610120 6089327 708968 6203918 10
30 517911 6186575 669697 6075756 8
31 531601 6245984 725886 6169914 14
32 505468 6088546 723284 6215260 16
33 562601 6260684 659256 6195317 7
34 575364 6213488 659835 6179337 13
35 558981 6320928 714116 6172693 9
36 469731 6196542 657180 6192941 16
37 551560 6153764 726176 6166730 9
38 611072 6081222 718474 6177041 14
39 518687 6123404 717873 6190872 13
40 554100 6235133 722340 6178695 12
41 582100 6258738 697736 6203426 15
42 572151 6223469 723907 6179260 15
43 448936 6221044 675100 6158539 13
44 475999 6148312 713247 6169397 5
45 590857 6365870 717550 6177078 7
46 538447 6202571 717011 6174870 6
47 553124 6317910 676191 6061763 10
48 574685 6225122 726671 6175259 8
49 508267 6200451 676349 6121125 12
50 573408 6222752 685451 6073040 9
51 464691 6147641 640802 6070651 3
52 445420 6212541 688464 6121828 17
53 456279 6267555 718586 6172267 5
54 481638 6147500 718343 6201909 14
55 533605 6150775 724756 6177541 9
56 559240 6211879 716467 6189490 5
57 549490 6181744 712115 6209166 15
58 581851 6242396 698392 6212898 9
59 585035 6255127 720178 6207865 5
60 593306 6259432 722465 6176575 13
61 573853 6225595 669277 6176686 16
62 558174 6369831 720806 6191550 12
63 578162 6335661 718068 6192501 11
64 503444 6136503 724342 6176183 3
65 532879 6175019 721899 6173213 8
66 549189 6239861 722972 6180846 10
67 574188 6222517 715656 6174624 14
68 563211 6258136 711968 6167582 14
69 497386 6101095 728438 6172609 10
70 465523 6147477 661183 6131723 16
71 564455 6173569 722742 6175894 8
72 574421 6223616 722387 6177284 6
73 559214 6212000 718712 6200947 7
74 570296 6224619 679219 6176465 4
75 518445 6148917 684135 6073745 7
76 563970 6260385 695992 6218085 10
77 553001 6191248 705969 6172301 12
78 455256 6215189 721610 6178461 4
79 504391 6116393 717784 6210913 8
80 463449 6268326 718516 6180117 10
81 575387 6258876 719267 6179178 7
82 585872 6138104 718359 6210709 14
83 534298 6226397 722438 6177963 10
84 597368 6252788 722587 6178665 5
85 575698 6232997 699348 6147494 10
86 588333 6139272 686172 6099744 5
87 468219 6148329 691329 6193278 13
88 510493 6241445 721842 6210821 7
89 528913 6152557 658740 6201661 6
90 561445 6223124 716804 6170248 12
91 569239 6227022 717218 6175170 15
92 458953 6154187 709903 6173512 5
93 564718 6230337 720274 6173051 11
94 559318 6372819 689640 6099276 13
95 467425 6164400 722460 6178697 10
96 469600 6220709 713130 6184483 5
97 501341 6270895 726641 6174348 6
98 545601 6219099 723852 6184591 16
99 613250 6130377 640333 6157229 10
100 585140 6143455 694330 6169599 13
101 475402 6174726 720180 6175443 8
102 523246 6178558 710181 6198153 14
103 527941 6200634 723670 6177018 12
104 492181 6257297 703096 6134279 3
105 602808 6232746 688788 6209220 4
106 562601 6260684 707356 6171736 13
107 543349 6184606 721174 6177455 9
108 588987 6135401 715158 6134554 16
109 531253 6168416 701460 6153960 8
110 557655 6086160 718464 6178593 15
111 526971 6255753 710319 6182216 12
112 519866 6180529 720948 6193233 13
113 590800 6142466 648766 6142693 7
114 507679 6095093 690932 6062855 17
115 523225 6250773 714562 6220798 8
116 466780 6148643 649268 6143889 8
117 547939 6217017 718055 6176127 15
118 501781 6116119 678525 6085769 8
119 565881 6236184 646146 6075998 11
120 487115 6259043 709421 6166294 6
121 445922 6248457 725125 6179724 8
122 559318 6372819 726271 6172182 13
123 465747 6151604 708935 6195437 5
124 555463 6192032 723433 6176268 12
125 577335 6233831 705805 6171585 6
126 602802 6103970 684681 6159032 14
127 530317 6225535 715876 6169872 11
128 565161 6256707 726193 6175244 4
129 475402 6174726 720656 6212179 16
130 494053 6221013 654091 6063990 9
131 572569 6225702 722373 6173366 6
132 563359 6258348 637551 6133203 4
133 554242 6235546 709517 6174344 15
134 519382 6148921 723544 6175957 12
135 466384 6149112 725236 6176919 9
136 547668 6158204 638002 6162668 3
137 609281 6089400 726069 6174204 17
138 548245 6158703 693417 6132867 3
139 544208 6336591 724436 6177083 13
140 565993 6197214 664198 6158320 13
141 559929 6257838 723929 6177314 6
142 464504 6147731 719919 6183154 17
143 548084 6149951 692605 6194824 6
144 519530 6143193 715271 6182647 8
145 602029 6101827 717786 6170118 14
146 560829 6174212 719889 6179256 17
147 553448 6191591 719725 6199014 12
148 556180 6223641 721732 6189058 15
149 525634 6175874 676658 6084114 6
150 578951 6209439 714378 6192421 10



