150 33 6 22 60 10 1
0 677908 6150220 677908 6150220 0
1 589102 6141107 720445 6174094 11
2 491710 6250336 700635 6166282 10
3 561983 6239172 639776 6165743 9
4 464065 6206480 724050 6179607 6
5 529917 6151195 650574 6158208 12
6 455065 6216521 708344 6183508 12
7 465320 6146893 710145 6172852 14
8 601115 6102206 659742 6196523 11
9 552750 6190785 714274 6221241 13
10 584312 6139397 716808 6188569 4
11 512477 6185783 723223 6178173 4
12 565881 6236184 725316 6178516 11
13 557661 6192874 720602 6181329 5
14 500078 6269745 722909 6178310 13
15 553772 6190983 704983 6218631 12
16 601201 6102741 650211 6143651 14
17 586652 6137667 675739 6064452 13
18 480363 6178063 719286 6174665 12
19 558174 6369831 727591 6173459 14
20 569301 6336868 721740 6179833 12
21 529602 6149628 688638 6066752 12
22 610110 6089119 685375 6099223 15
23 466243 6147569 727247 6173344 14
24 547252 6158792 720234 6171527 3
25 601688 6098734 686488 6181892 3
26 549809 6100818 722720 6173194 10
27 517625 6143306 725894 6172170 12
28 564719 6230340 663248 6065181 13
29 575261 6225111 702611 6223244 15
30 478324 6153797 716867 6220310 3
31 574197 6222839 720891 6176457 16
32 483511 6257981 714316 6180207 9
33 480580 6091552 677652 6088645 11
34 609707 6074213 698871 6185847 14
35 609996 6089557 720215 6208109 6
36 592044 6140563 698282 6194382 4
37 586112 6136381 696275 6220307 5
38 575710 6226271 637710 6078139 15
39 578438 6202849 723904 6180112 11
40 577137 6229790 717398 6182604 16
41 548892 6101242 716434 6203330 16
42 591968 6138347 714881 6176375 4
43 613936 6133135 636804 6090537 11
44 574166 6225319 693726 6203334 3
45 525957 6178672 723262 6174599 11
46 509913 6220688 718024 6169678 17
47 556382 6223647 722641 6172870 5
48 589853 6141311 635651 6135564 7
49 488520 6167288 699086 6145012 3
50 579782 6270891 721791 6181108 11
51 603504 6101330 715704 6181121 7
52 502893 6126638 731013 6167971 15
53 573181 6218696 688656 6208200 12
54 519323 6097846 714143 6181226 10
55 530251 6151302 713838 6174253 4
56 543094 6083004 724817 6179625 6
57 487256 6108097 718578 6179768 16
58 564717 6230332 714028 6181092 14
59 615770 6090070 707251 6182634 10
60 602110 6103683 696713 6159709 12
61 563622 6259938 723084 6185498 15
62 547153 6158742 722119 6180985 3
63 591007 6240807 724738 6190345 15
64 507332 6200227 704670 6192982 4
65 549189 6239861 691915 6170089 7
66 569844 6224497 662172 6144070 4
67 616240 6255071 720324 6175458 6
68 542814 6175221 688335 6207882 3
69 510284 6143010 718355 6202344 8
70 513788 6173852 711657 6168917 17
71 563769 6259156 660758 6148339 9
72 570813 6224253 723589 6217095 7
73 530649 6123993 635572 6135818 8
74 457156 6237056 678375 6092518 8
75 584727 6140030 722633 6178811 15
76 565881 6236184 719002 6176850 14
77 570734 6204330 724438 6179906 8
78 564285 6258236 727609 6174827 10
79 506887 6174543 711618 6168771 8
80 486808 6259952 725866 6170285 17
81 547639 6217388 693524 6110345 15
82 497426 6101083 652683 6060978 9
83 530464 6153753 717777 6183635 3
84 575699 6233004 717089 6175065 14
85 563769 6259156 721557 6210840 12
86 574597 6224210 722130 6177345 15
87 575400 6213510 715814 6184628 8
88 530881 6134506 718157 6172035 5
89 574399 6227989 723022 6180812 10
90 574258 6226484 714527 6195595 13
91 488547 6101481 726146 6174870 7
92 600473 6235040 662661 6130315 11
93 564036 6173913 711583 6181296 12
94 548076 6101403 719242 6177962 15
95 575443 6258752 716807 6192498 6
96 600958 6101640 679231 6205966 5
97 564616 6230394 723538 6176001 8
98 468899 6174127 718406 6188032 6
99 535724 6226029 651205 6188350 15
100 467550 6147502 730047 6167299 9
101 574936 6226925 708560 6183683 15
102 563779 6260742 697408 6187326 13
103 573369 6225348 716256 6180670 17
104 525781 6085695 725998 6174175 11
105 494199 6148425 725419 6178655 7
106 558871 6370031 720443 6210478 14
107 475880 6246045 716456 6185241 3
108 527179 6258725 725089 6179316 3
109 558981 6320928 711365 6134372 16
110 597428 6247120 720837 6189389 14
111 570215 6256176 714766 6182718 15
112 564342 6257191 696794 6086965 9
113 523048 6074936 722433 6178401 17
114 529656 6145827 722767 6173210 7
115 547667 6101290 722512 6177882 3
116 573240 6222634 676969 6123250 3
117 520683 6283017 712684 6179661 7
118 592595 6249508 642619 6175732 15
119 516020 6087837 636463 6133480 10
120 581792 6242108 684224 6091375 3
121 545627 6153625 697726 6127768 6
122 585031 6139753 652860 6060612 3
123 595965 6220523 707838 6173065 3
124 590784 6365855 667166 6201943 17
125 535793 6083445 702498 6171967 10
126 559924 6369670 727056 6173078 3
127 520105 6122250 642796 6151171 9
128 527263 6094034 720272 6186784 9
129 574132 6225650 661987 6072954 16
130 529763 6153411 689504 6118030 6
131 564684 6241574 661651 6075521 17
132 508907 6221964 725936 6178351 13
133 602482 6102913 707532 6171081 5
134 535952 6229144 720616 6174716 14
135 604136 6103664 723197 6179278 10
136 563035 6258231 700159 6197805 7
137 510284 6143010 672880 6074989 5
138 578270 6197281 721883 6181106 6
139 566509 6235807 711874 6191153 5
140 546469 6165380 635848 6078617 13
141 597356 6148023 709449 6208728 10
142 604616 6229688 663779 6158547 16
143 577084 6233559 725103 6178552 5
144 604341 6136393 723375 6174721 9
145 569054 6158267 723522 6175096 15
146 449387 6238058 718023 6170023 5
147 551247 6313852 711201 6179982 5
148 613881 6131271 722196 6177369 11
149 529578 6096673 674832 6124470 7
150 574551 6223416 692101 6170890 5



