787 907 392 512
758 878 360 466
784 904 434 554
731 851 360 475
789 909 375 495
997 1117 401 521
925 1045 440 560
815 935 404 524
885 1005 408 528
717 837 372 492
837 957 376 496
815 935 437 557
876 996 450 570
825 945 394 514
762 882 452 572
779 899 410 530
762 882 409 529
852 972 444 564
848 968 413 533
770 890 429 549
890 1010 441 561
836 956 397 517
790 910 389 509
935 1055 382 502
859 979 387 507
800 920 401 521
934 1054 396 516
890 1010 360 472
761 881 390 510
734 854 380 500
733 853 416 536
868 988 400 520
960 1080 395 515
721 841 381 501
935 1055 416 536
851 971 360 460
882 1002 373 493
700 820 415 535
783 903 363 483
795 915 454 574
760 880 430 550
695 815 360 477
837 957 393 513
717 837 415 535
890 1010 406 526
754 874 380 500
784 904 421 541
797 917 360 479
854 974 365 485
822 942 442 562
806 926 360 472
764 884 363 483
691 811 399 519
870 990 419 539
843 963 366 486
742 862 400 520
927 1047 453 573
967 1087 417 537
845 965 389 509
791 911 411 531
785 905 376 496
735 855 360 436
772 892 401 521
743 863 421 541
740 860 392 512
723 843 434 554
952 1072 434 554
791 911 360 465
761 881 392 512
886 1006 437 557
855 975 430 550
815 935 370 490
829 949 413 533
932 1052 514 634
1001 1121 410 530
735 855 426 546
818 938 388 508
764 884 374 494
770 890 384 504
720 840 423 543
829 949 360 461
816 936 399 519
787 907 408 528
865 985 383 503
970 1090 460 580
805 925 405 525
719 839 412 532
780 900 488 608
741 861 437 557
745 865 390 510
852 972 360 457
897 1017 389 509
907 1027 435 555
924 1044 360 464
708 828 369 489
746 866 372 492
792 912 360 461
917 1037 389 509
735 855 408 528
758 878 366 486
