794 914 417 537
813 933 376 496
721 841 415 535
684 804 378 498
748 868 408 528
675 795 393 513
886 1006 445 565
737 857 404 524
720 840 438 558
948 1068 399 519
729 849 420 540
736 856 413 533
915 1035 422 542
873 993 368 488
798 918 429 549
797 917 418 538
740 860 434 554
885 1005 433 553
778 898 360 473
774 894 423 543
1050 1170 425 545
815 935 431 551
892 1012 379 499
782 902 367 487
841 961 444 564
772 892 360 478
819 939 368 488
963 1083 437 557
752 872 474 594
830 950 392 512
835 955 375 495
854 974 422 542
740 860 421 541
716 836 390 510
799 919 361 481
816 936 373 493
718 838 398 518
683 803 406 526
904 1024 395 515
762 882 415 535
814 934 381 501
767 887 398 518
956 1076 360 451
774 894 360 475
844 964 423 543
783 903 426 546
883 1003 424 544
745 865 407 527
858 978 360 471
807 927 458 578
938 1058 459 579
934 1054 390 510
911 1031 385 505
837 957 407 527
755 875 373 493
894 1014 370 490
749 869 393 513
814 934 443 563
793 913 444 564
778 898 395 515
748 868 360 473
870 990 422 542
930 1050 394 514
757 877 396 516
812 932 412 532
793 913 391 511
831 951 397 517
709 829 378 498
852 972 392 512
829 949 360 470
794 914 415 535
766 886 412 532
803 923 382 502
747 867 490 610
853 973 476 596
813 933 416 536
754 874 390 510
978 1098 429 549
795 915 447 567
889 1009 385 505
782 902 367 487
745 865 428 548
842 962 372 492
747 867 414 534
756 876 437 557
743 863 413 533
817 937 440 560
826 946 391 511
765 885 398 518
725 845 387 507
750 870 371 491
875 995 360 474
754 874 369 489
923 1043 456 576
869 989 393 513
1005 1125 364 484
831 951 370 490
763 883 421 541
698 818 419 539
716 836 418 538
830 950 407 527
850 970 381 501
816 936 375 495
896 1016 360 479
927 1047 441 561
763 883 391 511
723 843 370 490
653 773 397 517
904 1024 443 563
762 882 432 552
785 905 367 487
822 942 402 522
959 1079 365 485
821 941 415 535
946 1066 397 517
801 921 360 467
734 854 372 492
816 936 382 502
832 952 487 607
871 991 360 471
932 1052 393 513
900 1020 418 538
837 957 395 515
722 842 396 516
712 832 360 471
694 814 365 485
818 938 409 529
1002 1122 389 509
812 932 401 521
888 1008 431 551
763 883 394 514
721 841 411 531
787 907 364 484
792 912 374 494
895 1015 429 549
795 915 393 513
731 851 380 500
994 1114 360 456
927 1047 420 540
688 808 360 458
783 903 391 511
925 1045 398 518
898 1018 415 535
830 950 407 527
667 787 368 488
790 910 403 523
732 852 429 549
789 909 383 503
869 989 382 502
773 893 437 557
