100 33 6 22 60 10 1
0 677908 6150220 677908 6150220 0
1 584312 6139397 716808 6188569 4
2 512477 6185783 723223 6178173 4
3 565881 6236184 725316 6178516 11
4 557661 6192874 720602 6181329 5
5 500078 6269745 722909 6178310 13
6 553772 6190983 704983 6218631 12
7 601201 6102741 650211 6143651 14
8 586652 6137667 675739 6064452 13
9 480363 6178063 719286 6174665 12
10 558174 6369831 727591 6173459 14
11 569301 6336868 721740 6179833 12
12 529602 6149628 688638 6066752 12
13 610110 6089119 685375 6099223 15
14 466243 6147569 727247 6173344 14
15 547252 6158792 720234 6171527 3
16 601688 6098734 686488 6181892 3
17 549809 6100818 722720 6173194 10
18 517625 6143306 725894 6172170 12
19 564719 6230340 663248 6065181 13
20 575261 6225111 702611 6223244 15
21 478324 6153797 716867 6220310 3
22 574197 6222839 720891 6176457 16
23 483511 6257981 714316 6180207 9
24 480580 6091552 677652 6088645 11
25 609707 6074213 698871 6185847 14
26 609996 6089557 720215 6208109 6
27 592044 6140563 698282 6194382 4
28 586112 6136381 696275 6220307 5
29 575710 6226271 637710 6078139 15
30 578438 6202849 723904 6180112 11
31 577137 6229790 717398 6182604 16
32 548892 6101242 716434 6203330 16
33 591968 6138347 714881 6176375 4
34 613936 6133135 636804 6090537 11
35 574166 6225319 693726 6203334 3
36 525957 6178672 723262 6174599 11
37 509913 6220688 718024 6169678 17
38 556382 6223647 722641 6172870 5
39 589853 6141311 635651 6135564 7
40 488520 6167288 699086 6145012 3
41 579782 6270891 721791 6181108 11
42 603504 6101330 715704 6181121 7
43 502893 6126638 731013 6167971 15
44 573181 6218696 688656 6208200 12
45 519323 6097846 714143 6181226 10
46 530251 6151302 713838 6174253 4
47 543094 6083004 724817 6179625 6
48 487256 6108097 718578 6179768 16
49 564717 6230332 714028 6181092 14
50 615770 6090070 707251 6182634 10
51 602110 6103683 696713 6159709 12
52 563622 6259938 723084 6185498 15
53 547153 6158742 722119 6180985 3
54 591007 6240807 724738 6190345 15
55 507332 6200227 704670 6192982 4
56 549189 6239861 691915 6170089 7
57 569844 6224497 662172 6144070 4
58 616240 6255071 720324 6175458 6
59 542814 6175221 688335 6207882 3
60 510284 6143010 718355 6202344 8
61 513788 6173852 711657 6168917 17
62 563769 6259156 660758 6148339 9
63 570813 6224253 723589 6217095 7
64 530649 6123993 635572 6135818 8
65 457156 6237056 678375 6092518 8
66 584727 6140030 722633 6178811 15
67 565881 6236184 719002 6176850 14
68 570734 6204330 724438 6179906 8
69 564285 6258236 727609 6174827 10
70 506887 6174543 711618 6168771 8
71 486808 6259952 725866 6170285 17
72 547639 6217388 693524 6110345 15
73 497426 6101083 652683 6060978 9
74 530464 6153753 717777 6183635 3
75 575699 6233004 717089 6175065 14
76 563769 6259156 721557 6210840 12
77 574597 6224210 722130 6177345 15
78 575400 6213510 715814 6184628 8
79 530881 6134506 718157 6172035 5
80 574399 6227989 723022 6180812 10
81 574258 6226484 714527 6195595 13
82 488547 6101481 726146 6174870 7
83 600473 6235040 662661 6130315 11
84 564036 6173913 711583 6181296 12
85 548076 6101403 719242 6177962 15
86 575443 6258752 716807 6192498 6
87 600958 6101640 679231 6205966 5
88 564616 6230394 723538 6176001 8
89 468899 6174127 718406 6188032 6
90 535724 6226029 651205 6188350 15
91 467550 6147502 730047 6167299 9
92 574936 6226925 708560 6183683 15
93 563779 6260742 697408 6187326 13
94 573369 6225348 716256 6180670 17
95 525781 6085695 725998 6174175 11
96 494199 6148425 725419 6178655 7
97 558871 6370031 720443 6210478 14
98 475880 6246045 716456 6185241 3
99 527179 6258725 725089 6179316 3
100 558981 6320928 711365 6134372 16




