798 918 368 488
842 962 367 487
841 961 409 529
701 821 424 544
843 963 416 536
764 884 395 515
721 841 434 554
751 871 442 562
853 973 370 490
901 1021 378 498
826 946 415 535
775 895 406 526
773 893 406 526
873 993 403 523
942 1062 423 543
753 873 470 590
824 944 416 536
805 925 402 522
840 960 469 589
780 900 425 545
907 1027 456 576
733 853 376 496
819 939 366 486
847 967 455 575
701 821 365 485
789 909 387 507
706 826 440 560
713 833 447 567
754 874 430 550
708 828 438 558
730 850 377 497
771 891 406 526
722 842 360 479
657 777 393 513
778 898 498 618
920 1040 395 515
975 1095 425 545
794 914 433 553
711 831 375 495
783 903 360 454
780 900 374 494
774 894 384 504
858 978 418 538
864 984 432 552
787 907 391 511
866 986 360 477
785 905 398 518
862 982 390 510
813 933 371 491
742 862 381 501
810 930 360 463
809 929 404 524
929 1049 414 534
785 905 386 506
791 911 364 484
829 949 360 461
835 955 360 450
836 956 365 485
796 916 445 565
830 950 416 536
845 965 365 485
872 992 431 551
784 904 436 556
805 925 394 514
872 992 430 550
823 943 378 498
820 940 387 507
734 854 417 537
782 902 396 516
873 993 383 503
850 970 378 498
709 829 367 487
913 1033 435 555
792 912 391 511
721 841 413 533
894 1014 412 532
705 825 392 512
762 882 444 564
783 903 360 480
789 909 400 520
788 908 381 501
885 1005 414 534
817 937 360 466
743 863 419 539
745 865 403 523
837 957 388 508
737 857 469 589
817 937 430 550
819 939 409 529
749 869 371 491
893 1013 391 511
701 821 407 527
756 876 390 510
764 884 412 532
914 1034 374 494
941 1061 388 508
876 996 448 568
905 1025 425 545
886 1006 382 502
785 905 363 483
