30 33 6 22 60 10 1
0 677908 6150220 677908 6150220 0
1 470214 6227128 704974 6187689 15
2 527566 6151530 725920 6171153 16
3 574470 6220489 721735 6172681 10
4 615720 6254287 635549 6078720 11
5 574331 6229153 642394 6087294 5
6 572933 6221459 720445 6174094 16
7 534724 6176503 667347 6200876 16
8 525977 6100069 720838 6176573 11
9 603167 6256910 698384 6205845 10
10 554891 6232852 710329 6166924 14
11 610671 6088610 636913 6159494 17
12 485820 6111806 722049 6178078 14
13 615421 6254076 688131 6209144 3
14 564259 6258052 717215 6175185 6
15 529764 6222960 693876 6084034 5
16 485109 6251104 632262 6172762 11
17 500397 6148579 716752 6174692 15
18 474942 6164481 721394 6177473 6
19 581744 6237857 670074 6177817 8
20 491589 6088546 718321 6170178 13
21 552524 6193139 640709 6143124 13
22 574727 6227013 659585 6179186 16
23 459828 6154150 725541 6167868 6
24 533925 6225136 719836 6173647 11
25 533427 6173092 723961 6177501 5
26 615921 6254158 657940 6170567 4
27 523693 6076767 686354 6099867 11
28 574684 6227015 719962 6178008 9
29 483742 6225905 684169 6099506 9
30 478313 6244603 726829 6167226 13
