50 33 6 22 60 10 1
0 677908 6150220 677908 6150220 0
1 584312 6139397 716808 6188569 4
2 512477 6185783 723223 6178173 4
3 565881 6236184 725316 6178516 11
4 557661 6192874 720602 6181329 5
5 500078 6269745 722909 6178310 13
6 553772 6190983 704983 6218631 12
7 601201 6102741 650211 6143651 14
8 586652 6137667 675739 6064452 13
9 480363 6178063 719286 6174665 12
10 558174 6369831 727591 6173459 14
11 569301 6336868 721740 6179833 12
12 529602 6149628 688638 6066752 12
13 610110 6089119 685375 6099223 15
14 466243 6147569 727247 6173344 14
15 547252 6158792 720234 6171527 3
16 601688 6098734 686488 6181892 3
17 549809 6100818 722720 6173194 10
18 517625 6143306 725894 6172170 12
19 564719 6230340 663248 6065181 13
20 575261 6225111 702611 6223244 15
21 478324 6153797 716867 6220310 3
22 574197 6222839 720891 6176457 16
23 483511 6257981 714316 6180207 9
24 480580 6091552 677652 6088645 11
25 609707 6074213 698871 6185847 14
26 609996 6089557 720215 6208109 6
27 592044 6140563 698282 6194382 4
28 586112 6136381 696275 6220307 5
29 575710 6226271 637710 6078139 15
30 578438 6202849 723904 6180112 11
31 577137 6229790 717398 6182604 16
32 548892 6101242 716434 6203330 16
33 591968 6138347 714881 6176375 4
34 613936 6133135 636804 6090537 11
35 574166 6225319 693726 6203334 3
36 525957 6178672 723262 6174599 11
37 509913 6220688 718024 6169678 17
38 556382 6223647 722641 6172870 5
39 589853 6141311 635651 6135564 7
40 488520 6167288 699086 6145012 3
41 579782 6270891 721791 6181108 11
42 603504 6101330 715704 6181121 7
43 502893 6126638 731013 6167971 15
44 573181 6218696 688656 6208200 12
45 519323 6097846 714143 6181226 10
46 530251 6151302 713838 6174253 4
47 543094 6083004 724817 6179625 6
48 487256 6108097 718578 6179768 16
49 564717 6230332 714028 6181092 14
50 615770 6090070 707251 6182634 10



