860 980 404 524
812 932 395 515
720 840 411 531
805 925 452 572
780 900 478 598
706 826 374 494
832 952 414 534
831 951 417 537
799 919 402 522
777 897 381 501
700 820 430 550
836 956 393 513
784 904 426 546
744 864 362 482
791 911 418 538
908 1028 389 509
758 878 370 490
844 964 410 530
750 870 360 466
876 996 390 510
661 781 386 506
748 868 401 521
857 977 392 512
792 912 396 516
769 889 409 529
819 939 360 462
802 922 386 506
722 842 411 531
892 1012 447 567
878 998 374 494
801 921 409 529
676 796 367 487
685 805 362 482
764 884 386 506
954 1074 411 531
701 821 397 517
776 896 388 508
767 887 410 530
865 985 400 520
801 921 360 465
995 1115 381 501
756 876 362 482
810 930 419 539
805 925 428 548
767 887 432 552
815 935 433 553
895 1015 363 483
724 844 360 467
771 891 407 527
997 1117 377 497
735 855 444 564
829 949 369 489
781 901 375 495
769 889 374 494
815 935 368 488
771 891 365 485
719 839 392 512
747 867 422 542
762 882 404 524
737 857 430 550
872 992 410 530
872 992 394 514
787 907 449 569
872 992 360 457
731 851 372 492
895 1015 360 475
703 823 391 511
758 878 372 492
723 843 360 451
833 953 398 518
716 836 441 561
959 1079 426 546
724 844 433 553
706 826 425 545
760 880 428 548
745 865 360 464
812 932 508 628
770 890 372 492
793 913 401 521
826 946 390 510
937 1057 399 519
859 979 414 534
707 827 362 482
745 865 451 571
695 815 387 507
836 956 360 458
794 914 372 492
728 848 421 541
878 998 399 519
823 943 360 460
931 1051 444 564
852 972 392 512
795 915 461 581
760 880 480 600
785 905 368 488
970 1090 420 540
804 924 396 516
746 866 424 544
817 937 380 500
701 821 369 489
