150 33 6 22 60 10 1
0 677908 6150220 677908 6150220 0 
1 610671 6088610 636913 6159494 17
2 485820 6111806 722049 6178078 14
3 615421 6254076 688131 6209144 3
4 564259 6258052 717215 6175185 6
5 529764 6222960 693876 6084034 5
6 485109 6251104 632262 6172762 11
7 500397 6148579 716752 6174692 15
8 474942 6164481 721394 6177473 6
9 581744 6237857 670074 6177817 8
10 491589 6088546 718321 6170178 13
11 552524 6193139 640709 6143124 13
12 574727 6227013 659585 6179186 16
13 459828 6154150 725541 6167868 6
14 533925 6225136 719836 6173647 11
15 533427 6173092 723961 6177501 5
16 615921 6254158 657940 6170567 4
17 523693 6076767 686354 6099867 11
18 574684 6227015 719962 6178008 9
19 483742 6225905 684169 6099506 9
20 478313 6244603 726829 6167226 13
21 573532 6230885 658032 6081691 9
22 574359 6224340 654767 6185269 16
23 555233 6192491 713085 6169929 12
24 575020 6212907 727945 6174069 3
25 530372 6134646 683346 6082035 13
26 590982 6142551 687188 6161725 7
27 588987 6135401 709031 6203861 3
28 598831 6147436 688775 6135270 3
29 545112 6158907 685488 6071992 12
30 533530 6170874 675752 6123049 8
31 470085 6195109 722319 6183712 3
32 596980 6120648 699268 6185553 11
33 568105 6233579 725168 6174629 10
34 522126 6102021 723717 6213658 13
35 573241 6225585 715730 6221135 16
36 520524 6283101 718355 6188224 10
37 557210 6322362 704123 6193066 3
38 575715 6233072 700354 6153113 15
39 591698 6231415 723136 6184197 15
40 570766 6203712 708884 6204068 5
41 580571 6142151 720617 6211329 14
42 455166 6165096 693548 6170558 14
43 565881 6236184 721309 6179085 13
44 571517 6219808 723263 6178239 11
45 533493 6174730 719251 6175356 10
46 531772 6208497 719633 6181849 3
47 567762 6211622 719962 6178008 11
48 571899 6214089 723991 6180148 14
49 587125 6250622 723167 6213628 17
50 569859 6228097 716637 6176843 5
51 471662 6105055 712634 6216229 11
52 491134 6293731 722568 6177518 16
53 604876 6146832 678865 6206730 4
54 552625 6187558 674873 6131950 9
55 547219 6217109 709745 6182171 17
56 457059 6254341 648643 6142563 15
57 548241 6216937 693775 6133941 14
58 565881 6236184 726850 6174710 8
59 555985 6089759 675172 6141589 12
60 570576 6235607 715941 6174492 17
61 573556 6222719 722688 6174964 3
62 557647 6367210 688295 6154632 10
63 588650 6138086 719425 6199889 15
64 591622 6133080 723368 6177211 6
65 550540 6099289 714651 6192727 16
66 569124 6221331 692561 6170383 10
67 574590 6224761 646008 6125516 12
68 616066 6253206 719615 6183062 9
69 484659 6172926 720007 6183175 12
70 528913 6152557 721383 6174339 7
71 446675 6234221 721737 6191291 9
72 492186 6088456 727520 6173817 17
73 586643 6139541 714164 6178664 6
74 585783 6135931 714234 6221025 7
75 577299 6228915 666360 6200829 8
76 533687 6232790 677076 6124305 3
77 528998 6077651 720605 6174828 13
78 574533 6228148 719463 6171739 12
79 561445 6223124 715587 6195470 3
80 473427 6169483 700186 6153389 8
81 549909 6100615 722050 6211236 3
82 491994 6088326 724856 6178466 7
83 532986 6174786 710158 6094459 14
84 586124 6135874 686499 6143831 5
85 569239 6227022 722664 6180632 4
86 527179 6258725 684559 6072732 9
87 532306 6148387 726654 6181034 14
88 509508 6173487 713056 6183824 6
89 533457 6226694 709712 6198124 13
90 574655 6224752 725912 6170846 7
91 535265 6174926 710066 6183720 15
92 545118 6123975 677114 6150303 14
93 531149 6120845 677727 6063695 8
94 490480 6196727 720189 6174399 3
95 558101 6367006 667178 6202737 10
96 574695 6227014 718909 6177236 12
97 568893 6325934 649160 6143662 6
98 554288 6191350 692614 6195075 12
99 589048 6140809 726041 6174044 9
100 522910 6074776 716600 6175636 7
101 520798 6122498 727278 6174415 10
102 569301 6336868 707861 6166620 4
103 574251 6210919 718642 6171720 5
104 575357 6228431 710033 6167198 8
105 539722 6200222 704674 6214328 5
106 535540 6175538 707102 6164954 6
107 565086 6259577 720707 6178938 8
108 577334 6233832 718661 6171856 16
109 588821 6135940 723030 6178052 4
110 569239 6227022 714970 6176394 11
111 568331 6256447 723165 6175848 16
112 526715 6238597 728907 6173523 14
113 574523 6226160 715468 6179574 10
114 586112 6136381 722803 6177226 17
115 558981 6320928 676361 6121581 12
116 530030 6148138 695024 6172441 16
117 531337 6194051 680918 6156270 10
118 529531 6149777 717691 6175458 7
119 504444 6116401 721080 6176695 9
120 562759 6258527 719049 6176661 11
121 574834 6223529 692310 6193012 17
122 558981 6320928 727087 6174042 14
123 527417 6100777 666543 6201204 17
124 568486 6219296 696322 6160051 12
125 591086 6141863 718566 6174597 3
126 569054 6158267 694488 6112412 7
127 528188 6127249 689302 6206647 6
128 561551 6222942 720381 6182587 8
129 565881 6236184 717941 6177781 6
130 563600 6255182 703664 6136983 8
131 552475 6191216 725886 6169914 16
132 534749 6174257 720335 6175407 15
133 464963 6147183 706245 6170967 4
134 589179 6140321 719735 6187297 13
135 587662 6241429 720415 6174856 15
136 568488 6259308 723655 6179968 9
137 569239 6227022 706344 6172421 11
138 567705 6227865 723407 6179389 5
139 572896 6214889 710560 6175356 16
140 565881 6236184 675405 6122705 4
141 573071 6221251 691745 6096396 9
142 468823 6162639 689846 6111660 11
143 454285 6216133 722052 6177701 7
144 593723 6399460 694667 6112568 13
145 470928 6278475 721477 6191958 3
146 540751 6166976 725267 6174832 13
147 564719 6230340 698595 6185372 4
148 588296 6138342 663376 6196450 3
149 562275 6259022 723847 6184821 9
150 616240 6255071 683168 6072429 7
                              


