150 33 6 22 60 10 1
0 677908 6150220 677908 6150220 0
1 456001 6182195 650638 6158021 14
2 573561 6220766 716363 6174302 8
3 574202 6222406 714911 6181038 16
4 559067 6224221 724924 6185533 5
5 482985 6299268 632526 6172942 6
6 530776 6123111 711403 6168676 10
7 450058 6275276 714979 6193940 6
8 457059 6254341 682601 6209485 8
9 481833 6147085 686102 6142444 16
10 579030 6318462 717131 6191935 16
11 492235 6232949 701615 6165997 17
12 569830 6223995 678177 6147804 4
13 545397 6153675 710735 6222413 12
14 574717 6227013 724704 6177700 12
15 576668 6228969 708980 6204284 6
16 587925 6138556 677024 6121803 13
17 531010 6224730 722709 6177533 3
18 563296 6173743 698422 6156438 14
19 547109 6158315 703229 6087958 15
20 521717 6221711 661038 6072663 8
21 460598 6202846 719370 6181877 12
22 562709 6259498 717531 6184056 8
23 465298 6150065 722935 6174716 13
24 465532 6222400 668369 6075589 4
25 548266 6190586 720196 6206480 3
26 563600 6255182 718316 6180075 11
27 565512 6259203 721720 6173931 16
28 533784 6170531 721058 6176701 14
29 496047 6100558 718122 6191533 17
30 570902 6224382 725781 6175594 4
31 523735 6076792 693224 6169382 7
32 558174 6369831 699534 6110505 10
33 572378 6227023 708663 6183999 15
34 531595 6121089 686167 6208062 15
35 481004 6146967 661986 6072956 12
36 527179 6258725 720053 6185559 4
37 574690 6226249 718321 6172508 10
38 587535 6144229 671803 6064208 5
39 575096 6224663 667092 6201519 11
40 603456 6232450 720256 6173988 13
41 556235 6223229 689479 6170225 4
42 507451 6267191 719072 6179016 4
43 485525 6131869 718762 6207931 13
44 526726 6238828 701830 6146737 10
45 609878 6089368 722137 6180222 6
46 497885 6222434 715574 6181145 14
47 565087 6258877 697462 6159686 10
48 467692 6148162 700098 6149878 6
49 547670 6158034 673697 6206064 12
50 568274 6227550 712259 6183737 9
51 561445 6223124 717188 6178230 12
52 535508 6226153 684154 6202383 8
53 503723 6135829 714315 6220590 14
54 534100 6226226 691601 6167322 12
55 524808 6255640 722708 6173970 11
56 490174 6088706 701714 6188937 7
57 571881 6223463 719213 6180299 15
58 580684 6141847 719275 6177589 15
59 531950 6124110 727762 6174679 10
60 570365 6223838 710291 6181146 7
61 526419 6100825 723144 6214421 13
62 574176 6228606 718564 6174490 12
63 465734 6147116 685543 6192535 3
64 563866 6260752 721690 6179724 11
65 585152 6140536 677100 6123734 17
66 503444 6136503 717262 6187995 3
67 477205 6216954 719195 6180824 15
68 541948 6162255 718885 6172863 15
69 562140 6259809 648340 6141967 8
70 563359 6258348 725510 6185322 12
71 555263 6192416 712578 6208559 15
72 589711 6141402 718155 6198332 14
73 548329 6100790 722638 6176172 16
74 531353 6123893 720693 6177682 3
75 566827 6236500 687430 6165446 5
76 516229 6196190 717944 6176594 7
77 558981 6320928 722356 6179740 4
78 565011 6258729 692874 6169267 13
79 608774 6078953 654530 6175195 8
80 507672 6146041 725047 6185656 14
81 564484 6244145 714997 6192038 12
82 522822 6075035 723052 6182025 10
83 533510 6226700 692008 6192905 10
84 583063 6144187 719932 6178032 10
85 578205 6335640 719003 6183251 12
86 468198 6148177 714375 6221017 11
87 575236 6225171 719063 6204239 16
88 547677 6185370 644119 6076965 16
89 523726 6076787 691607 6216748 6
90 565487 6215460 701504 6124259 7
91 574706 6227014 675096 6122334 4
92 572195 6226635 722438 6177963 15
93 518888 6122143 724826 6177712 16
94 531570 6151682 726193 6175244 15
95 591801 6138834 675246 6123859 6
96 563622 6258232 716283 6174562 8
97 464471 6148159 723397 6214129 7
98 565018 6258555 717033 6175619 4
99 564718 6230335 722263 6178717 11
100 594245 6122856 676568 6060748 3
101 577125 6233972 723579 6176411 3
102 558758 6369357 717588 6181017 12
103 534447 6225120 697122 6087006 17
104 557519 6254500 645118 6154479 15
105 581553 6238183 715795 6174565 4
106 515322 6190076 695676 6182956 6
107 558174 6369831 720729 6178092 4
108 552800 6191831 722566 6178952 17
109 563568 6259369 698575 6185721 17
110 568431 6218649 724734 6178350 3
111 535540 6175538 681737 6113495 12
112 572080 6223133 727611 6174233 15
113 553124 6317910 722191 6177178 17
114 553240 6191564 703388 6205006 4
115 578046 6204281 723390 6178456 6
116 534109 6227114 661183 6131723 7
117 588125 6140042 718419 6179045 13
118 532287 6226114 726041 6174043 3
119 574883 6211635 707001 6171583 10
120 613881 6131271 705215 6202763 8
121 565881 6236184 702446 6111085 3
122 518687 6148555 724347 6181918 17
123 465721 6147044 702864 6089669 17
124 602241 6103855 691384 6192560 6
125 575229 6211660 724696 6180190 17
126 473357 6169054 708465 6195872 14
127 574098 6210954 723902 6192927 7
128 534588 6226576 651229 6142828 10
129 558981 6320928 676999 6124871 16
130 555985 6089759 718661 6171856 7
131 574082 6226368 726839 6174554 9
132 579592 6246046 653453 6147162 4
133 468119 6244013 716662 6179588 10
134 605269 6229248 718653 6172816 9
135 534661 6174121 723870 6216318 6
136 459822 6154150 718456 6179348 10
137 533510 6224694 725105 6176356 14
138 545622 6153212 686422 6100397 3
139 529578 6096581 709031 6203861 7
140 554339 6179896 726128 6169572 6
141 514894 6148976 714981 6202539 11
142 553690 6191184 729282 6171768 7
143 539837 6084842 650725 6189757 16
144 584872 6137120 652713 6060841 17
145 575190 6223098 711441 6167827 4
146 491802 6088564 717315 6170494 7
147 541644 6248582 710916 6180041 17
148 564570 6258312 719835 6176486 13
149 509019 6158430 679457 6176759 5
150 603456 6232450 725478 6178638 3



