725 845 369 489
953 1073 370 490
900 1020 415 535
848 968 435 555
833 953 360 470
883 1003 392 512
828 948 415 535
676 796 370 490
833 953 436 556
732 852 368 488
841 961 403 523
842 962 417 537
731 851 385 505
872 992 389 509
809 929 468 588
700 820 360 472
744 864 444 564
784 904 430 550
890 1010 391 511
792 912 420 540
809 929 444 564
756 876 406 526
853 973 416 536
765 885 375 495
729 849 360 465
751 871 415 535
896 1016 402 522
828 948 409 529
811 931 428 548
858 978 410 530
775 895 400 520
836 956 414 534
896 1016 413 533
625 745 397 517
773 893 406 526
793 913 410 530
742 862 450 570
785 905 407 527
819 939 395 515
713 833 412 532
742 862 431 551
677 797 446 566
746 866 419 539
787 907 381 501
857 977 412 532
788 908 402 522
854 974 365 485
742 862 397 517
828 948 360 454
908 1028 407 527
652 772 393 513
793 913 418 538
744 864 443 563
741 861 367 487
847 967 360 477
805 925 400 520
960 1080 425 545
828 948 371 491
726 846 363 483
791 911 360 463
773 893 396 516
778 898 435 555
819 939 425 545
788 908 364 484
721 841 360 461
796 916 360 450
702 822 365 485
886 1006 457 577
866 986 383 503
789 909 365 485
814 934 360 456
781 901 454 574
720 840 416 536
918 1038 388 508
772 892 378 498
821 941 413 533
765 885 418 538
795 915 407 527
814 934 383 503
813 933 378 498
764 884 367 487
935 1055 449 569
794 914 385 505
819 939 370 490
836 956 431 551
702 822 414 534
762 882 390 510
811 931 360 480
777 897 421 541
744 864 426 546
863 983 386 506
719 839 478 598
850 970 367 487
768 888 388 508
759 879 399 519
767 887 487 607
805 925 410 530
812 932 371 491
774 894 408 528
890 1010 391 511
742 862 370 490
759 879 364 484
730 850 375 495
864 984 430 550
865 985 396 516
865 985 397 517
850 970 365 485
841 961 383 503
810 930 423 543
754 874 396 516
789 909 417 537
857 977 401 521
808 928 405 525
917 1037 395 515
712 832 365 485
761 881 360 459
825 945 362 482
725 845 368 488
767 887 378 498
771 891 482 602
766 886 382 502
742 862 462 582
748 868 438 558
856 976 406 526
833 953 396 516
840 960 367 487
750 870 382 502
769 889 392 512
771 891 432 552
811 931 360 470
768 888 403 523
760 880 378 498
750 870 468 588
797 917 373 493
733 853 373 493
746 866 392 512
848 968 470 590
702 822 423 543
796 916 368 488
808 928 454 574
693 813 400 520
752 872 389 509
835 955 370 490
715 835 391 511
670 790 391 511
892 1012 360 479
836 956 384 504
769 889 389 509
789 909 360 462
790 910 360 477
