30 33 6 22 60 10 1
0 677908 6150220 677908 6150220 0
1 545244 6157347 681736 6202205 13
2 533203 6173313 701138 6151297 13
3 562307 6223347 652039 6171578 12
4 602378 6102041 715238 6169802 3
5 548134 6158204 719124 6184427 12
6 525924 6100351 723486 6178632 13
7 521959 6153840 723734 6174878 5
8 534033 6225018 719290 6179227 4
9 615509 6254278 726163 6176155 10
10 530279 6147994 701535 6149745 15
11 565076 6258543 649349 6143788 10
12 521794 6186030 683341 6082139 15
13 547316 6092003 693328 6218644 9
14 570640 6217484 712360 6186497 15
15 528634 6122391 699242 6145020 8
16 531257 6123493 676778 6122151 4
17 545983 6158761 727412 6176289 17
18 463884 6151119 712877 6208050 11
19 495610 6178559 724400 6176858 10
20 574717 6227013 718343 6201909 17
21 534643 6121290 701712 6223742 12
22 460548 6178831 724741 6180242 15
23 521842 6185938 721167 6176441 5
24 523424 6258056 708879 6184748 9
25 522232 6207630 726250 6175111 10
26 533251 6224481 725368 6188213 15
27 490296 6119537 638448 6078069 4
28 454074 6215598 647218 6141401 11
29 561445 6223124 719623 6184877 4
30 565881 6236184 726534 6174565 16
