780 900 387 507
840 960 428 548
775 895 382 502
931 1051 401 521
776 896 360 470
882 1002 392 512
849 969 389 509
787 907 370 490
811 931 419 539
698 818 368 488
988 1108 367 487
788 908 402 522
761 881 367 487
897 1017 401 521
787 907 395 515
703 823 376 496
745 865 426 546
795 915 394 514
868 988 395 515
876 996 403 523
820 940 461 581
728 848 411 531
823 943 419 539
777 897 375 495
753 873 360 465
710 830 398 518
917 1037 374 494
838 958 461 581
799 919 448 568
849 969 435 555
726 846 408 528
877 997 384 504
967 1087 395 515
671 791 365 485
745 865 387 507
797 917 362 482
981 1101 416 536
773 893 432 552
714 834 423 543
735 855 377 497
781 901 406 526
745 865 360 479
678 798 418 538
763 883 483 603
775 895 424 544
765 885 371 491
819 939 365 485
758 878 397 517
857 977 360 454
857 977 425 545
822 942 439 559
820 940 433 553
789 909 409 529
751 871 367 487
754 874 360 477
747 867 384 504
867 987 406 526
734 854 371 491
708 828 424 544
683 803 438 558
789 909 397 517
721 841 388 508
717 837 411 531
834 954 364 484
883 1003 360 461
777 897 360 450
913 1033 424 544
737 857 423 543
848 968 465 585
815 935 379 499
813 933 383 503
793 913 413 533
795 915 416 536
997 1117 375 495
786 906 378 498
767 887 413 533
967 1087 429 549
771 891 411 531
823 943 360 476
907 1027 405 525
701 821 405 525
899 1019 453 573
807 927 433 553
750 870 370 490
794 914 412 532
698 818 413 533
743 863 404 524
766 886 360 480
775 895 374 494
814 934 415 535
934 1054 429 549
737 857 360 466
709 829 390 510
751 871 388 508
778 898 388 508
802 922 447 567
800 920 385 505
823 943 384 504
758 878 407 527
909 1029 406 526
669 789 370 490
813 933 364 484
729 849 413 533
813 933 428 548
869 989 401 521
893 1013 437 557
843 963 365 485
844 964 368 488
818 938 387 507
750 870 382 502
764 884 394 514
796 916 431 551
810 930 379 499
794 914 382 502
725 845 415 535
773 893 360 459
813 933 390 510
742 862 388 508
782 902 378 498
721 841 372 492
868 988 360 465
760 880 433 553
698 818 454 574
818 938 400 520
880 1000 473 593
907 1027 389 509
857 977 416 536
882 1002 430 550
790 910 432 552
785 905 360 470
806 926 403 523
798 918 438 558
764 884 360 471
730 850 412 532
659 779 425 545
815 935 369 489
863 983 425 545
993 1113 404 524
742 862 435 555
857 977 406 526
731 851 469 589
709 829 360 462
724 844 384 504
707 827 403 523
670 790 404 524
972 1092 360 479
871 991 413 533
655 775 387 507
902 1022 360 462
736 856 478 598
870 990 373 493
778 898 400 520
791 911 441 561
727 847 424 544
761 881 360 471
926 1046 360 475
775 895 433 553
920 1040 360 477
734 854 410 530
815 935 448 568
766 886 483 603
868 988 363 483
758 878 364 484
836 956 464 584
723 843 378 498
867 987 386 506
760 880 417 537
770 890 368 488
866 986 393 513
792 912 380 500
701 821 399 519
837 957 366 486
702 822 396 516
746 866 490 610
909 1029 406 526
697 817 377 497
852 972 381 501
823 943 409 529
834 954 404 524
700 820 360 448
807 927 366 486
826 946 384 504
802 922 360 478
808 928 395 515
849 969 399 519
845 965 397 517
797 917 440 560
809 929 372 492
755 875 447 567
842 962 360 471
772 892 373 493
791 911 365 485
737 857 413 533
822 942 419 539
680 800 386 506
695 815 386 506
805 925 399 519
819 939 425 545
887 1007 423 543
754 874 414 534
