798 918 413 533
868 988 376 496
784 904 423 543
683 803 378 498
944 1064 408 528
647 767 377 497
827 947 360 444
797 917 372 492
819 939 438 558
895 1015 387 507
797 917 395 515
735 855 375 495
736 856 422 542
763 883 427 547
803 923 401 521
763 883 418 538
837 957 423 543
802 922 386 506
862 982 360 473
828 948 382 502
718 838 431 551
824 944 360 446
935 1055 389 509
771 891 403 523
794 914 444 564
761 881 386 506
788 908 360 472
884 1004 396 516
684 804 436 556
835 955 494 614
875 995 415 535
861 981 459 579
804 924 460 580
732 852 418 538
841 961 361 481
824 944 405 525
726 846 388 508
717 837 372 492
781 901 405 525
777 897 374 494
747 867 381 501
808 928 392 512
949 1069 395 515
872 992 410 530
813 933 364 484
769 889 381 501
921 1041 423 543
712 832 408 528
763 883 391 511
782 902 457 577
942 1062 424 544
881 1001 360 477
848 968 414 534
840 960 407 527
765 885 373 493
725 845 440 560
775 895 393 513
744 864 443 563
810 930 437 557
782 902 392 512
739 859 360 473
896 1016 436 556
798 918 402 522
996 1116 388 508
789 909 395 515
795 915 397 517
685 805 406 526
841 961 377 497
787 907 392 512
809 929 360 470
745 865 369 489
757 877 389 509
730 850 382 502
736 856 360 460
812 932 475 595
815 935 390 510
740 860 374 494
971 1091 415 535
862 982 459 579
875 995 370 490
838 958 412 532
760 880 461 581
745 865 372 492
804 924 428 548
713 833 360 461
691 811 366 486
877 997 388 508
844 964 440 560
821 941 437 557
740 860 391 511
729 849 371 491
918 1038 377 497
721 841 369 489
891 1011 409 529
886 1006 372 492
905 1025 431 551
844 964 424 544
771 891 414 534
737 857 360 478
698 818 409 529
844 964 367 487
780 900 381 501
783 903 414 534
873 993 436 556
702 822 433 553
787 907 360 479
739 859 386 506
732 852 410 530
896 1016 360 461
802 922 374 494
780 900 367 487
807 927 413 533
649 769 384 504
828 948 415 535
841 961 427 547
889 1009 403 523
762 882 398 518
841 961 402 522
843 963 453 573
916 1036 396 516
916 1036 393 513
868 988 376 496
898 1018 417 537
760 880 412 532
712 832 398 518
674 794 360 455
768 888 415 535
759 879 384 504
925 1045 421 541
837 957 437 557
825 945 366 486
808 928 396 516
732 852 411 531
795 915 374 494
909 1029 394 514
730 850 393 513
663 783 407 527
717 837 360 456
833 953 418 538
708 828 360 458
824 944 391 511
929 1049 419 539
820 940 406 526
738 858 367 487
702 822 368 488
723 843 395 515
832 952 415 535
814 934 383 503
752 872 382 502
691 811 408 528
1034 1154 402 522
916 1036 431 551
788 908 428 548
775 895 400 520
779 899 391 511
763 883 416 536
746 866 409 529
814 934 381 501
766 886 394 514
758 878 418 538
817 937 400 520
856 976 379 499
794 914 391 511
803 923 370 490
792 912 390 510
974 1094 377 497
838 958 385 505
805 925 422 542
698 818 360 476
756 876 375 495
817 937 364 484
675 795 424 544
800 920 404 524
782 902 360 480
746 866 372 492
647 767 368 488
760 880 397 517
739 859 412 532
763 883 436 556
816 936 408 528
808 928 408 528
826 946 362 482
794 914 414 534
674 794 389 509
882 1002 413 533
870 990 431 551
778 898 413 533
704 824 384 504
695 815 360 469
738 858 427 547
717 837 415 535
781 901 396 516
748 868 390 510
727 847 372 492
729 849 366 486
859 979 421 541
802 922 428 548
850 970 402 522
704 824 379 499
824 944 360 480
