200 33 6 22 60 10 1
0 677908 6150220 677908 6150220 0
1 470214 6227128 704974 6187689 15
2 527566 6151530 725920 6171153 16
3 574470 6220489 721735 6172681 10
4 615720 6254287 635549 6078720 11
5 574331 6229153 642394 6087294 5
6 572933 6221459 720445 6174094 16
7 534724 6176503 667347 6200876 16
8 525977 6100069 720838 6176573 11
9 603167 6256910 698384 6205845 10
10 554891 6232852 710329 6166924 14
11 610671 6088610 636913 6159494 17
12 485820 6111806 722049 6178078 14
13 615421 6254076 688131 6209144 3
14 564259 6258052 717215 6175185 6
15 529764 6222960 693876 6084034 5
16 485109 6251104 632262 6172762 11
17 500397 6148579 716752 6174692 15
18 474942 6164481 721394 6177473 6
19 581744 6237857 670074 6177817 8
20 491589 6088546 718321 6170178 13
21 552524 6193139 640709 6143124 13
22 574727 6227013 659585 6179186 16
23 459828 6154150 725541 6167868 6
24 533925 6225136 719836 6173647 11
25 533427 6173092 723961 6177501 5
26 615921 6254158 657940 6170567 4
27 523693 6076767 686354 6099867 11
28 574684 6227015 719962 6178008 9
29 483742 6225905 684169 6099506 9
30 478313 6244603 726829 6167226 13
31 573532 6230885 658032 6081691 9
32 574359 6224340 654767 6185269 16
33 555233 6192491 713085 6169929 12
34 575020 6212907 727945 6174069 3
35 530372 6134646 683346 6082035 13
36 590982 6142551 687188 6161725 7
37 588987 6135401 709031 6203861 3
38 598831 6147436 688775 6135270 3
39 545112 6158907 685488 6071992 12
40 533530 6170874 675752 6123049 8
41 470085 6195109 722319 6183712 3
42 596980 6120648 699268 6185553 11
43 568105 6233579 725168 6174629 10
44 522126 6102021 723717 6213658 13
45 573241 6225585 715730 6221135 16
46 520524 6283101 718355 6188224 10
47 557210 6322362 704123 6193066 3
48 575715 6233072 700354 6153113 15
49 591698 6231415 723136 6184197 15
50 570766 6203712 708884 6204068 5
51 580571 6142151 720617 6211329 14
52 455166 6165096 693548 6170558 14
53 565881 6236184 721309 6179085 13
54 571517 6219808 723263 6178239 11
55 533493 6174730 719251 6175356 10
56 531772 6208497 719633 6181849 3
57 567762 6211622 719962 6178008 11
58 571899 6214089 723991 6180148 14
59 587125 6250622 723167 6213628 17
60 569859 6228097 716637 6176843 5
61 471662 6105055 712634 6216229 11
62 491134 6293731 722568 6177518 16
63 604876 6146832 678865 6206730 4
64 552625 6187558 674873 6131950 9
65 547219 6217109 709745 6182171 17
66 457059 6254341 648643 6142563 15
67 548241 6216937 693775 6133941 14
68 565881 6236184 726850 6174710 8
69 555985 6089759 675172 6141589 12
70 570576 6235607 715941 6174492 17
71 573556 6222719 722688 6174964 3
72 557647 6367210 688295 6154632 10
73 588650 6138086 719425 6199889 15
74 591622 6133080 723368 6177211 6
75 550540 6099289 714651 6192727 16
76 569124 6221331 692561 6170383 10
77 574590 6224761 646008 6125516 12
78 616066 6253206 719615 6183062 9
79 484659 6172926 720007 6183175 12
80 528913 6152557 721383 6174339 7
81 446675 6234221 721737 6191291 9
82 492186 6088456 727520 6173817 17
83 586643 6139541 714164 6178664 6
84 585783 6135931 714234 6221025 7
85 577299 6228915 666360 6200829 8
86 533687 6232790 677076 6124305 3
87 528998 6077651 720605 6174828 13
88 574533 6228148 719463 6171739 12
89 561445 6223124 715587 6195470 3
90 473427 6169483 700186 6153389 8
91 549909 6100615 722050 6211236 3
92 491994 6088326 724856 6178466 7
93 532986 6174786 710158 6094459 14
94 586124 6135874 686499 6143831 5
95 569239 6227022 722664 6180632 4
96 527179 6258725 684559 6072732 9
97 532306 6148387 726654 6181034 14
98 509508 6173487 713056 6183824 6
99 533457 6226694 709712 6198124 13
100 574655 6224752 725912 6170846 7
101 535265 6174926 710066 6183720 15
102 545118 6123975 677114 6150303 14
103 531149 6120845 677727 6063695 8
104 490480 6196727 720189 6174399 3
105 558101 6367006 667178 6202737 10
106 574695 6227014 718909 6177236 12
107 568893 6325934 649160 6143662 6
108 554288 6191350 692614 6195075 12
109 589048 6140809 726041 6174044 9
110 522910 6074776 716600 6175636 7
111 520798 6122498 727278 6174415 10
112 569301 6336868 707861 6166620 4
113 574251 6210919 718642 6171720 5
114 575357 6228431 710033 6167198 8
115 539722 6200222 704674 6214328 5
116 535540 6175538 707102 6164954 6
117 565086 6259577 720707 6178938 8
118 577334 6233832 718661 6171856 16
119 588821 6135940 723030 6178052 4
120 569239 6227022 714970 6176394 11
121 568331 6256447 723165 6175848 16
122 526715 6238597 728907 6173523 14
123 574523 6226160 715468 6179574 10
124 586112 6136381 722803 6177226 17
125 558981 6320928 676361 6121581 12
126 530030 6148138 695024 6172441 16
127 531337 6194051 680918 6156270 10
128 529531 6149777 717691 6175458 7
129 504444 6116401 721080 6176695 9
130 562759 6258527 719049 6176661 11
131 574834 6223529 692310 6193012 17
132 558981 6320928 727087 6174042 14
133 527417 6100777 666543 6201204 17
134 568486 6219296 696322 6160051 12
135 591086 6141863 718566 6174597 3
136 569054 6158267 694488 6112412 7
137 528188 6127249 689302 6206647 6
138 561551 6222942 720381 6182587 8
139 565881 6236184 717941 6177781 6
140 563600 6255182 703664 6136983 8
141 552475 6191216 725886 6169914 16
142 534749 6174257 720335 6175407 15
143 464963 6147183 706245 6170967 4
144 589179 6140321 719735 6187297 13
145 587662 6241429 720415 6174856 15
146 568488 6259308 723655 6179968 9
147 569239 6227022 706344 6172421 11
148 567705 6227865 723407 6179389 5
149 572896 6214889 710560 6175356 16
150 565881 6236184 675405 6122705 4
151 573071 6221251 691745 6096396 9
152 468823 6162639 689846 6111660 11
153 454285 6216133 722052 6177701 7
154 593723 6399460 694667 6112568 13
155 470928 6278475 721477 6191958 3
156 540751 6166976 725267 6174832 13
157 564719 6230340 698595 6185372 4
158 588296 6138342 663376 6196450 3
159 562275 6259022 723847 6184821 9
160 616240 6255071 683168 6072429 7
161 516300 6087910 717523 6180625 5
162 547039 6124033 726542 6180637 16
163 575713 6233069 648536 6142540 6
164 609829 6070318 648413 6084209 3
165 544174 6336501 718578 6179768 8
166 568431 6218649 724813 6179908 3
167 467204 6147256 705279 6162407 13
168 484371 6134954 725523 6174798 9
169 535038 6225177 716405 6173534 17
170 537942 6221815 719193 6181901 16
171 541710 6190233 723096 6178478 5
172 571065 6203359 692123 6050920 11
173 574790 6206360 661886 6199367 16
174 591236 6138148 723836 6213479 4
175 574684 6227015 711110 6175215 12
176 480508 6313204 722163 6176675 8
177 602512 6103631 692533 6191739 14
178 544167 6086368 719199 6184610 16
179 604143 6146853 728681 6172685 13
180 527179 6258725 722104 6172634 8
181 509664 6260104 717601 6097270 6
182 543746 6156634 696963 6220868 4
183 545353 6158303 705215 6143964 13
184 557081 6224049 676408 6148632 10
185 546915 6151233 717528 6201850 6
186 552162 6192224 711950 6202416 8
187 532904 6202845 654948 6059812 6
188 576493 6232714 687160 6162544 8
189 545947 6158159 706352 6172783 10
190 512902 6089174 713840 6194437 12
191 535043 6220325 688172 6169607 13
192 549189 6239861 718049 6186415 16
193 588694 6138641 719195 6176753 15
194 469339 6169103 695574 6086884 15
195 587066 6139756 718138 6179451 6
196 603802 6228727 721609 6097270 12
197 614711 6087888 636397 6079149 3
198 562427 6260841 719867 6183328 7
199 548257 6198279 683522 6074804 14
200 555541 6192050 710844 6190517 11



