100 33 6 22 60 10 1
0  677908 6150220 677908 6150220 0
1  538181 6086484 720415 6176264 16
2  588257 6139249 711815 6208837 10
3  528913 6152557 710831 6168718 4
4  500074 6269745 662179 6199594 4
5  585053 6140355 720134 6210199 3
6  557926 6181752 723050 6178505 9
7  609023 6077163 722462 6177770 3
8  507721 6199180 719104 6173159 3
9  522714 6075103 726755 6174369 6
10 526981 6257531 718638 6205725 8
11 465029 6147733 665308 6126823 4
12 466076 6153323 714197 6169877 3
13 468578 6147060 711357 6175122 14
14 604134 6229591 712256 6183711 10
15 569239 6227022 724312 6179850 7
16 527858 6099834 713038 6174563 8
17 550967 6189326 680041 6165335 16
18 460950 6153723 714000 6175858 7
19 524269 6122271 729376 6171380 3
20 559318 6372820 719162 6180836 7
21 575715 6233068 721643 6191903 4
22 526379 6098375 713328 6180335 15
23 551154 6085190 707883 6172444 10
24 509955 6220242 718616 6178587 8
25 551548 6086116 692484 6114229 9
26 525913 6100626 722535 6177884 3
27 566795 6235297 717147 6175321 6
28 571232 6217308 711404 6173040 10
29 563362 6174239 725608 6177619 15
30 590770 6143614 721531 6176620 16
31 457130 6170154 727024 6174269 8
32 533887 6226464 721822 6219434 6
33 467870 6149232 719715 6183738 3
34 573181 6218696 719111 6188923 17
35 548053 6158338 702635 6157129 7
36 586957 6140165 724934 6178541 14
37 525684 6178370 716681 6177794 15
38 485912 6227872 713787 6180528 6
39 533521 6173360 695755 6172192 9
40 505052 6116026 716455 6174308 10
41 535540 6175538 688659 6135290 4
42 549189 6239861 700035 6214037 12
43 520316 6122652 712269 6179072 15
44 525481 6256968 705545 6162553 9
45 530776 6123111 721971 6180065 7
46 530073 6123607 688052 6135622 11
47 573114 6224161 710100 6173389 7
48 532346 6151566 698583 6194463 17
49 468248 6165130 687421 6136064 12
50 565087 6258877 723831 6185066 12
51 531606 6149056 692369 6171188 8
52 565881 6236184 719783 6173144 3
53 591924 6240805 724368 6184718 16
54 507179 6176611 718910 6171709 10
55 535450 6215966 711004 6174193 7
56 573914 6227586 708702 6167054 10
57 573813 6224126 706812 6171620 9
58 526303 6227157 704779 6188005 10
59 551966 6086341 721952 6181105 3
60 494564 6180601 695169 6172145 12
61 575554 6233326 705394 6194122 10
62 535474 6171882 718594 6176589 17
63 561445 6223124 721688 6178481 12
64 497376 6101138 726193 6175244 4
65 551139 6084521 698743 6187713 6
66 524733 6256240 722615 6173411 8
67 563595 6260055 718397 6202151 11
68 454237 6216277 718031 6176003 10
69 525886 6101092 722924 6179233 14
70 569301 6336868 706865 6203640 10
71 528913 6152557 721263 6182812 8
72 571546 6224364 727868 6174548 3
73 467926 6149124 727518 6172495 7
74 571194 6204606 682274 6201550 3
75 607823 6101804 723118 6175229 17
76 518775 6122115 724691 6180413 15
77 489644 6172891 727363 6174416 6
78 512792 6134756 712940 6191162 14
79 609004 6077291 649602 6086289 6
80 518022 6123708 657619 6157036 6
81 529291 6148516 718450 6179787 13
82 588521 6138670 709708 6191229 5
83 552372 6192907 719830 6174927 17
84 531065 6148437 717591 6172170 16
85 563649 6259234 698087 6176940 12
86 549137 6100975 720244 6172776 14
87 524521 6104059 723100 6179516 13
88 546279 6151143 652079 6203996 5
89 593371 6136265 703702 6158884 7
90 460854 6268573 711713 6191285 14
91 526572 6183651 710950 6173907 10
92 575718 6233070 722006 6182438 6
93 531946 6124109 690023 6060711 16
94 554358 6191227 712122 6191519 9
95 584532 6139633 669685 6176898 4
96 587970 6135855 649386 6141704 7
97 573071 6221251 702599 6171971 9
98 490664 6087621 658371 6065672 10
99 587803 6141009 720272 6186784 15
100 529393 6149102 701301 6151281 12



