50 33 6 22 60 10 1
0 677908 6150220 677908 6150220 0
1 554919 6222034 677566 6187107 13
2 470214 6227128 704974 6187689 15
3 527566 6151530 725920 6171153 16
4 574470 6220489 721735 6172681 10
5 615720 6254287 635549 6078720 11
6 574331 6229153 642394 6087294 5
7 572933 6221459 720445 6174094 16
8 534724 6176503 667347 6200876 16
9 525977 6100069 720838 6176573 11
10 603167 6256910 698384 6205845 10
11 554891 6232852 710329 6166924 14
12 610671 6088610 636913 6159494 17
13 485820 6111806 722049 6178078 14
14 615421 6254076 688131 6209144 3
15 564259 6258052 717215 6175185 6
16 529764 6222960 693876 6084034 5
17 485109 6251104 632262 6172762 11
18 500397 6148579 716752 6174692 15
19 474942 6164481 721394 6177473 6
20 581744 6237857 670074 6177817 8
21 491589 6088546 718321 6170178 13
22 552524 6193139 640709 6143124 13
23 574727 6227013 659585 6179186 16
24 459828 6154150 725541 6167868 6
25 533925 6225136 719836 6173647 11
26 533427 6173092 723961 6177501 5
27 615921 6254158 657940 6170567 4
28 523693 6076767 686354 6099867 11
29 574684 6227015 719962 6178008 9
30 483742 6225905 684169 6099506 9
31 478313 6244603 726829 6167226 13
32 573532 6230885 658032 6081691 9
33 574359 6224340 654767 6185269 16
34 555233 6192491 713085 6169929 12
35 575020 6212907 727945 6174069 3
36 530372 6134646 683346 6082035 13
37 590982 6142551 687188 6161725 7
38 588987 6135401 709031 6203861 3
39 598831 6147436 688775 6135270 3
40 545112 6158907 685488 6071992 12
41 533530 6170874 675752 6123049 8
42 470085 6195109 722319 6183712 3
43 596980 6120648 699268 6185553 11
44 568105 6233579 725168 6174629 10
45 522126 6102021 723717 6213658 13
46 573241 6225585 715730 6221135 16
47 520524 6283101 718355 6188224 10
48 557210 6322362 704123 6193066 3
49 575715 6233072 700354 6153113 15
50 591698 6231415 723136 6184197 15



