841 961 424 544
932 1052 395 515
769 889 377 497
863 983 378 498
822 942 424 544
869 989 390 510
904 1024 360 444
737 857 424 544
878 998 409 529
892 1012 404 524
809 929 385 505
772 892 427 547
925 1045 439 559
760 880 394 514
753 873 387 507
747 867 408 528
726 846 384 504
762 882 393 513
825 945 360 473
771 891 419 539
824 944 360 451
716 836 360 446
836 956 412 532
713 833 383 503
848 968 411 531
800 920 360 478
893 1013 386 506
940 1060 444 564
723 843 436 556
801 921 462 582
799 919 424 544
871 991 405 525
806 926 421 541
814 934 390 510
938 1058 390 510
952 1072 373 493
708 828 370 490
695 815 421 541
887 1007 411 531
844 964 405 525
753 873 381 501
741 861 394 514
910 1030 395 515
773 893 360 475
820 940 364 484
830 950 362 482
964 1084 447 567
764 884 404 524
824 944 360 471
790 910 411 531
960 1080 496 616
919 1039 360 477
843 963 376 496
820 940 429 549
781 901 404 524
802 922 427 547
791 911 449 569
739 859 414 534
901 1021 402 522
788 908 431 551
796 916 360 473
900 1020 427 547
894 1014 379 499
845 965 384 504
725 845 367 487
815 935 391 511
770 890 368 488
710 830 362 482
830 950 396 516
810 930 360 470
750 870 369 489
760 880 422 542
787 907 404 524
769 889 516 636
813 933 430 550
788 908 390 510
756 876 408 528
944 1064 383 503
957 1077 448 568
820 940 407 527
876 996 367 487
764 884 429 549
886 1006 405 525
929 1049 367 487
792 912 439 559
781 901 366 486
987 1107 458 578
838 958 414 534
749 869 398 518
741 861 425 545
740 860 371 491
851 971 433 553
782 902 399 519
875 995 416 536
930 1050 426 546
902 1022 449 569
828 948 385 505
799 919 383 503
910 1030 360 478
734 854 362 482
