898 1018 424 544
752 872 415 535
712 832 391 511
793 913 461 581
806 926 487 607
723 843 409 529
735 855 377 497
815 935 425 545
1058 1178 447 567
709 829 376 496
712 832 430 550
801 921 376 496
807 927 372 492
746 866 380 500
760 880 402 522
857 977 389 509
870 990 398 518
893 1013 384 504
794 914 360 466
901 1021 408 528
788 908 403 523
798 918 401 521
833 953 389 509
833 953 383 503
795 915 368 488
772 892 360 462
838 958 468 588
705 825 415 535
784 904 370 490
827 947 414 534
821 941 390 510
691 811 367 487
731 851 415 535
760 880 368 488
846 966 391 511
719 839 360 451
763 883 416 536
662 782 360 451
776 896 419 539
715 835 412 532
974 1094 368 488
812 932 380 500
834 954 373 493
920 1040 432 552
798 918 463 583
902 1022 375 495
996 1116 363 483
714 834 365 485
715 835 415 535
890 1010 391 511
747 867 432 552
805 925 360 469
771 891 393 513
759 879 423 543
754 874 414 534
809 929 427 547
810 930 396 516
743 863 409 529
752 872 404 524
711 831 361 481
852 972 424 544
886 1006 378 498
651 771 425 545
704 824 444 564
735 855 372 492
907 1027 387 507
707 827 360 480
748 868 417 537
874 994 427 547
763 883 408 528
708 828 377 497
919 1039 360 451
719 839 408 528
796 916 399 519
743 863 382 502
735 855 360 464
665 785 362 482
827 947 427 547
928 1048 390 510
724 844 366 486
949 1069 437 557
928 1048 428 548
756 876 362 482
772 892 435 555
843 963 369 489
842 962 392 512
791 911 372 492
719 839 368 488
749 869 398 518
865 985 360 460
770 890 462 582
919 1039 431 551
779 899 442 562
747 867 506 626
749 869 409 529
839 959 396 516
783 903 411 531
917 1037 364 484
822 942 397 517
770 890 389 509
761 881 398 518
782 902 360 467
876 996 476 596
783 903 361 481
940 1060 399 519
749 869 422 542
961 1081 360 465
682 802 396 516
740 860 399 519
815 935 363 483
741 861 399 519
934 1054 360 468
756 876 361 481
790 910 394 514
784 904 448 568
761 881 360 468
764 884 369 489
756 876 387 507
702 822 391 511
735 855 380 500
794 914 427 547
810 930 393 513
820 940 428 548
732 852 405 525
804 924 415 535
757 877 378 498
907 1027 407 527
772 892 364 484
840 960 404 524
809 929 410 530
689 809 372 492
782 902 378 498
843 963 397 517
713 833 360 462
756 876 360 480
730 850 383 503
815 935 481 601
735 855 413 533
853 973 399 519
751 871 376 496
710 830 377 497
743 863 419 539
855 975 360 469
798 918 400 520
786 906 392 512
742 862 428 548
714 834 379 499
728 848 384 504
718 838 367 487
867 987 427 547
742 862 374 494
871 991 361 481
934 1054 368 488
851 971 406 526
854 974 417 537
808 928 415 535
773 893 360 474
738 858 379 499
787 907 389 509
826 946 394 514
950 1070 364 484
794 914 398 518
730 850 362 482
760 880 413 533
964 1084 431 551
734 854 385 505
812 932 360 472
897 1017 392 512
811 931 372 492
745 865 394 514
933 1053 368 488
857 977 439 559
831 951 408 528
722 842 446 566
727 847 389 509
926 1046 382 502
667 787 413 533
839 959 408 528
688 808 417 537
857 977 409 529
822 942 410 530
774 894 401 521
754 874 360 471
773 893 360 442
724 844 381 501
840 960 393 513
878 998 515 635
688 808 360 453
775 895 400 520
881 1001 438 558
771 891 372 492
764 884 380 500
693 813 389 509
843 963 430 550
773 893 438 558
700 820 390 510
743 863 439 559
767 887 407 527
758 878 422 542
753 873 392 512
