767 887 375 495
733 853 407 527
817 937 438 558
816 936 393 513
738 858 464 584
738 858 394 514
737 857 365 485
769 889 360 480
927 1047 390 510
804 924 386 506
917 1037 401 521
897 1017 360 474
923 1043 402 522
699 819 414 534
873 993 418 538
741 861 380 500
734 854 360 461
879 999 361 481
751 871 381 501
936 1056 441 561
820 940 398 518
768 888 371 491
747 867 377 497
937 1057 367 487
710 830 360 477
865 985 378 498
740 860 362 482
756 876 360 480
748 868 380 500
682 802 376 496
845 965 439 559
819 939 417 537
880 1000 366 486
734 854 429 549
689 809 360 462
759 879 405 525
785 905 389 509
879 999 362 482
756 876 360 467
858 978 413 533
810 930 375 495
804 924 446 566
808 928 409 529
824 944 367 487
815 935 414 534
720 840 360 480
738 858 360 476
745 865 405 525
859 979 360 459
806 926 393 513
762 882 436 556
728 848 373 493
742 862 420 540
837 957 366 486
762 882 379 499
757 877 360 475
811 931 397 517
796 916 397 517
726 846 421 541
857 977 369 489
805 925 371 491
734 854 395 515
741 861 374 494
889 1009 396 516
764 884 383 503
843 963 381 501
828 948 411 531
952 1072 367 487
734 854 393 513
866 986 380 500
803 923 416 536
755 875 404 524
897 1017 421 541
899 1019 364 484
703 823 410 530
781 901 400 520
898 1018 421 541
765 885 393 513
786 906 481 601
823 943 360 457
719 839 411 531
713 833 394 514
765 885 412 532
715 835 389 509
782 902 434 554
840 960 398 518
760 880 416 536
745 865 419 539
812 932 360 464
879 999 377 497
755 875 377 497
836 956 433 553
787 907 441 561
713 833 413 533
741 861 466 586
653 773 360 466
691 811 360 471
924 1044 406 526
720 840 394 514
742 862 360 465
816 936 361 481
871 991 413 533
844 964 396 516
853 973 399 519
786 906 443 563
795 915 365 485
780 900 421 541
960 1080 431 551
799 919 411 531
812 932 410 530
908 1028 382 502
729 849 415 535
815 935 402 522
802 922 374 494
838 958 391 511
672 792 377 497
774 894 384 504
693 813 444 564
820 940 399 519
719 839 368 488
708 828 435 555
757 877 446 566
746 866 409 529
858 978 403 523
895 1015 360 467
829 949 422 542
775 895 413 533
705 825 361 481
913 1033 383 503
685 805 401 521
736 856 372 492
773 893 365 485
725 845 360 464
766 886 371 491
799 919 444 564
909 1029 422 542
781 901 386 506
907 1027 361 481
868 988 387 507
791 911 392 512
783 903 444 564
724 844 427 547
798 918 501 621
916 1036 396 516
821 941 403 523
774 894 402 522
806 926 452 572
739 859 367 487
792 912 422 542
783 903 449 569
