100 33 6 22 60 10 1
0 677908 6150220 677908 6150220 0
1 545244 6157347 681736 6202205 13
2 533203 6173313 701138 6151297 13
3 562307 6223347 652039 6171578 12
4 602378 6102041 715238 6169802 3
5 548134 6158204 719124 6184427 12
6 525924 6100351 723486 6178632 13
7 521959 6153840 723734 6174878 5
8 534033 6225018 719290 6179227 4
9 615509 6254278 726163 6176155 10
10 530279 6147994 701535 6149745 15
11 565076 6258543 649349 6143788 10
12 521794 6186030 683341 6082139 15
13 547316 6092003 693328 6218644 9
14 570640 6217484 712360 6186497 15
15 528634 6122391 699242 6145020 8
16 531257 6123493 676778 6122151 4
17 545983 6158761 727412 6176289 17
18 463884 6151119 712877 6208050 11
19 495610 6178559 724400 6176858 10
20 574717 6227013 718343 6201909 17
21 534643 6121290 701712 6223742 12
22 460548 6178831 724741 6180242 15
23 521842 6185938 721167 6176441 5
24 523424 6258056 708879 6184748 9
25 522232 6207630 726250 6175111 10
26 533251 6224481 725368 6188213 15
27 490296 6119537 638448 6078069 4
28 454074 6215598 647218 6141401 11
29 561445 6223124 719623 6184877 4
30 565881 6236184 726534 6174565 16
31 566004 6197318 726555 6173427 5
32 495282 6178668 726879 6174242 10
33 463932 6222681 718931 6204897 17
34 547291 6216789 727392 6174720 16
35 467567 6147669 711619 6191107 7
36 517240 6123932 669461 6176873 3
37 473866 6259789 719463 6176453 14
38 587925 6138556 698118 6222801 3
39 551588 6085605 714546 6179815 6
40 563211 6258136 724714 6216645 12
41 573181 6218696 722784 6216221 6
42 601993 6103720 682777 6125082 8
43 542781 6198567 720236 6210432 10
44 602138 6103629 720135 6210547 12
45 553124 6317910 649712 6177489 12
46 534743 6176517 711706 6168817 7
47 567995 6218810 723479 6177788 9
48 568431 6218649 720012 6170926 3
49 585805 6136132 691610 6194495 9
50 547438 6150437 720139 6182013 7
51 456001 6182195 650638 6158021 14
52 573561 6220766 716363 6174302 8
53 574202 6222406 714911 6181038 16
54 559067 6224221 724924 6185533 5
55 482985 6299268 632526 6172942 6
56 530776 6123111 711403 6168676 10
57 450058 6275276 714979 6193940 6
58 457059 6254341 682601 6209485 8
59 481833 6147085 686102 6142444 16
60 579030 6318462 717131 6191935 16
61 492235 6232949 701615 6165997 17
62 569830 6223995 678177 6147804 4
63 545397 6153675 710735 6222413 12
64 574717 6227013 724704 6177700 12
65 576668 6228969 708980 6204284 6
66 587925 6138556 677024 6121803 13
67 531010 6224730 722709 6177533 3
68 563296 6173743 698422 6156438 14
69 547109 6158315 703229 6087958 15
70 521717 6221711 661038 6072663 8
71 460598 6202846 719370 6181877 12
72 562709 6259498 717531 6184056 8
73 465298 6150065 722935 6174716 13
74 465532 6222400 668369 6075589 4
75 548266 6190586 720196 6206480 3
76 563600 6255182 718316 6180075 11
77 565512 6259203 721720 6173931 16
78 533784 6170531 721058 6176701 14
79 496047 6100558 718122 6191533 17
80 570902 6224382 725781 6175594 4
81 523735 6076792 693224 6169382 7
82 558174 6369831 699534 6110505 10
83 572378 6227023 708663 6183999 15
84 531595 6121089 686167 6208062 15
85 481004 6146967 661986 6072956 12
86 527179 6258725 720053 6185559 4
87 574690 6226249 718321 6172508 10
88 587535 6144229 671803 6064208 5
89 575096 6224663 667092 6201519 11
90 603456 6232450 720256 6173988 13
91 556235 6223229 689479 6170225 4
92 507451 6267191 719072 6179016 4
93 485525 6131869 718762 6207931 13
94 526726 6238828 701830 6146737 10
95 609878 6089368 722137 6180222 6
96 497885 6222434 715574 6181145 14
97 565087 6258877 697462 6159686 10
98 467692 6148162 700098 6149878 6
99 547670 6158034 673697 6206064 12
100 568274 6227550 712259 6183737 9



