864 984 405 525
849 969 410 530
741 861 399 519
746 866 413 533
905 1025 434 554
808 928 381 501
903 1023 373 493
943 1063 423 543
891 1011 360 457
784 904 383 503
820 940 376 496
841 961 360 436
767 887 428 548
805 925 389 509
735 855 424 544
772 892 391 511
816 936 395 515
747 867 394 514
797 917 419 539
923 1043 452 572
819 939 374 494
885 1005 417 537
960 1080 412 532
1014 1134 389 509
775 895 409 529
803 923 371 491
742 862 389 509
751 871 421 541
772 892 411 531
826 946 429 549
862 982 364 484
862 982 401 521
787 907 427 547
777 897 401 521
864 984 418 538
979 1099 369 489
769 889 366 486
940 1060 488 608
750 870 422 542
909 1029 414 534
859 979 360 457
848 968 364 484
836 956 434 554
811 931 360 464
748 868 383 503
881 1001 372 492
762 882 360 461
885 1005 363 483
701 821 393 513
780 900 384 504
819 939 420 540
743 863 370 490
860 980 441 561
786 906 389 509
813 933 388 508
802 922 393 513
811 931 401 521
678 798 398 518
749 869 395 515
859 979 361 481
854 974 461 581
759 879 390 510
901 1021 360 475
738 858 421 541
648 768 360 473
836 956 440 560
771 891 376 496
715 835 389 509
867 987 376 496
779 899 439 559
772 892 392 512
717 837 402 522
789 909 377 497
787 907 377 497
715 835 360 452
825 945 397 517
855 975 367 487
779 899 360 467
777 897 360 472
812 932 397 517
760 880 422 542
900 1020 437 557
786 906 381 501
921 1041 415 535
791 911 397 517
906 1026 417 537
777 897 393 513
801 921 462 582
878 998 464 584
715 835 360 472
783 903 517 637
727 847 426 546
799 919 380 500
741 861 379 499
667 787 410 530
757 877 363 483
935 1055 417 537
782 902 378 498
756 876 400 520
761 881 468 588
721 841 365 485
827 947 394 514
872 992 421 541
797 917 374 494
706 826 360 479
741 861 368 488
842 962 427 547
801 921 411 531
766 886 417 537
720 840 427 547
826 946 360 478
713 833 421 541
790 910 405 525
1120 1240 474 594
755 875 369 489
766 886 360 461
691 811 372 492
801 921 413 533
724 844 360 476
670 790 446 566
729 849 378 498
800 920 397 517
888 1008 392 512
716 836 360 480
704 824 398 518
847 967 393 513
780 900 379 499
764 884 399 519
841 961 380 500
953 1073 363 483
748 868 399 519
697 817 360 458
978 1098 416 536
798 918 408 528
844 964 436 556
911 1031 393 513
844 964 414 534
805 925 377 497
876 996 408 528
767 887 433 553
769 889 385 505
827 947 372 492
745 865 393 513
745 865 419 539
728 848 360 471
821 941 361 481
773 893 414 534
755 875 372 492
812 932 360 461
886 1006 413 533
