100 33 6 22 60 10 1
0 677908 6150220 677908 6150220 0
1 532891 6223718 720683 6220162 4
2 498716 6221569 721520 6174303 17
3 573516 6226689 718607 6191423 10
4 588124 6228133 639863 6162558 5
5 537062 6222060 724421 6180436 4
6 602301 6147956 638158 6137786 6
7 471662 6105055 685597 6157244 4
8 563954 6257950 657716 6156345 17
9 570158 6224087 724079 6179620 5
10 445420 6212541 721747 6191123 4
11 532974 6172680 716296 6180966 8
12 575704 6232998 723944 6177582 12
13 545234 6089613 724034 6180167 4
14 570063 6255827 718939 6174629 11
15 570782 6224793 720260 6207482 6
16 574602 6226391 703791 6210825 7
17 571521 6221261 717829 6187552 5
18 559352 6219725 689170 6099308 7
19 565931 6236972 704930 6173568 8
20 513415 6173759 708746 6197146 16
21 614493 6254864 690749 6160832 5
22 572120 6223281 688373 6154999 5
23 459228 6154062 718306 6174283 7
24 570702 6225042 720869 6177066 7
25 565087 6258877 691570 6066322 16
26 564719 6230340 662989 6187584 8
27 568486 6219296 706084 6172268 7
28 446675 6234221 718975 6218509 7
29 610120 6089327 708968 6203918 10
30 517911 6186575 669697 6075756 8
31 531601 6245984 725886 6169914 14
32 505468 6088546 723284 6215260 16
33 562601 6260684 659256 6195317 7
34 575364 6213488 659835 6179337 13
35 558981 6320928 714116 6172693 9
36 469731 6196542 657180 6192941 16
37 551560 6153764 726176 6166730 9
38 611072 6081222 718474 6177041 14
39 518687 6123404 717873 6190872 13
40 554100 6235133 722340 6178695 12
41 582100 6258738 697736 6203426 15
42 572151 6223469 723907 6179260 15
43 448936 6221044 675100 6158539 13
44 475999 6148312 713247 6169397 5
45 590857 6365870 717550 6177078 7
46 538447 6202571 717011 6174870 6
47 553124 6317910 676191 6061763 10
48 574685 6225122 726671 6175259 8
49 508267 6200451 676349 6121125 12
50 573408 6222752 685451 6073040 9
51 464691 6147641 640802 6070651 3
52 445420 6212541 688464 6121828 17
53 456279 6267555 718586 6172267 5
54 481638 6147500 718343 6201909 14
55 533605 6150775 724756 6177541 9
56 559240 6211879 716467 6189490 5
57 549490 6181744 712115 6209166 15
58 581851 6242396 698392 6212898 9
59 585035 6255127 720178 6207865 5
60 593306 6259432 722465 6176575 13
61 573853 6225595 669277 6176686 16
62 558174 6369831 720806 6191550 12
63 578162 6335661 718068 6192501 11
64 503444 6136503 724342 6176183 3
65 532879 6175019 721899 6173213 8
66 549189 6239861 722972 6180846 10
67 574188 6222517 715656 6174624 14
68 563211 6258136 711968 6167582 14
69 497386 6101095 728438 6172609 10
70 465523 6147477 661183 6131723 16
71 564455 6173569 722742 6175894 8
72 574421 6223616 722387 6177284 6
73 559214 6212000 718712 6200947 7
74 570296 6224619 679219 6176465 4
75 518445 6148917 684135 6073745 7
76 563970 6260385 695992 6218085 10
77 553001 6191248 705969 6172301 12
78 455256 6215189 721610 6178461 4
79 504391 6116393 717784 6210913 8
80 463449 6268326 718516 6180117 10
81 575387 6258876 719267 6179178 7
82 585872 6138104 718359 6210709 14
83 534298 6226397 722438 6177963 10
84 597368 6252788 722587 6178665 5
85 575698 6232997 699348 6147494 10
86 588333 6139272 686172 6099744 5
87 468219 6148329 691329 6193278 13
88 510493 6241445 721842 6210821 7
89 528913 6152557 658740 6201661 6
90 561445 6223124 716804 6170248 12
91 569239 6227022 717218 6175170 15
92 458953 6154187 709903 6173512 5
93 564718 6230337 720274 6173051 11
94 559318 6372819 689640 6099276 13
95 467425 6164400 722460 6178697 10
96 469600 6220709 713130 6184483 5
97 501341 6270895 726641 6174348 6
98 545601 6219099 723852 6184591 16
99 613250 6130377 640333 6157229 10
100 585140 6143455 694330 6169599 13



