30 33 6 22 60 10 1
0 677908 6150220 677908 6150220 0
1 589102 6141107 720445 6174094 11
2 491710 6250336 700635 6166282 10
3 561983 6239172 639776 6165743 9
4 464065 6206480 724050 6179607 6
5 529917 6151195 650574 6158208 12
6 455065 6216521 708344 6183508 12
7 465320 6146893 710145 6172852 14
8 601115 6102206 659742 6196523 11
9 552750 6190785 714274 6221241 13
10 584312 6139397 716808 6188569 4
11 512477 6185783 723223 6178173 4
12 565881 6236184 725316 6178516 11
13 557661 6192874 720602 6181329 5
14 500078 6269745 722909 6178310 13
15 553772 6190983 704983 6218631 12
16 601201 6102741 650211 6143651 14
17 586652 6137667 675739 6064452 13
18 480363 6178063 719286 6174665 12
19 558174 6369831 727591 6173459 14
20 569301 6336868 721740 6179833 12
21 529602 6149628 688638 6066752 12
22 610110 6089119 685375 6099223 15
23 466243 6147569 727247 6173344 14
24 547252 6158792 720234 6171527 3
25 601688 6098734 686488 6181892 3
26 549809 6100818 722720 6173194 10
27 517625 6143306 725894 6172170 12
28 564719 6230340 663248 6065181 13
29 575261 6225111 702611 6223244 15
30 478324 6153797 716867 6220310 3
