676 796 404 524
809 929 392 512
814 934 389 509
791 911 362 482
810 930 402 522
966 1086 371 491
851 971 397 517
856 976 367 487
762 882 500 620
899 1019 368 488
736 856 360 480
697 817 410 530
819 939 391 511
817 937 369 489
746 866 397 517
700 820 452 572
796 916 426 546
706 826 412 532
928 1048 403 523
889 1009 416 536
775 895 390 510
798 918 423 543
686 806 409 529
697 817 392 512
815 935 477 597
745 865 360 472
722 842 470 590
719 839 360 451
769 889 451 571
726 846 360 465
886 1006 446 566
732 852 376 496
773 893 388 508
788 908 428 548
770 890 424 544
897 1017 391 511
887 1007 363 483
722 842 360 467
746 866 399 519
750 870 457 577
855 975 411 531
855 975 380 500
731 851 375 495
758 878 407 527
755 875 401 521
790 910 427 547
718 838 393 513
725 845 423 543
772 892 404 524
795 915 429 549
850 970 442 562
875 995 378 498
700 820 412 532
732 852 380 500
725 845 372 492
902 1022 371 491
697 817 360 480
749 869 407 527
688 808 411 531
720 840 372 492
715 835 364 484
864 984 397 517
789 909 402 522
712 832 381 501
830 950 423 543
838 958 413 533
750 870 410 530
834 954 372 492
797 917 394 514
716 836 387 507
944 1064 418 538
848 968 399 519
736 856 362 482
739 859 396 516
755 875 444 564
1030 1150 360 458
749 869 397 517
798 918 408 528
762 882 371 491
804 924 365 485
803 923 444 564
917 1037 371 491
779 899 445 565
722 842 422 542
792 912 407 527
852 972 428 548
831 951 396 516
750 870 364 484
795 915 435 555
731 851 369 489
794 914 398 518
791 911 360 444
864 984 435 555
788 908 410 530
952 1072 400 520
719 839 371 491
802 922 360 465
709 829 396 516
690 810 420 540
773 893 363 483
748 868 428 548
998 1118 360 468
795 915 361 481
775 895 431 551
1058 1178 465 585
769 889 445 565
811 931 393 513
695 815 386 506
659 779 386 506
778 898 415 535
811 931 425 545
813 933 417 537
727 847 428 548
689 809 405 525
862 982 360 470
988 1108 360 474
734 854 360 446
804 924 380 500
847 967 369 489
799 919 416 536
662 782 372 492
886 1006 378 498
746 866 379 499
783 903 360 462
669 789 360 480
836 956 381 501
839 959 373 493
749 869 413 533
755 875 412 532
754 874 389 509
711 831 420 540
772 892 414 534
795 915 360 469
713 833 395 515
710 830 374 494
833 953 392 512
757 877 379 499
812 932 369 489
752 872 381 501
739 859 360 479
735 855 374 494
834 954 407 527
846 966 425 545
936 1056 364 484
914 1034 432 552
721 841 389 509
740 860 360 474
763 883 463 583
778 898 431 551
753 873 408 528
