764 884 403 523
714 834 426 546
759 879 360 471
922 1042 418 538
927 1047 386 506
804 924 372 492
805 925 365 485
908 1028 360 480
865 985 421 541
834 954 430 550
851 971 372 492
881 1001 368 488
844 964 365 485
782 902 407 527
771 891 391 511
833 953 411 531
699 819 395 515
862 982 361 481
819 939 389 509
822 942 368 488
839 959 397 517
741 861 396 516
739 859 360 477
887 1007 367 487
760 880 419 539
756 876 365 485
776 896 362 482
850 970 392 512
702 822 403 523
726 846 400 520
864 984 421 541
829 949 447 567
867 987 379 499
814 934 428 548
765 885 360 462
690 810 391 511
793 913 372 492
966 1086 362 482
738 858 389 509
776 896 417 537
738 858 375 495
793 913 446 566
848 968 369 489
814 934 384 504
753 873 401 521
859 979 360 480
749 869 411 531
788 908 375 495
898 1018 360 459
907 1027 379 499
760 880 360 463
735 855 373 493
745 865 406 526
826 946 366 486
800 920 383 503
675 795 360 475
764 884 375 495
801 921 404 524
740 860 423 543
930 1050 369 489
825 945 443 563
767 887 375 495
792 912 374 494
894 1014 387 507
777 897 436 556
831 951 368 488
830 950 408 528
833 953 383 503
781 901 377 497
816 936 380 500
807 927 386 506
787 907 402 522
884 1004 391 511
731 851 364 484
693 813 404 524
741 861 416 536
814 934 389 509
841 961 377 497
760 880 385 505
807 927 443 563
717 837 390 510
694 814 415 535
700 820 375 495
722 842 398 518
735 855 395 515
733 853 390 510
810 930 417 537
817 937 393 513
673 793 361 481
903 1023 377 497
738 858 403 523
855 975 403 523
836 956 475 595
722 842 397 517
755 875 479 599
769 889 360 480
731 851 360 471
929 1049 479 599
716 836 420 540
739 859 370 490
826 946 412 532
908 1028 413 533
855 975 429 549
827 947 360 464
770 890 402 522
717 837 388 508
789 909 390 510
787 907 438 558
797 917 419 539
883 1003 410 530
859 979 382 502
782 902 370 490
804 924 400 520
812 932 432 552
866 986 397 517
719 839 360 461
758 878 404 524
721 841 466 586
973 1093 373 493
793 913 399 519
671 791 406 526
802 922 411 531
808 928 401 521
681 801 428 548
874 994 360 467
767 887 360 472
703 823 404 524
786 906 360 462
857 977 364 484
726 846 400 520
991 1111 421 541
665 785 426 546
652 772 400 520
789 909 408 528
792 912 427 547
847 967 433 553
772 892 412 532
876 996 397 517
762 882 387 507
825 945 366 486
803 923 444 564
762 882 384 504
973 1093 366 486
867 987 376 496
772 892 411 531
767 887 421 541
842 962 462 582
744 864 367 487
745 865 401 521
787 907 449 569
732 852 399 519
663 783 411 531
734 854 373 493
781 901 419 539
752 872 362 482
701 821 366 486
766 886 381 501
829 949 360 475
759 879 416 536
885 1005 362 482
783 903 406 526
806 926 382 502
681 801 362 482
837 957 440 560
708 828 403 523
834 954 393 513
863 983 439 559
721 841 406 526
767 887 360 478
811 931 435 555
682 802 386 506
852 972 367 487
699 819 387 507
881 1001 444 564
785 905 455 575
750 870 404 524
744 864 390 510
843 963 391 511
746 866 370 490
859 979 386 506
735 855 426 546
805 925 408 528
682 802 392 512
764 884 421 541
836 956 393 513
836 956 407 527
854 974 384 504
797 917 418 538
662 782 375 495
749 869 443 563
788 908 414 534
730 850 417 537
806 926 380 500
908 1028 413 533
712 832 376 496
813 933 408 528
843 963 367 487
850 970 384 504
710 830 360 462
758 878 360 474
