30 33 6 22 60 10 1
0  677908 6150220 677908 6150220 0
1  538181 6086484 720415 6176264 16
2  588257 6139249 711815 6208837 10
3  528913 6152557 710831 6168718 4
4  500074 6269745 662179 6199594 4
5  585053 6140355 720134 6210199 3
6  557926 6181752 723050 6178505 9
7  609023 6077163 722462 6177770 3
8  507721 6199180 719104 6173159 3
9  522714 6075103 726755 6174369 6
10 526981 6257531 718638 6205725 8
11 465029 6147733 665308 6126823 4
12 466076 6153323 714197 6169877 3
13 468578 6147060 711357 6175122 14
14 604134 6229591 712256 6183711 10
15 569239 6227022 724312 6179850 7
16 527858 6099834 713038 6174563 8
17 550967 6189326 680041 6165335 16
18 460950 6153723 714000 6175858 7
19 524269 6122271 729376 6171380 3
20 559318 6372820 719162 6180836 7
21 575715 6233068 721643 6191903 4
22 526379 6098375 713328 6180335 15
23 551154 6085190 707883 6172444 10
24 509955 6220242 718616 6178587 8
25 551548 6086116 692484 6114229 9
26 525913 6100626 722535 6177884 3
27 566795 6235297 717147 6175321 6
28 571232 6217308 711404 6173040 10
29 563362 6174239 725608 6177619 15
30 590770 6143614 721531 6176620 16



