C101

VEHICLE
NUMBER     CAPACITY
  25         200

CUSTOMER
CUST NO.  XCOORD.   YCOORD.    DEMAND   READY TIME  DUE DATE   SERVICE   TIME
 
    0      40         50         0         0        1236         0
    1      85         35         30         47        124         90
    2      45         35         10         916        969         90
    3      25         35         10         912        969         90
    4      33         32         20         68        149         90
    5      87         30         10         668        731         90
    6      47         35         10         826        875         90
    7      53         35         50         353        412         90
    8      35         30         10         264        321         90
    9      95         35         20         293        360         90
    10      92         30         10         478        551         90
    11      95         30         30         387        456         90
    12      42         15         10         95        158         90
    13      30         35         10         1054        1127         90
    14      40         5         30         385        436         90
    15      44         5         20         286        347         90
    16      35         32         10         166        235         90
    17      88         30         10         574        643         90
    18      48         30         10         632        693         90
    19      32         30         10         359        412         90
    20      53         30         10         450        505         90
    21      25         30         10         725        786         90
    22      10         35         20         200        237         90
    23      85         25         10         769        820         90
    24      5         35         10         283        344         90
    25      38         5         30         471        534         90
    26      42         10         40         186        257         90
    27      26         32         10         815        880         90
    28      45         30         10         734        777         90
    29      88         35         20         109        170         90
    30      50         35         20         262        317         90
    31      60         85         30         561        622         90
    32      15         75         10         179        254         90
    33      18         75         10         99        148         90
    34      72         55         20         265        338         90
    35      20         80         10         384        429         90
    36      40         66         10         170        225         90
    37      58         75         50         30        84         90
    38      63         58         10         737        802         90
    39      38         70         20         534        605         90
    40      68         60         10         555        612         90
    41      70         58         30         458        523         90
    42      65         60         10         645        708         90
    43      66         55         10         173        238         90
    44      55         85         30         647        726         90
    45      22         75         20         30        92         90
    46      45         68         10         912        967         90
    47      65         82         10         285        336         90
    48      60         55         10         20        84         90
    49      62         80         10         196        239         90
    50      35         66         10         357        410         90
    51      60         80         10         95        156         90
    52      55         80         20         743        820         90
    53      25         85         10         652        721         90
    54      65         85         10         475        518         90
    55      38         68         30         255        324         90
    56      67         85         40         368        441         90
    57      15         80         10         278        345         90
    58      65         55         10         85        144         90
    59      40         69         20         621        702         90
    60      25         55         20         622        701         90

