MW

VEHICLE
NUMBER     CAPACITY
  25         33

CUSTOMER
CUST NO.   XCOORD.    YCOORD.    DEMAND   READY TIME   DUE DATE   SERVICE TIME

    0      677.908     6150.22       0         360        1320         0
    1      720.415     6176.26       16        375         495         0
    2      711.815     6208.84       10        422         542         0
    3      710.831     6168.72       4        360         471         0
    4      662.179     6199.59       4        424         544         0
    5      720.134     6210.2       3        441         561         0
    6      723.05     6178.5       9        372         492         0
    7      722.462     6177.77       3        365         485         0
    8      719.104     6173.16       3        373         493         0
    9      726.755     6174.37       6        454         574         0
    10      718.638     6205.73       8        423         543         0
    11      665.308     6126.82       4        561         681         0
    12      714.197     6169.88       3        360         474         0
    13      711.357     6175.12       14        385         505         0
    14      712.256     6183.71       10        367         487         0
    15      724.312     6179.85       7        391         511         0
    16      713.038     6174.56       8        425         545         0
    17      680.041     6165.33       16        360         461         0
    18      714.000     6175.86       7        361         481         0
    19      729.376     6171.38       3        368         488         0
    20      719.162     6180.84       7        440         560         0
    21      721.643     6191.9       4        400         520         0
    22      713.328     6180.33       15        371         491         0
    23      707.883     6172.44       10        409         529         0
    24      718.616     6178.59       8        367         487         0
    25      692.484     6114.23       9        372         492         0
    26      538.181     6086.48       16        742         862         0
    27      588.257     6139.25       10        733         853         0
    28      528.913     6152.56       4        1032         1152         0
    29      500.074     6269.75       4        849         969         0
    30      585.053     6140.35       3        780         900         0
    31      557.926     6181.75       9        740         860         0
    32      609.023     6077.16       3        832         952         0
    33      507.721     6199.18       3        824         944         0
    34      522.714     6075.1       6        975         1095         0
    35      526.981     6257.53       8        853         973         0
    36      465.029     6147.73       4        923         1043         0
    37      466.076     6153.32       3        816         936         0
    38      468.578     6147.06       14        906         1026         0
    39      604.134     6229.59       10        762         882         0
    40      569.239     6227.02       7        783         903         0
    41      527.858     6099.83       8        845         965         0
    42      550.967     6189.33       16        799         919         0
    43      460.950     6153.72       7        838         958         0
    44      524.269     6122.27       3        763         883         0
    45      559.318     6372.82       7        919         1039         0
    46      575.715     6233.07       4        762         882         0
    47      526.379     6098.38       15        751         871         0
    48      551.154     6085.19       10        814         934         0
    49      509.955     6220.24       8        919         1039         0
    50      551.548     6086.12       9        793         913         0

0	1 3 4 5 6 7 11 13 15 16 17 18 19 20 21 22 23 25 26 27 29 32 33 34 35 36 37 38 39 40 41 44 46 48 49 50 
1	3 16 20 22 0 
2	6 7 12 18 21 
3	1 7 9 17 0 
4	12 14 15 22 0 
5	8 15 16 25 0 
6	2 7 9 21 0 
7	2 3 6 15 0 
8	5 12 18 20 22 
9	3 6 10 13 23 
10	9 13 16 19 22 
11	13 14 18 24 0 
12	2 4 8 16 23 
13	9 10 11 15 0 
14	4 11 17 21 24 
15	4 5 7 13 0 
16	1 5 10 12 0 
17	3 14 18 24 0 
18	2 8 11 17 0 
19	10 20 24 25 0 
20	1 8 19 23 0 
21	2 6 14 23 0 
22	1 4 8 10 0 
23	9 12 20 21 0 
24	11 14 17 19 25 
25	5 19 24 0 
26	30 38 40 50 0 
27	29 30 42 47 0 
28	30 31 33 40 48 
29	27 33 36 49 0 
30	26 27 28 35 46 
31	28 42 43 49 50 
32	33 45 46 49 0 
33	28 29 32 40 0 
34	39 40 43 46 0 
35	30 44 45 49 0 
36	29 38 46 47 0 
37	41 42 43 45 0 
38	26 36 39 43 0 
39	34 38 42 48 0 
40	26 28 33 34 0 
41	37 42 44 45 0 
42	27 31 37 39 41 
43	31 34 37 38 48 
44	35 41 47 48 0 
45	32 35 37 41 47 
46	30 32 34 36 0 
47	27 36 44 45 50 
48	28 39 43 44 0 
49	29 31 32 35 0 
50	26 31 47 0 

