MW

VEHICLE
NUMBER     CAPACITY
  25         33

CUSTOMER
CUST NO.   XCOORD.    YCOORD.    DEMAND   READY TIME   DUE DATE   SERVICE TIME

    0      677.908     6150.22       0         360        1320         0
    1      704.974     6187.69       15        404         524         0
    2      725.92     6171.15       16        395         515         0
    3      721.735     6172.68       10        411         531         0
    4      635.549     6078.72       11        452         572         0
    5      642.394     6087.29       5        478         598         0
    6      720.445     6174.09       16        374         494         0
    7      667.347     6200.88       16        414         534         0
    8      720.838     6176.57       11        417         537         0
    9      698.384     6205.85       10        402         522         0
    10      710.329     6166.92       14        381         501         0
    11      636.913     6159.49       17        430         550         0
    12      722.049     6178.08       14        393         513         0
    13      688.131     6209.14       3        426         546         0
    14      717.215     6175.19       6        362         482         0
    15      693.876     6084.03       5        418         538         0
    16      632.262     6172.76       11        389         509         0
    17      716.752     6174.69       15        370         490         0
    18      721.394     6177.47       6        410         530         0
    19      670.074     6177.82       8        360         466         0
    20      718.321     6170.18       13        390         510         0
    21      640.709     6143.12       13        386         506         0
    22      659.585     6179.19       16        401         521         0
    23      725.541     6167.87       6        392         512         0
    24      719.836     6173.65       11        396         516         0
    25      723.961     6177.5       5        409         529         0
    26      470.214     6227.13       15        860         980         0
    27      527.566     6151.53       16        812         932         0
    28      574.47     6220.49       10        720         840         0
    29      615.72     6254.29       11        805         925         0
    30      574.331     6229.15       5        780         900         0
    31      572.933     6221.46       16        706         826         0
    32      534.724     6176.5       16        832         952         0
    33      525.977     6100.07       11        831         951         0
    34      603.167     6256.91       10        799         919         0
    35      554.891     6232.85       14        777         897         0
    36      610.671     6088.61       17        700         820         0
    37      485.82     6111.81       14        836         956         0
    38      615.421     6254.08       3        784         904         0
    39      564.259     6258.05       6        744         864         0
    40      529.764     6222.96       5        791         911         0
    41      485.109     6251.1       11        908         1028         0
    42      500.397     6148.58       15        758         878         0
    43      474.942     6164.48       6        844         964         0
    44      581.744     6237.86       8        750         870         0
    45      491.589     6088.55       13        876         996         0
    46      552.524     6193.14       13        661         781         0
    47      574.727     6227.01       16        748         868         0
    48      459.828     6154.15       6        857         977         0
    49      533.925     6225.14       11        792         912         0
    50      533.427     6173.09       5        769         889         0

0	4 5 6 7 9 10 11 12 13 15 16 17 19 20 21 22 24 25 26 27 29 31 32 33 34 35 37 38 39 41 42 43 44 45 47 49 
1	4 10 13 21 25 
2	5 6 12 19 24 
3	6 10 12 18 23 
4	1 12 14 19 0 
5	2 14 22 25 0 
6	2 3 7 15 0 
7	6 11 16 20 0 
8	9 15 17 19 23 
9	8 18 20 24 0 
10	1 3 16 18 0 
11	7 13 18 22 0 
12	2 3 4 25 0 
13	1 11 18 23 0 
14	4 5 16 20 23 
15	6 8 19 23 0 
16	7 10 14 20 0 
17	8 21 22 24 0 
18	3 9 10 11 13 
19	2 4 8 15 0 
20	7 9 14 16 0 
21	1 17 22 24 0 
22	5 11 17 21 0 
23	3 8 13 14 15 
24	2 9 17 21 0 
25	1 5 12 0 
26	28 33 47 49 0 
27	32 38 40 41 0 
28	26 31 36 43 44 
29	37 42 46 48 0 
30	34 35 37 40 49 
31	28 33 43 49 0 
32	27 36 45 50 0 
33	26 31 43 48 0 
34	30 39 40 47 0 
35	30 43 44 49 0 
36	28 32 37 39 44 
37	29 30 36 46 0 
38	27 40 44 46 0 
39	34 36 40 46 0 
40	27 30 34 38 39 
41	27 45 48 50 0 
42	29 45 46 47 0 
43	28 31 33 35 0 
44	28 35 36 38 0 
45	32 41 42 48 0 
46	29 37 38 39 42 
47	26 34 42 50 0 
48	29 33 41 45 50 
49	26 30 31 35 0 
50	32 41 47 48 

