MW

VEHICLE
NUMBER     CAPACITY
  25         33

CUSTOMER
CUST NO.   XCOORD.    YCOORD.    DEMAND   READY TIME   DUE DATE   SERVICE TIME

    0      677.908     6150.22       0         360        1320         0
    1      720.683     6220.16       4        424         544         0
    2      721.52     6174.3       17        395         515         0
    3      718.607     6191.42       10        377         497         0
    4      639.863     6162.56       5        378         498         0
    5      724.421     6180.44       4        424         544         0
    6      638.158     6137.79       6        390         510         0
    7      685.597     6157.24       4        360         444         0
    8      657.716     6156.35       17        424         544         0
    9      724.079     6179.62       5        409         529         0
    10      721.747     6191.12       4        404         524         0
    11      716.296     6180.97       8        385         505         0
    12      723.944     6177.58       12        427         547         0
    13      724.034     6180.17       4        439         559         0
    14      718.939     6174.63       11        394         514         0
    15      720.26     6207.48       6        387         507         0
    16      703.791     6210.83       7        408         528         0
    17      717.829     6187.55       5        384         504         0
    18      689.17     6099.31       7        393         513         0
    19      704.93     6173.57       8        360         473         0
    20      708.746     6197.15       16        419         539         0
    21      690.749     6160.83       5        360         451         0
    22      688.373     6155       5        360         446         0
    23      718.306     6174.28       7        412         532         0
    24      720.869     6177.07       7        383         503         0
    25      691.57     6066.32       16        411         531         0
    26      532.891     6223.72       4        841         961         0
    27      498.716     6221.57       17        932         1052         0
    28      573.516     6226.69       10        769         889         0
    29      588.124     6228.13       5        863         983         0
    30      537.062     6222.06       4        822         942         0
    31      602.301     6147.96       6        869         989         0
    32      471.662     6105.06       4        904         1024         0
    33      563.954     6257.95       17        737         857         0
    34      570.158     6224.09       5        878         998         0
    35      445.42     6212.54       4        892         1012         0
    36      532.974     6172.68       8        809         929         0
    37      575.704     6233       12        772         892         0
    38      545.234     6089.61       4        925         1045         0
    39      570.063     6255.83       11        760         880         0
    40      570.782     6224.79       6        753         873         0
    41      574.602     6226.39       7        747         867         0
    42      571.521     6221.26       5        726         846         0
    43      559.352     6219.73       7        762         882         0
    44      565.931     6236.97       8        825         945         0
    45      513.415     6173.76       16        771         891         0
    46      614.493     6254.86       5        824         944         0
    47      572.12     6223.28       5        716         836         0
    48      459.228     6154.06       7        836         956         0
    49      570.702     6225.04       7        713         833         0
    50      565.087     6258.88       16        848         968         0

0	2 3 4 5 6 7 8 9 11 13 14 15 16 19 20 23 24 25 26 27 28 29 31 32 34 35 36 39 40 41 42 43 45 46 47 48 
1	2 11 17 22 24 
2	1 4 16 23 0 
3	8 9 10 24 0 
4	2 15 18 21 0 
5	11 17 21 25 0 
6	10 19 21 24 0 
7	16 17 21 22 0 
8	3 17 18 19 0 
9	3 10 12 18 0 
10	3 6 9 11 22 
11	1 5 10 20 0 
12	9 18 20 23 25 
13	15 16 17 25 0 
14	19 20 22 23 0 
15	4 13 18 23 0 
16	2 7 13 22 0 
17	1 5 7 8 13 
18	4 8 9 12 15 
19	6 8 14 24 0 
20	11 12 14 21 0 
21	4 5 6 7 20 
22	1 7 10 14 16 
23	2 12 14 15 0 
24	1 3 6 19 0 
25	5 12 13 0 
26	39 40 46 50 0 
27	30 37 38 39 0 
28	35 43 48 50 0 
29	31 34 35 44 0 
30	27 31 39 45 48 
31	29 30 36 47 0 
32	36 43 44 45 0 
33	34 36 41 45 47 
34	29 33 41 47 0 
35	28 29 43 50 0 
36	31 32 33 49 0 
37	27 41 42 46 47 
38	27 40 41 48 49 
39	26 27 30 48 0 
40	26 38 44 46 0 
41	33 34 37 38 0 
42	37 44 46 49 0 
43	28 32 35 45 0 
44	29 32 40 42 49 
45	30 32 33 43 0 
46	26 37 40 42 0 
47	31 33 34 37 0 
48	28 30 38 39 0 
49	36 38 42 44 50 
50	26 28 35 49 

