MW

VEHICLE
NUMBER     CAPACITY
  25         33

CUSTOMER
CUST NO.   XCOORD.    YCOORD.    DEMAND   READY TIME   DUE DATE   SERVICE TIME

    0      677.908     6150.22       0         360        1320         0
    1      681.736     6202.21       13        392         512         0
    2      701.138     6151.3       13        360         466         0
    3      652.039     6171.58       12        434         554         0
    4      715.238     6169.8       3        360         475         0
    5      719.124     6184.43       12        375         495         0
    6      723.486     6178.63       13        401         521         0
    7      723.734     6174.88       5        440         560         0
    8      719.29     6179.23       4        404         524         0
    9      726.163     6176.15       10        408         528         0
    10      701.535     6149.75       15        372         492         0
    11      649.349     6143.79       10        376         496         0
    12      683.341     6082.14       15        437         557         0
    13      693.328     6218.64       9        450         570         0
    14      712.36     6186.5       15        394         514         0
    15      699.242     6145.02       8        452         572         0
    16      676.778     6122.15       4        410         530         0
    17      727.412     6176.29       17        409         529         0
    18      712.877     6208.05       11        444         564         0
    19      724.4     6176.86       10        413         533         0
    20      718.343     6201.91       17        429         549         0
    21      701.712     6223.74       12        441         561         0
    22      724.741     6180.24       15        397         517         0
    23      721.167     6176.44       5        389         509         0
    24      708.879     6184.75       9        382         502         0
    25      726.25     6175.11       10        387         507         0
    26      545.244     6157.35       13        787         907         0
    27      533.203     6173.31       13        758         878         0
    28      562.307     6223.35       12        784         904         0
    29      602.378     6102.04       3        731         851         0
    30      548.134     6158.2       12        789         909         0
    31      525.924     6100.35       13        997         1117         0
    32      521.959     6153.84       5        925         1045         0
    33      534.033     6225.02       4        815         935         0
    34      615.509     6254.28       10        885         1005         0
    35      530.279     6147.99       15        717         837         0
    36      565.076     6258.54       10        837         957         0
    37      521.794     6186.03       15        815         935         0
    38      547.316     6092.00       9        876         996         0
    39      570.64     6217.48       15        825         945         0
    40      528.634     6122.39       8        762         882         0
    41      531.257     6123.49       4        779         899         0
    42      545.983     6158.76       17        762         882         0
    43      463.884     6151.12       11        852         972         0
    44      495.61     6178.56       10        848         968         0
    45      574.717     6227.01       17        770         890         0
    46      534.643     6121.29       12        890         1010         0
    47      460.548     6178.83       15        836         956         0
    48      521.842     6185.94       5        790         910         0
    49      523.424     6258.06       9        935         1055         0
    50      522.232     6207.63       10        859         979         0

0	1 2 4 5 6 10 12 13 14 15 17 18 19 20 21 22 24 25 26 27 28 30 34 35 36 37 38 39 40 42 44 45 46 48 49 50 
1	3 6 10 24 0 
2	4 15 16 23 0 
3	1 4 14 15 20 
4	2 3 11 21 0 
5	8 10 14 20 0 
6	1 10 16 20 0 
7	10 13 14 22 25 
8	5 9 16 18 23 
9	8 13 17 19 21 
10	1 5 6 7 0 
11	4 12 17 18 22 
12	11 16 18 19 0 
13	7 9 15 16 0 
14	3 5 7 15 0 
15	2 3 13 14 0 
16	2 6 8 12 13 
17	9 11 20 25 0 
18	8 11 12 23 0 
19	9 12 22 24 0 
20	3 5 6 17 0 
21	4 9 22 24 0 
22	7 11 19 21 0 
23	2 8 18 24 25 
24	1 19 21 23 0 
25	7 17 23 0 
26	41 42 46 47 0 
27	33 35 44 47 0 
28	30 37 43 48 0 
29	34 36 41 42 46 
30	28 39 40 45 0 
31	34 36 39 48 50 
32	33 37 38 42 43 
33	27 32 42 44 46 
34	29 31 43 49 0 
35	27 39 41 48 0 
36	29 31 41 45 0 
37	28 32 41 49 0 
38	32 40 45 50 0 
39	30 31 35 46 0 
40	30 38 43 45 0 
41	26 29 35 36 37 
42	26 29 32 33 0 
43	28 32 34 40 44 
44	27 33 43 47 0 
45	30 36 38 40 0 
46	26 29 33 39 0 
47	26 27 44 48 49 
48	28 31 35 47 0 
49	34 37 47 50 0 
50	31 38 49 0

