MW

VEHICLE
NUMBER     CAPACITY
  25         33

CUSTOMER
CUST NO.   XCOORD.    YCOORD.    DEMAND   READY TIME   DUE DATE   SERVICE TIME

    0      677.908     6150.22       0         360        1320         0
    1      716.808     6188.57       4        368         488         0
    2      723.223     6178.17       4        367         487         0
    3      725.316     6178.52       11        409         529         0
    4      720.602     6181.33       5        424         544         0
    5      722.909     6178.31       13        416         536         0
    6      704.983     6218.63       12        395         515         0
    7      650.211     6143.65       14        434         554         0
    8      675.739     6064.45       13        442         562         0
    9      719.286     6174.67       12        370         490         0
    10      727.591     6173.46       14        378         498         0
    11      721.74     6179.83       12        415         535         0
    12      688.638     6066.75       12        406         526         0
    13      685.375     6099.22       15        406         526         0
    14      727.247     6173.34       14        403         523         0
    15      720.234     6171.53       3        423         543         0
    16      686.488     6181.89       3        470         590         0
    17      722.72     6173.19       10        416         536         0
    18      725.894     6172.17       12        402         522         0
    19      663.248     6065.18       13        469         589         0
    20      702.611     6223.24       15        425         545         0
    21      716.867     6220.31       3        456         576         0
    22      720.891     6176.46       16        376         496         0
    23      714.316     6180.21       9        366         486         0
    24      677.652     6088.65       11        455         575         0
    25      698.871     6185.85       14        365         485         0
    26      584.312     6139.4       4        798         918         0
    27      512.477     6185.78       4        842         962         0
    28      565.881     6236.18       11        841         961         0
    29      557.661     6192.87       5        701         821         0
    30      500.078     6269.75       13        843         963         0
    31      553.772     6190.98       12        764         884         0
    32      601.201     6102.74       14        721         841         0
    33      586.652     6137.67       13        751         871         0
    34      480.363     6178.06       12        853         973         0
    35      558.174     6369.83       14        901         1021         0
    36      569.301     6336.87       12        826         946         0
    37      529.602     6149.63       12        775         895         0
    38      610.11     6089.12       15        773         893         0
    39      466.243     6147.57       14        873         993         0
    40      547.252     6158.79       3        942         1062         0
    41      601.688     6098.73       3        753         873         0
    42      549.809     6100.82       10        824         944         0
    43      517.625     6143.31       12        805         925         0
    44      564.719     6230.34       13        840         960         0
    45      575.261     6225.11       15        780         900         0
    46      478.324     6153.8       3        907         1027         0
    47      574.197     6222.84       16        733         853         0
    48      483.511     6257.98       9        819         939         0
    49      480.58     6091.55       11        847         967         0
    50      609.707     6074.21       14        701         821         0

0	2 3 4 7 8 9 10 11 12 13 14 16 18 19 22 23 24 25 26 27 29 30 32 33 34 35 37 39 40 42 43 44 45 47 48 49 
1	3 12 15 18 22 
2	4 7 20 21 0 
3	1 4 8 20 0 
4	2 3 5 6 0 
5	4 15 18 24 25 
6	4 9 10 11 23 
7	2 15 21 22 0 
8	3 10 17 19 0 
9	6 16 21 22 0 
10	6 8 18 24 0 
11	6 13 17 21 0 
12	1 14 17 19 0 
13	11 14 15 25 0 
14	12 13 17 19 0 
15	1 5 7 13 16 
16	9 15 17 23 0 
17	8 11 12 14 16 
18	1 5 10 19 0 
19	8 12 14 18 0 
20	2 3 23 24 25 
21	2 7 9 11 22 
22	1 7 9 21 0 
23	6 16 20 24 0 
24	5 10 20 23 0 
25	5 13 20 0 
26	31 36 43 46 0 
27	36 40 47 50 0 
28	39 40 43 44 50 
29	31 38 40 48 0 
30	31 32 40 46 0 
31	26 29 30 46 48 
32	30 43 44 49 0 
33	34 35 38 48 0 
34	33 36 38 47 0 
35	33 39 43 46 0 
36	26 27 34 37 48 
37	36 38 39 41 0 
38	29 33 34 37 46 
39	28 35 37 45 0 
40	27 28 29 30 0 
41	37 42 45 47 49 
42	41 44 49 50 0 
43	26 28 32 35 0 
44	28 32 42 47 0 
45	39 41 49 50 0 
46	26 30 31 35 38 
47	27 34 41 44 0 
48	29 31 33 36 0 
49	32 41 42 45 0 
50	27 28 42 45 

