C101

VEHICLE
NUMBER     CAPACITY
  25         200

CUSTOMER
CUST NO.  XCOORD.   YCOORD.    DEMAND   READY TIME  DUE DATE   SERVICE   TIME
 
    0      40         50         0         0        1236         0
    1      28         35         10         1001        1066         0
    2      33         32         20         68        149         0
    3      35         32         10         166        235         0
    4      42         15         10         95        158         0
    5      25         35         10         912        969         0
    6      30         32         30         448        509         0
    7      40         5         30         385        436         0
    8      25         30         10         725        786         0
    9      50         30         10         531        610         0
    10      45         30         10         734        777         0
    11      40         15         40         35        87         0
    12      38         5         30         471        534         0
    13      50         35         20         262        317         0
    14      92         30         10         478        551         0
    15      87         30         10         668        731         0
    16      44         5         20         286        347         0
    17      30         30         10         541        600         0
    18      88         30         10         574        643         0
    19      95         30         30         387        456         0
    20      33         35         10         16        80         0
    21      53         30         10         450        505         0
    22      47         35         10         826        875         0
    23      38         15         10         651        740         0
    24      32         30         10         359        412         0
    25      42         10         40         186        257         0
    26      45         65         10         997        1068         0
    27      20         80         20         384        429         0
    28      60         85         10         561        622         0
    29      15         80         10         278        345         0
    30      55         80         10         743        820         0
    31      45         70         30         825        870         0
    32      60         60         30         836        889         0
    33      40         66         10         170        225         0
    34      35         69         10         448        505         0
    35      62         80         10         196        239         0
    36      42         66         40         65        146         0
    37      60         80         30         95        156         0
    38      35         66         20         357        410         0
    39      42         68         10         727        782         0
    40      60         55         10         20        84         0
    41      38         70         20         534        605         0
    42      45         68         10         912        967         0
    43      18         75         10         99        148         0
    44      65         85         30         475        518         0
    45      70         58         10         458        523         0
    46      22         75         10         30        92         0
    47      67         85         10         368        441         0
    48      65         82         10         285        336         0
    49      22         85         10         567        620         0
    50      55         85         40         647        726         0

