30 30 1000 30 1000
  0  25.000  25.000   0   0    0 1000
  1  19.942  16.269   0   7  175  235
  2  13.131  45.499   0   9  522  582
  3  41.105  42.288   0  15  256  316
  4  29.622  23.653   0   5  529  589
  5  20.387  33.750   0  12  469  529
  6   8.195  24.765   0   5  436  496
  7  39.947  22.762   0  10  517  577
  8  32.184  39.039   0   8  414  474
  9  46.070  49.150   0  11   28   88
 10  15.395  23.920   0  12   96  156
 11  38.336  13.008   0   8  169  229
 12  49.706  28.635   0  14   54  114
 13  17.748  22.292   0  15  423  483
 14  42.549  29.924   0   8  112  172
 15  44.178   9.661   0  11  511  571
 16  26.591  36.243   0  11   36   96
 17   3.855   9.895   0   5   24   84
 18  37.401  26.569   0  11  293  353
 19  45.989  20.442   0   7  402  462
 20  35.511  15.228   0  10  496  556
 21  35.573  46.733   0  -7  209  269
 22  36.158  11.897   0  -9  562  622
 23  43.760  46.624   0 -15  261  321
 24  13.387  36.048   0  -5  549  609
 25  21.442  34.131   0 -12  470  530
 26   4.515  24.464   0  -5  439  499
 27  14.379  35.446   0 -10  545  605
 28  17.381  24.472   0  -8  434  494
 29  43.627  19.724   0 -11   57  117
 30   0.062  49.145   0 -12  125  185
 31  42.389  13.101   0  -8  173  233
 32   6.799  22.468   0 -14   97  157
 33  24.429   6.787   0 -15  439  499
 34  44.972  41.699   0  -8  124  184
 35  30.090  18.098   0 -11  527  587
 36  17.571  39.599   0 -11   45  105
 37  30.378  32.490   0  -5   58  118
 38  20.594   9.692   0 -11  316  376
 39  19.930  25.913   0  -7  428  488
 40   5.808  45.172   0 -10  538  598

