30 30 1000 30 1000
  0  25.000  25.000   0   0    0 1000
  1  34.548  16.947   0   9  527  647
  2  28.402  46.895   0  10  143  263
  3  16.459  40.222   0  14  144  264
  4   2.980  41.789   0  11  154  274
  5  27.881  11.250   0  12  203  323
  6  12.338  31.567   0  14   22  142
  7  24.993  36.846   0   6  137  257
  8  34.128  43.463   0  12  411  531
  9  37.055  14.494   0  10  510  630
 10  42.347  34.900   0  12  193  313
 11  21.314  35.006   0  10  325  445
 12   4.802   1.609   0  10   80  200
 13   3.391  29.245   0  11  149  269
 14  32.467  49.455   0  15  272  392
 15  40.532  24.883   0  14  115  235
 16  43.111   6.773   0   8  374  494
 17   7.223  34.563   0   8   89  209
 18  16.030  15.249   0   8  535  655
 19   8.135  15.820   0  14  151  271
 20  30.819   3.480   0   7  560  680
 21  13.850  26.773   0  -9  549  669
 22  34.924  33.086   0 -10  158  278
 23  31.720  11.567   0 -14  176  296
 24  28.881  37.179   0 -11  180  300
 25  41.328  33.122   0 -12  228  348
 26  17.327  29.285   0 -14   27  147
 27  22.503  21.888   0  -6  152  272
 28  22.048  24.351   0 -12  433  553
 29  36.595  28.844   0 -10  524  644
 30   1.654   3.597   0 -12  244  364
 31  47.114   2.880   0 -10  366  486
 32   1.391  41.648   0 -10  120  240
 33   7.407  46.855   0 -11  167  287
 34  18.813  46.961   0 -15  285  405
 35  40.003  25.432   0 -14  115  235
 36  14.914  28.117   0  -8  409  529
 37  22.596   8.832   0  -8  118  238
 38  17.636  45.275   0  -8  565  685
 39  46.958   7.590   0 -14  190  310
 40  34.451   5.703   0  -7  564  684

