30 30 1000 30 1000
  0  25.000  25.000   0   0    0 1000
  1  45.479  47.350   0   9  200  320
  2  14.637   2.649   0   5   40  160
  3  31.784  39.682   0  16  448  568
  4  22.594  49.458   0  20   13  133
  5   1.279   7.844   0  10  559  679
  6  49.591   5.129   0  20  207  327
  7  14.900   8.658   0   6  114  234
  8  21.227  46.868   0  18  364  484
  9   0.401   2.882   0   7   29  149
 10   0.992  42.377   0   9  112  232
 11   8.671  23.026   0   8  235  355
 12  32.845  31.582   0  18  409  529
 13   1.221  19.986   0  12  146  266
 14  30.561  28.302   0  12  434  554
 15  36.089  46.410   0  15  107  227
 16  38.427  21.803   0   7  367  487
 17  31.439   5.571   0  14  559  679
 18  47.912  10.565   0  14  402  522
 19  30.745   9.007   0  19  386  506
 20  45.764   8.559   0   7  480  600
 21   5.293  33.895   0  -9  242  362
 22  39.612  41.714   0  -5   86  206
 23  37.150   7.767   0 -16  480  600
 24  20.410  42.960   0 -20   19  139
 25  39.731   3.207   0 -10  597  717
 26  13.064  46.942   0 -20  262  382
 27  11.596  17.549   0  -6  123  243
 28  35.094  10.910   0 -18  402  522
 29  15.455  49.859   0  -7   78  198
 30   9.693   8.836   0  -9  146  266
 31  12.492  13.799   0  -8  244  364
 32  24.334  41.503   0 -18  422  542
 33  13.111  48.089   0 -12  176  296
 34  24.422  33.443   0 -12  442  562
 35  25.272  28.466   0 -15  127  247
 36  42.778  11.453   0  -7  378  498
 37  39.423  13.020   0 -14  569  689
 38  32.147  17.898   0 -14  419  539
 39  10.796   9.047   0 -19  405  525
 40  30.328  42.175   0  -7  516  636

