MW

VEHICLE
NUMBER     CAPACITY
  25         33

CUSTOMER
CUST NO.   XCOORD.    YCOORD.    DEMAND   READY TIME   DUE DATE   SERVICE TIME

    0      677.908     6150.22       0         360        1320         0
    1      681.736     6202.21       13        375         495         0
    2      701.138     6151.3       13        360         466         0
    3      652.039     6171.58       12        360         475         0
    4      715.238     6169.8       3        360         475         0
    5      719.124     6184.43       12        375         495         0
    6      723.486     6178.63       13        420         540         0
    7      723.734     6174.88       5        367         487         0
    8      719.29     6179.23       4        438         558         0
    9      726.163     6176.15       10        389         509         0
    10      701.535     6149.75       15        370         490         0
    11      545.244     6157.35       13        909         1029         0
    12      533.203     6173.31       13        794         914         0
    13      562.307     6223.35       12        702         822         0
    14      602.378     6102.04       3        708         828         0
    15      548.134     6158.2       12        754         874         0
    16      525.924     6100.35       13        829         949         0
    17      521.959     6153.84       5        954         1074         0
    18      534.033     6225.02       4        758         878         0
    19      615.509     6254.28       10        693         813         0
    20      530.279     6147.99       15        794         914         0

0	1 2 3 4 5 6 9 10 11 12 13 15 17 18 19 20 
1	6 8 9 10 0 
2	3 6 7 10 0 
3	2 5 8 10 0 
4	5 7 8 9 0 
5	3 4 6 8 0 
6	1 2 5 7 0 
7	2 4 6 9 10 
8	1 3 4 5 9 
9	1 4 7 8 0 
10	1 2 3 7 0 
11	16 17 18 19 0 
12	14 15 19 20 0 
13	15 17 18 20 0 
14	12 15 17 18 20 
15	12 13 14 19 0 
16	11 17 18 19 20 
17	11 13 14 16 0 
18	11 13 14 16 0 
19	11 12 15 16 0 
20	12 13 14 16 0 

