MW

VEHICLE
NUMBER     CAPACITY
  25         33

CUSTOMER
CUST NO.   XCOORD.    YCOORD.    DEMAND   READY TIME   DUE DATE   SERVICE TIME

    0      677.908     6150.22       0         360        1320         0
    1      720.445     6174.09       11        369         489         0
    2      700.635     6166.28       10        370         490         0
    3      639.776     6165.74       9        415         535         0
    4      724.05     6179.61       6        435         555         0
    5      650.574     6158.21       12        360         470         0
    6      708.344     6183.51       12        392         512         0
    7      710.145     6172.85       14        415         535         0
    8      659.742     6196.52       11        370         490         0
    9      714.274     6221.24       13        436         556         0
    10      716.808     6188.57       4        368         488         0
    11      723.223     6178.17       4        403         523         0
    12      725.316     6178.52       11        417         537         0
    13      720.602     6181.33       5        385         505         0
    14      722.909     6178.31       13        389         509         0
    15      704.983     6218.63       12        468         588         0
    16      650.211     6143.65       14        360         472         0
    17      675.739     6064.45       13        444         564         0
    18      719.286     6174.67       12        430         550         0
    19      727.591     6173.46       14        391         511         0
    20      721.74     6179.83       12        420         540         0
    21      688.638     6066.75       12        444         564         0
    22      685.375     6099.22       15        406         526         0
    23      727.247     6173.34       14        416         536         0
    24      720.234     6171.53       3        375         495         0
    25      686.488     6181.89       3        360         465         0
    26      722.72     6173.19       10        415         535         0
    27      725.894     6172.17       12        402         522         0
    28      663.248     6065.18       13        409         529         0
    29      702.611     6223.24       15        428         548         0
    30      716.867     6220.31       3        410         530         0
    31      720.891     6176.46       16        400         520         0
    32      714.316     6180.21       9        414         534         0
    33      677.652     6088.65       11        413         533         0
    34      698.871     6185.85       14        397         517         0
    35      720.215     6208.11       6        406         526         0
    36      698.282     6194.38       4        410         530         0
    37      696.275     6220.31       5        450         570         0
    38      637.71     6078.14       15        407         527         0
    39      723.904     6180.11       11        395         515         0
    40      717.398     6182.6       16        412         532         0
    41      589.102     6141.11       11        725         845         0
    42      491.71     6250.34       10        953         1073         0
    43      561.983     6239.17       9        900         1020         0
    44      464.065     6206.48       6        848         968         0
    45      529.917     6151.19       12        833         953         0
    46      455.065     6216.52       12        883         1003         0
    47      465.32     6146.89       14        828         948         0
    48      601.115     6102.21       11        676         796         0
    49      552.75     6190.79       13        833         953         0
    50      584.312     6139.4       4        732         852         0
    51      512.477     6185.78       4        841         961         0
    52      565.881     6236.18       11        842         962         0
    53      557.661     6192.87       5        731         851         0
    54      500.078     6269.75       13        872         992         0
    55      553.772     6190.98       12        809         929         0
    56      601.201     6102.74       14        700         820         0
    57      586.652     6137.67       13        744         864         0
    58      480.363     6178.06       12        784         904         0
    59      558.174     6369.83       14        890         1010         0
    60      569.301     6336.87       12        792         912         0
    61      529.602     6149.63       12        809         929         0
    62      610.11     6089.12       15        756         876         0
    63      466.243     6147.57       14        853         973         0
    64      547.252     6158.79       3        765         885         0
    65      601.688     6098.73       3        729         849         0
    66      549.809     6100.82       10        751         871         0
    67      517.625     6143.31       12        896         1016         0
    68      564.719     6230.34       13        828         948         0
    69      575.261     6225.11       15        811         931         0
    70      478.324     6153.8       3        858         978         0
    71      574.197     6222.84       16        775         895         0
    72      483.511     6257.98       9        836         956         0
    73      480.58     6091.55       11        896         1016         0
    74      609.707     6074.21       14        625         745         0
    75      609.996     6089.56       6        773         893         0
    76      592.044     6140.56       4        793         913         0
    77      586.112     6136.38       5        742         862         0
    78      575.71     6226.27       15        785         905         0
    79      578.438     6202.85       11        819         939         0
    80      577.137     6229.79       16        713         833         0

0	1 3 4 5 7 9 10 11 12 13 16 17 19 20 22 25 26 27 28 29 30 32 33 35 38 40 41 43 44 45 47 48 50 53 57 58 59 60 62 63 66 68 69 70 71 72 73 74 75 76 79 80 
1	10 26 39 40 0 
2	5 14 20 25 32 
3	8 22 27 29 0 
4	7 20 23 29 0 
5	2 25 27 31 0 
6	11 12 26 27 37 
7	4 8 10 37 0 
8	3 7 9 11 33 
9	8 23 25 29 0 
10	1 7 13 14 0 
11	6 8 15 28 0 
12	6 26 34 38 0 
13	10 17 23 31 0 
14	2 10 17 21 38 
15	11 19 24 37 39 
16	20 28 36 39 0 
17	13 14 23 28 0 
18	22 33 35 38 39 
19	15 30 35 37 0 
20	2 4 16 30 0 
21	14 25 33 34 40 
22	3 18 31 32 0 
23	4 9 13 17 35 
24	15 26 28 32 38 
25	2 5 9 21 0 
26	1 6 12 24 0 
27	3 5 6 36 0 
28	11 16 17 24 0 
29	3 4 9 40 0 
30	19 20 34 36 0 
31	5 13 22 34 35 
32	2 22 24 34 0 
33	8 18 21 39 0 
34	12 21 30 31 32 
35	18 19 23 31 0 
36	16 27 30 37 40 
37	6 7 15 19 36 
38	12 14 18 24 0 
39	1 15 16 18 33 
40	1 21 29 36 0 
41	57 61 70 75 0 
42	45 46 63 68 73 
43	45 46 50 76 0 
44	49 53 61 80 0 
45	42 43 63 74 0 
46	42 43 48 50 57 
47	59 61 64 69 0 
48	46 50 52 57 0 
49	44 58 67 75 76 
50	43 46 48 64 0 
51	54 62 63 65 78 
52	48 62 72 75 80 
53	44 54 56 69 0 
54	51 53 62 70 71 
55	64 66 70 71 74 
56	53 60 64 68 79 
57	41 46 48 77 0 
58	49 60 68 72 0 
59	47 70 77 78 0 
60	56 58 65 75 0 
61	41 44 47 66 74 
62	51 52 54 78 0 
63	42 45 51 74 0 
64	47 50 55 56 65 
65	51 60 64 67 77 
66	55 61 67 69 0 
67	49 65 66 72 79 
68	42 56 58 71 0 
69	47 53 66 80 0 
70	41 54 55 59 0 
71	54 55 68 80 0 
72	52 58 67 73 0 
73	42 72 77 79 0 
74	45 55 61 63 0 
75	41 49 52 60 0 
76	43 49 77 78 0 
77	57 59 65 73 76 
78	51 59 62 76 79 
79	56 67 73 78 0 
80	44 52 69 71 0 

