MW

VEHICLE
NUMBER     CAPACITY
  25         33

CUSTOMER
CUST NO.   XCOORD.    YCOORD.    DEMAND   READY TIME   DUE DATE   SERVICE TIME

    0      677.908     6150.22       0         360        1320         0
    1      720.415     6176.26       16        375         495         0
    2      711.815     6208.84       10        422         542         0
    3      710.831     6168.72       4        360         471         0
    4      662.179     6199.59       4        424         544         0
    5      720.134     6210.2       3        441         561         0
    6      723.05     6178.5       9        372         492         0
    7      722.462     6177.77       3        365         485         0
    8      719.104     6173.16       3        373         493         0
    9      726.755     6174.37       6        454         574         0
    10      718.638     6205.73       8        423         543         0
    11      665.308     6126.82       4        561         681         0
    12      714.197     6169.88       3        360         474         0
    13      711.357     6175.12       14        385         505         0
    14      712.256     6183.71       10        367         487         0
    15      724.312     6179.85       7        391         511         0
    16      713.038     6174.56       8        425         545         0
    17      680.041     6165.33       16        360         461         0
    18      714     6175.86       7        361         481         0
    19      729.376     6171.38       3        368         488         0
    20      719.162     6180.84       7        440         560         0
    21      721.643     6191.9       4        400         520         0
    22      713.328     6180.33       15        371         491         0
    23      707.883     6172.44       10        409         529         0
    24      718.616     6178.59       8        367         487         0
    25      692.484     6114.23       9        372         492         0
    26      722.535     6177.88       3        378         498         0
    27      717.147     6175.32       6        413         533         0
    28      711.404     6173.04       10        416         536         0
    29      725.608     6177.62       15        395         515         0
    30      721.531     6176.62       16        401         521         0
    31      727.024     6174.27       8        437         557         0
    32      721.822     6219.43       6        466         586         0
    33      719.715     6183.74       3        366         486         0
    34      719.111     6188.92       17        403         523         0
    35      702.635     6157.13       7        368         488         0
    36      724.934     6178.54       14        420         540         0
    37      716.681     6177.79       15        389         509         0
    38      713.787     6180.53       6        412         532         0
    39      695.755     6172.19       9        360         467         0
    40      716.455     6174.31       10        407         527         0
    41      538.181     6086.48       16        742         862         0
    42      588.257     6139.25       10        733         853         0
    43      528.913     6152.56       4        1032         1152         0
    44      500.074     6269.75       4        849         969         0
    45      585.053     6140.35       3        780         900         0
    46      557.926     6181.75       9        740         860         0
    47      609.023     6077.16       3        832         952         0
    48      507.721     6199.18       3        824         944         0
    49      522.714     6075.1       6        975         1095         0
    50      526.981     6257.53       8        853         973         0
    51      465.029     6147.73       4        923         1043         0
    52      466.076     6153.32       3        816         936         0
    53      468.578     6147.06       14        906         1026         0
    54      604.134     6229.59       10        762         882         0
    55      569.239     6227.02       7        783         903         0
    56      527.858     6099.83       8        845         965         0
    57      550.967     6189.33       16        799         919         0
    58      460.95     6153.72       7        838         958         0
    59      524.269     6122.27       3        763         883         0
    60      559.318     6372.82       7        919         1039         0
    61      575.715     6233.07       4        762         882         0
    62      526.379     6098.38       15        751         871         0
    63      551.154     6085.19       10        814         934         0
    64      509.955     6220.24       8        919         1039         0
    65      551.548     6086.12       9        793         913         0
    66      525.913     6100.63       3        766         886         0
    67      566.795     6235.3       6        868         988         0
    68      571.232     6217.31       10        809         929         0
    69      563.362     6174.24       15        774         894         0
    70      590.77     6143.61       16        684         804         0
    71      457.13     6170.15       8        873         993         0
    72      533.887     6226.46       6        981         1101         0
    73      467.87     6149.23       3        939         1059         0
    74      573.181     6218.7       17        676         796         0
    75      548.053     6158.34       7        805         925         0
    76      586.957     6140.17       14        781         901         0
    77      525.684     6178.37       15        798         918         0
    78      485.912     6227.87       6        876         996         0
    79      533.521     6173.36       9        814         934         0
    80      505.052     6116.03       10        916         1036         0

0	1 2 3 4 5 8 10 12 13 14 15 16 20 21 22 24 25 27 28 29 31 34 35 37 38 40 41 42 43 45 49 50 53 54 55 56 57 60 62 63 64 65 66 67 68 69 70 71 73 76 78 79 
1	7 22 23 35 0 
2	12 13 30 32 0 
3	5 16 23 24 0 
4	24 30 32 39 0 
5	3 6 21 26 0 
6	5 7 21 29 38 
7	1 6 15 20 31 
8	9 11 12 14 0 
9	8 13 22 24 33 
10	18 25 31 35 0 
11	8 19 25 37 38 
12	2 8 23 33 0 
13	2 9 26 27 0 
14	8 18 33 39 0 
15	7 21 29 30 0 
16	3 30 33 40 0 
17	23 27 28 31 35 
18	10 14 20 22 36 
19	11 20 27 33 40 
20	7 18 19 23 0 
21	5 6 15 40 0 
22	1 9 18 25 0 
23	1 3 12 17 20 
24	3 4 9 30 0 
25	10 11 22 34 0 
26	5 13 29 34 35 
27	13 17 19 29 0 
28	17 36 37 38 0 
29	6 15 26 27 0 
30	2 4 15 16 24 
31	7 10 17 36 0 
32	2 4 34 37 39 
33	9 12 14 16 19 
34	25 26 32 36 0 
35	1 10 17 26 0 
36	18 28 31 34 38 
37	11 28 32 39 0 
38	6 11 28 36 0 
39	4 14 32 37 40 
40	16 19 21 39 0 
41	47 67 69 75 0 
42	67 70 72 75 0 
43	54 63 67 77 0 
44	46 52 60 78 79 
45	48 68 74 77 0 
46	44 49 53 58 63 
47	41 55 64 65 74 
48	45 49 52 56 76 
49	46 48 54 75 0 
50	53 59 61 62 0 
51	54 57 59 69 80 
52	44 48 67 75 78 
53	46 50 72 76 0 
54	43 49 51 65 0 
55	47 66 78 80 0 
56	48 73 74 80 0 
57	51 60 61 73 0 
58	46 59 60 63 66 
59	50 51 58 69 70 
60	44 57 58 80 0 
61	50 57 73 77 79 
62	50 69 72 74 0 
63	43 46 58 78 0 
64	47 65 70 73 0 
65	47 54 64 74 0 
66	55 58 68 72 0 
67	41 42 43 52 0 
68	45 66 71 75 0 
69	41 51 59 62 0 
70	42 59 64 71 0 
71	68 70 77 80 0 
72	42 53 62 66 76 
73	56 57 61 64 0 
74	45 47 56 62 65 
75	41 42 49 52 68 
76	48 53 72 79 0 
77	43 45 61 71 79 
78	44 52 55 63 0 
79	44 61 76 77 0 
80	51 55 56 60 71

