MW

VEHICLE
NUMBER     CAPACITY
  25         33

CUSTOMER
CUST NO.   XCOORD.    YCOORD.    DEMAND   READY TIME   DUE DATE   SERVICE TIME

    0      677.908     6150.22       0         360        1320         0
    1      650.638     6158.02       14        405         525         0
    2      716.363     6174.3       8        410         530         0
    3      714.911     6181.04       16        399         519         0
    4      724.924     6185.53       5        413         533         0
    5      632.526     6172.94       6        434         554         0
    6      711.403     6168.68       10        381         501         0
    7      714.979     6193.94       6        373         493         0
    8      682.601     6209.48       8        423         543         0
    9      686.102     6142.44       16        360         457         0
    10      717.131     6191.94       16        383         503         0
    11      701.615     6166       17        376         496         0
    12      678.177     6147.8       4        360         436         0
    13      710.735     6222.41       12        428         548         0
    14      724.704     6177.7       12        389         509         0
    15      708.98     6204.28       6        424         544         0
    16      677.024     6121.8       13        391         511         0
    17      722.709     6177.53       3        395         515         0
    18      698.422     6156.44       14        394         514         0
    19      703.229     6087.96       15        419         539         0
    20      661.038     6072.66       8        452         572         0
    21      719.37     6181.88       12        374         494         0
    22      717.531     6184.06       8        417         537         0
    23      722.935     6174.72       13        412         532         0
    24      668.369     6075.59       4        389         509         0
    25      720.196     6206.48       3        409         529         0
    26      718.316     6180.08       11        371         491         0
    27      721.72     6173.93       16        389         509         0
    28      721.058     6176.7       14        421         541         0
    29      718.122     6191.53       17        411         531         0
    30      725.781     6175.59       4        429         549         0
    31      693.224     6169.38       7        364         484         0
    32      699.534     6110.5       10        401         521         0
    33      708.663     6184       15        427         547         0
    34      686.167     6208.06       15        401         521         0
    35      661.986     6072.96       12        418         538         0
    36      720.053     6185.56       4        369         489         0
    37      718.321     6172.51       10        366         486         0
    38      671.803     6064.21       5        488         608         0
    39      667.092     6201.52       11        422         542         0
    40      720.256     6173.99       13        414         534         0
    41      456.001     6182.19       14        864         984         0
    42      573.561     6220.77       8        849         969         0
    43      574.202     6222.41       16        741         861         0
    44      559.067     6224.22       5        746         866         0
    45      482.985     6299.27       6        905         1025         0
    46      530.776     6123.11       10        808         928         0
    47      450.058     6275.28       6        903         1023         0
    48      457.059     6254.34       8        943         1063         0
    49      481.833     6147.08       16        891         1011         0
    50      579.03     6318.46       16        784         904         0
    51      492.235     6232.95       17        820         940         0
    52      569.83     6224       4        841         961         0
    53      545.397     6153.67       12        767         887         0
    54      574.717     6227.01       12        805         925         0
    55      576.668     6228.97       6        735         855         0
    56      587.925     6138.56       13        772         892         0
    57      531.01     6224.73       3        816         936         0
    58      563.296     6173.74       14        747         867         0
    59      547.109     6158.31       15        797         917         0
    60      521.717     6221.71       8        923         1043         0
    61      460.598     6202.85       12        819         939         0
    62      562.709     6259.5       8        885         1005         0
    63      465.298     6150.06       13        960         1080         0
    64      465.532     6222.4       4        1014         1134         0
    65      548.266     6190.59       3        775         895         0
    66      563.6     6255.18       11        803         923         0
    67      565.512     6259.2       16        742         862         0
    68      533.784     6170.53       14        751         871         0
    69      496.047     6100.56       17        772         892         0
    70      570.902     6224.38       4        826         946         0
    71      523.735     6076.79       7        862         982         0
    72      558.174     6369.83       10        862         982         0
    73      572.378     6227.02       15        787         907         0
    74      531.595     6121.09       15        777         897         0
    75      481.004     6146.97       12        864         984         0
    76      527.179     6258.73       4        979         1099         0
    77      574.69     6226.25       10        769         889         0
    78      587.535     6144.23       5        940         1060         0
    79      575.096     6224.66       11        750         870         0
    80      603.456     6232.45       13        909         1029         0

0	1 2 3 6 7 9 10 11 12 14 15 18 20 21 22 23 24 27 28 29 30 31 32 34 37 38 41 42 43 44 45 46 51 54 55 56 57 58 60 61 62 63 64 65 67 71 72 74 75 77 78 80 
1	3 8 17 37 0 
2	5 12 27 40 0 
3	1 11 20 24 0 
4	9 17 21 32 33 
5	2 16 17 25 29 
6	22 26 35 37 0 
7	8 11 13 20 0 
8	1 7 19 20 29 
9	4 10 12 33 0 
10	9 12 17 20 0 
11	3 7 29 37 0 
12	2 9 10 19 0 
13	7 17 18 25 28 
14	18 26 27 35 0 
15	25 35 38 40 0 
16	5 19 23 31 35 
17	1 4 5 10 13 
18	13 14 19 22 0 
19	8 12 16 18 36 
20	3 7 8 10 0 
21	4 24 36 40 0 
22	6 18 25 26 0 
23	16 28 30 38 0 
24	3 21 33 38 0 
25	5 13 15 22 33 
26	6 14 22 27 36 
27	2 14 26 34 0 
28	13 23 30 33 0 
29	5 8 11 39 0 
30	23 28 31 36 0 
31	16 30 34 39 0 
32	4 34 39 40 0 
33	4 9 24 25 28 
34	27 31 32 39 0 
35	6 14 15 16 36 
36	19 21 26 30 35 
37	1 6 11 40 0 
38	15 23 24 39 0 
39	29 31 32 34 38 
40	2 15 21 32 37 
41	47 49 66 76 0 
42	47 69 71 80 0 
43	49 51 61 65 0 
44	54 57 61 70 0 
45	49 67 69 70 0 
46	48 61 62 73 0 
47	41 42 53 63 80 
48	46 55 58 73 76 
49	41 43 45 52 57 
50	54 65 72 74 78 
51	43 55 64 73 0 
52	49 60 63 70 77 
53	47 61 66 69 76 
54	44 50 68 74 0 
55	48 51 73 80 0 
56	60 76 79 80 0 
57	44 49 66 72 0 
58	48 60 64 69 0 
59	62 65 66 71 74 
60	52 56 58 66 0 
61	43 44 46 53 0 
62	46 59 67 75 0 
63	47 52 68 69 0 
64	51 58 68 70 0 
65	43 50 59 76 0 
66	41 53 57 59 60 
67	45 62 74 77 0 
68	54 63 64 72 78 
69	42 45 53 58 63 
70	44 45 52 64 79 
71	42 59 78 79 0 
72	50 57 68 75 0 
73	46 48 51 55 75 
74	50 54 59 67 0 
75	62 72 73 79 0 
76	41 48 53 56 65 
77	52 67 78 79 0 
78	50 68 71 77 0 
79	56 70 71 75 77 
80	42 47 55 56 0 

