C101

VEHICLE
NUMBER     CAPACITY
  25         200

CUSTOMER
CUST NO.  XCOORD.   YCOORD.    DEMAND   READY TIME  DUE DATE   SERVICE   TIME
 
    0      40         50         0         0        1236         0
    1      35         5         15         562        629         0
    2      35         30         5         264        321         0
    3      48         30        10         632        693         0
    4      42         15        15         95        158         0
    5      85         25        12         769        820         0
    6      88         30        10         574        643         0
    7      30         32         8         448        509         0
    8      25         30        10         725        786         0
    9      50         30        20         531        610         0
    10      87         30       10         668        731         0
    11      28         30       10         632        693         0
    12      35         32       15         166        235         0
    13      92         30       25         478        551         0
    14      45         30       10         734        777         0
    15      40          5       10         385        436         0
    16      45         68       15         912        967         0
    17      15         80        5         278        345         0
    18      42         68       10         727        782         0
    19      18         75       15         99        148         0
    20      38         70       12         534        605         0
    21      38         68       10         255        324         0
    22      55         85        8         647        726         0
    23      20         80       10         384        429         0
    24      62         80       20         196        239         0
    25      15         75       10         179        254         0
    26      60         85       10         561        622         0
    27      20         85       15         475        528         0
    28      25         85       25         652        721         0
    29      22         75       10         30        92         0
    30      58         75       10         30        84         0

