MW

VEHICLE
NUMBER     CAPACITY
  25         33

CUSTOMER
CUST NO.   XCOORD.    YCOORD.    DEMAND   READY TIME   DUE DATE   SERVICE TIME

    0      677.908     6150.22       0         360        1320         0
    1      720.683     6220.16       4        413         533         0
    2      721.52     6174.3       17        376         496         0
    3      718.607     6191.42       10        423         543         0
    4      639.863     6162.56       5        378         498         0
    5      724.421     6180.44       4        408         528         0
    6      638.158     6137.79       6        377         497         0
    7      685.597     6157.24       4        360         444         0
    8      657.716     6156.35       17        372         492         0
    9      724.079     6179.62       5        438         558         0
    10      721.747     6191.12       4        387         507         0
    11      716.296     6180.97       8        395         515         0
    12      723.944     6177.58       12        375         495         0
    13      724.034     6180.17       4        422         542         0
    14      718.939     6174.63       11        427         547         0
    15      720.26     6207.48       6        401         521         0
    16      703.791     6210.83       7        418         538         0
    17      717.829     6187.55       5        423         543         0
    18      689.17     6099.31       7        386         506         0
    19      704.93     6173.57       8        360         473         0
    20      708.746     6197.15       16        382         502         0
    21      690.749     6160.83       5        431         551         0
    22      688.373     6155       5        360         446         0
    23      718.306     6174.28       7        389         509         0
    24      720.869     6177.07       7        403         523         0
    25      691.57     6066.32       16        444         564         0
    26      662.989     6187.58       8        386         506         0
    27      706.084     6172.27       7        360         472         0
    28      718.975     6218.51       7        396         516         0
    29      708.968     6203.92       10        436         556         0
    30      669.697     6075.76       8        494         614         0
    31      725.886     6169.91       14        415         535         0
    32      723.284     6215.26       16        459         579         0
    33      659.256     6195.32       7        460         580         0
    34      659.835     6179.34       13        418         538         0
    35      714.116     6172.69       9        361         481         0
    36      657.18     6192.94       16        405         525         0
    37      726.176     6166.73       9        388         508         0
    38      718.474     6177.04       14        372         492         0
    39      717.873     6190.87       13        405         525         0
    40      722.34     6178.69       12        374         494         0
    41      697.736     6203.43       15        381         501         0
    42      723.907     6179.26       15        392         512         0
    43      675.1     6158.54       13        395         515         0
    44      713.247     6169.4       5        410         530         0
    45      717.55     6177.08       7        364         484         0
    46      717.011     6174.87       6        381         501         0
    47      676.191     6061.76       10        423         543         0
    48      726.671     6175.26       8        408         528         0
    49      676.349     6121.12       12        391         511         0
    50      685.451     6073.04       9        457         577         0
    51      532.891     6223.72       4        798         918         0
    52      498.716     6221.57       17        868         988         0
    53      573.516     6226.69       10        784         904         0
    54      588.124     6228.13       5        683         803         0
    55      537.062     6222.06       4        944         1064         0
    56      602.301     6147.96       6        647         767         0
    57      471.662     6105.06       4        827         947         0
    58      563.954     6257.95       17        797         917         0
    59      570.158     6224.09       5        819         939         0
    60      445.42     6212.54       4        895         1015         0
    61      532.974     6172.68       8        797         917         0
    62      575.704     6233       12        735         855         0
    63      545.234     6089.61       4        736         856         0
    64      570.063     6255.83       11        763         883         0
    65      570.782     6224.79       6        803         923         0
    66      574.602     6226.39       7        763         883         0
    67      571.521     6221.26       5        837         957         0
    68      559.352     6219.73       7        802         922         0
    69      565.931     6236.97       8        862         982         0
    70      513.415     6173.76       16        828         948         0
    71      614.493     6254.86       5        718         838         0
    72      572.12     6223.28       5        824         944         0
    73      459.228     6154.06       7        935         1055         0
    74      570.702     6225.04       7        771         891         0
    75      565.087     6258.88       16        794         914         0
    76      564.719     6230.34       8        761         881         0
    77      568.486     6219.3       7        788         908         0
    78      446.675     6234.22       7        884         1004         0
    79      610.12     6089.33       10        684         804         0
    80      517.911     6186.58       8        835         955         0
    81      531.601     6245.98       14        875         995         0
    82      505.468     6088.55       16        861         981         0
    83      562.601     6260.68       7        804         924         0
    84      575.364     6213.49       13        732         852         0
    85      558.981     6320.93       9        841         961         0
    86      469.731     6196.54       16        824         944         0
    87      551.56     6153.76       9        726         846         0
    88      611.072     6081.22       14        717         837         0
    89      518.687     6123.4       13        781         901         0
    90      554.1     6235.13       12        777         897         0
    91      582.1     6258.74       15        747         867         0
    92      572.151     6223.47       15        808         928         0
    93      448.936     6221.04       13        949         1069         0
    94      475.999     6148.31       5        872         992         0
    95      590.857     6365.87       7        813         933         0
    96      538.447     6202.57       6        769         889         0
    97      553.124     6317.91       10        921         1041         0
    98      574.685     6225.12       8        712         832         0
    99      508.267     6200.45       12        763         883         0
    100      573.408     6222.75       9        782         902         0

0	2 3 6 8 9 11 12 15 16 19 21 23 25 26 28 29 30 31 32 33 34 35 36 38 39 40 41 42 43 46 48 49 51 52 54 55 56 57 60 61 63 64 65 66 67 68 70 71 72 74 77 78 79 80 81 85 87 88 89 90 91 96 99 100 
1	4 13 15 18 38 
2	10 25 43 47 0 
3	5 13 32 36 0 
4	1 24 27 36 40 
5	3 8 10 25 29 
6	13 17 20 49 0 
7	12 15 20 22 34 
8	5 17 19 44 0 
9	10 11 19 34 0 
10	2 5 9 28 47 
11	9 19 20 31 0 
12	7 25 39 42 0 
13	1 3 6 21 45 
14	32 34 38 48 49 
15	1 7 41 50 0 
16	22 37 39 49 0 
17	6 8 20 21 43 
18	1 22 27 35 45 
19	8 9 11 36 0 
20	6 7 11 17 23 
21	13 17 33 50 0 
22	7 16 18 33 41 
23	20 28 43 44 0 
24	4 25 26 43 50 
25	2 5 12 24 0 
26	24 35 46 50 0 
27	4 18 32 46 48 
28	10 23 33 47 0 
29	5 30 32 37 0 
30	29 35 45 46 0 
31	11 39 44 45 0 
32	3 14 27 29 0 
33	21 22 28 41 0 
34	7 9 14 45 0 
35	18 26 30 38 0 
36	3 4 19 46 0 
37	16 29 42 44 49 
38	1 14 35 41 0 
39	12 16 31 47 0 
40	4 42 47 48 0 
41	15 22 33 38 0 
42	12 37 40 50 0 
43	2 17 23 24 0 
44	8 23 31 37 48 
45	13 18 30 31 34 
46	26 27 30 36 0 
47	2 10 28 39 40 
48	14 27 40 44 0 
49	6 14 16 37 0 
50	15 21 24 26 42 
51	52 67 83 98 0 
52	51 67 86 91 0 
53	58 65 66 70 88 
54	56 83 96 97 0 
55	56 65 86 90 0 
56	54 55 93 94 0 
57	66 70 84 94 0 
58	53 64 78 85 96 
59	65 68 70 79 100 
60	69 77 81 98 0 
61	69 77 78 87 0 
62	63 64 76 88 93 
63	62 71 82 90 0 
64	58 62 73 93 0 
65	53 55 59 95 0 
66	53 57 69 95 0 
67	51 52 73 76 0 
68	59 75 87 90 0 
69	60 61 66 95 99 
70	53 57 59 73 0 
71	63 82 98 100 0 
72	76 78 83 95 0 
73	64 67 70 75 95 
74	82 84 92 96 0 
75	68 73 82 86 94 
76	62 67 72 77 87 
77	60 61 76 84 0 
78	58 61 72 82 0 
79	59 81 86 99 0 
80	83 86 98 99 0 
81	60 79 84 89 0 
82	63 71 74 75 78 
83	51 54 72 80 97 
84	57 74 77 81 90 
85	58 89 93 99 0 
86	52 55 75 79 80 
87	61 68 76 89 0 
88	53 62 89 92 0 
89	81 85 87 88 0 
90	55 63 68 84 0 
91	52 92 93 97 0 
92	74 88 91 96 98 
93	56 62 64 85 91 
94	56 57 75 97 100 
95	65 66 69 72 73 
96	54 58 74 92 0 
97	54 83 91 94 100 
98	51 60 71 80 92 
99	69 79 80 85 0 
100	59 71 94 97 0 

