MW

VEHICLE
NUMBER     CAPACITY
  25         33

CUSTOMER
CUST NO.   XCOORD.    YCOORD.    DEMAND   READY TIME   DUE DATE   SERVICE TIME

    0      677.908     6150.22       0         360        1320         0
    1      720.415     6176.26       16        403         523         0
    2      711.815     6208.84       10        426         546         0
    3      710.831     6168.72       4        360         471         0
    4      662.179     6199.59       4        418         538         0
    5      720.134     6210.2       3        386         506         0
    6      723.05     6178.5       9        372         492         0
    7      722.462     6177.77       3        365         485         0
    8      719.104     6173.16       3        360         480         0
    9      726.755     6174.37       6        421         541         0
    10      718.638     6205.73       8        430         550         0
    11      665.308     6126.82       4        372         492         0
    12      714.197     6169.88       3        368         488         0
    13      711.357     6175.12       14        365         485         0
    14      712.256     6183.71       10        407         527         0
    15      724.312     6179.85       7        391         511         0
    16      713.038     6174.56       8        411         531         0
    17      680.041     6165.33       16        395         515         0
    18      714     6175.86       7        361         481         0
    19      729.376     6171.38       3        389         509         0
    20      719.162     6180.84       7        368         488         0
    21      721.643     6191.9       4        397         517         0
    22      713.328     6180.33       15        396         516         0
    23      707.883     6172.44       10        360         477         0
    24      718.616     6178.59       8        367         487         0
    25      692.484     6114.23       9        419         539         0
    26      722.535     6177.88       3        365         485         0
    27      717.147     6175.32       6        362         482         0
    28      711.404     6173.04       10        392         512         0
    29      725.608     6177.62       15        403         523         0
    30      721.531     6176.62       16        400         520         0
    31      727.024     6174.27       8        421         541         0
    32      721.822     6219.43       6        447         567         0
    33      719.715     6183.74       3        379         499         0
    34      719.111     6188.92       17        428         548         0
    35      702.635     6157.13       7        360         462         0
    36      724.934     6178.54       14        391         511         0
    37      716.681     6177.79       15        372         492         0
    38      713.787     6180.53       6        362         482         0
    39      695.755     6172.19       9        389         509         0
    40      716.455     6174.31       10        417         537         0
    41      688.659     6135.29       4        375         495         0
    42      700.035     6214.04       12        446         566         0
    43      712.269     6179.07       15        369         489         0
    44      705.545     6162.55       9        384         504         0
    45      721.971     6180.06       7        401         521         0
    46      688.052     6135.62       11        360         480         0
    47      710.1     6173.39       7        411         531         0
    48      698.583     6194.46       17        375         495         0
    49      687.421     6136.06       12        360         459         0
    50      723.831     6185.07       12        379         499         0
    51      538.181     6086.48       16        764         884         0
    52      588.257     6139.25       10        714         834         0
    53      528.913     6152.56       4        759         879         0
    54      500.074     6269.75       4        922         1042         0
    55      585.053     6140.35       3        927         1047         0
    56      557.926     6181.75       9        804         924         0
    57      609.023     6077.16       3        805         925         0
    58      507.721     6199.18       3        908         1028         0
    59      522.714     6075.1       6        865         985         0
    60      526.981     6257.53       8        834         954         0
    61      465.029     6147.73       4        851         971         0
    62      466.076     6153.32       3        881         1001         0
    63      468.578     6147.06       14        844         964         0
    64      604.134     6229.59       10        782         902         0
    65      569.239     6227.02       7        771         891         0
    66      527.858     6099.83       8        833         953         0
    67      550.967     6189.33       16        699         819         0
    68      460.95     6153.72       7        862         982         0
    69      524.269     6122.27       3        819         939         0
    70      559.318     6372.82       7        822         942         0
    71      575.715     6233.07       4        839         959         0
    72      526.379     6098.38       15        741         861         0
    73      551.154     6085.19       10        739         859         0
    74      509.955     6220.24       8        887         1007         0
    75      551.548     6086.12       9        760         880         0
    76      525.913     6100.63       3        756         876         0
    77      566.795     6235.3       6        776         896         0
    78      571.232     6217.31       10        850         970         0
    79      563.362     6174.24       15        702         822         0
    80      590.77     6143.61       16        726         846         0
    81      457.13     6170.15       8        864         984         0
    82      533.887     6226.46       6        829         949         0
    83      467.87     6149.23       3        867         987         0
    84      573.181     6218.7       17        814         934         0
    85      548.053     6158.34       7        765         885         0
    86      586.957     6140.17       14        690         810         0
    87      525.684     6178.37       15        793         913         0
    88      485.912     6227.87       6        966         1086         0
    89      533.521     6173.36       9        738         858         0
    90      505.052     6116.03       10        776         896         0
    91      535.54     6175.54       4        738         858         0
    92      549.189     6239.86       12        793         913         0
    93      520.316     6122.65       15        848         968         0
    94      525.481     6256.97       9        814         934         0
    95      530.776     6123.11       7        753         873         0
    96      530.073     6123.61       11        859         979         0
    97      573.114     6224.16       7        749         869         0
    98      532.346     6151.57       17        788         908         0
    99      468.248     6165.13       12        898         1018         0
    100      565.087     6258.88       12        907         1027         0

0	2 3 4 5 10 11 14 15 16 17 19 21 22 23 25 28 29 30 31 32 34 35 36 38 39 41 42 43 46 48 49 50 54 55 56 58 60 63 64 65 67 69 70 71 72 75 76 77 79 80 81 82 83 84 86 87 88 89 90 91 92 94 98 99 
1	5 14 15 24 49 
2	9 11 24 40 0 
3	13 27 45 50 0 
4	13 16 24 34 0 
5	1 19 20 35 0 
6	16 18 20 24 38 
7	20 25 30 39 43 
8	10 20 25 34 48 
9	2 21 35 36 37 
10	8 22 26 34 0 
11	2 18 26 28 0 
12	15 27 32 46 47 
13	3 4 14 31 39 
14	1 13 19 48 0 
15	1 12 20 48 0 
16	4 6 18 36 0 
17	23 25 27 32 0 
18	6 11 16 29 36 
19	5 14 37 45 0 
20	5 6 7 8 15 
21	9 23 33 45 0 
22	10 25 33 35 0 
23	17 21 40 44 0 
24	1 2 4 6 26 
25	7 8 17 22 0 
26	10 11 24 30 37 
27	3 12 17 32 50 
28	11 29 44 47 0 
29	18 28 31 38 0 
30	7 26 38 49 0 
31	13 29 43 46 0 
32	12 17 27 41 0 
33	21 22 34 38 41 
34	4 8 10 33 0 
35	5 9 22 44 0 
36	9 16 18 43 0 
37	9 19 26 44 49 
38	6 29 30 33 0 
39	7 13 45 50 0 
40	2 23 41 46 49 
41	32 33 40 47 0 
42	43 45 46 47 0 
43	7 31 36 42 0 
44	23 28 35 37 48 
45	3 19 21 39 42 
46	12 31 40 42 0 
47	12 28 41 42 50 
48	8 14 15 44 0 
49	1 30 37 40 0 
50	3 27 39 47 0 
51	64 75 80 91 94 
52	53 56 59 76 90 
53	52 67 74 81 90 
54	62 88 91 100 0 
55	56 65 91 95 0 
56	52 55 66 98 0 
57	68 71 72 74 88 
58	68 74 80 95 0 
59	52 64 78 79 94 
60	62 66 71 85 0 
61	64 68 80 92 93 
62	54 60 75 78 81 
63	66 71 72 98 0 
64	51 59 61 84 0 
65	55 74 91 96 0 
66	56 60 63 82 92 
67	53 72 79 82 0 
68	57 58 61 83 97 
69	81 88 92 93 0 
70	78 86 95 98 0 
71	57 60 63 78 0 
72	57 63 67 73 0 
73	72 77 82 85 90 
74	53 57 58 65 86 
75	51 62 95 96 0 
76	52 83 92 97 0 
77	73 83 84 98 0 
78	59 62 70 71 87 
79	59 67 84 99 0 
80	51 58 61 86 0 
81	53 62 69 100 0 
82	66 67 73 87 0 
83	68 76 77 87 0 
84	64 77 79 99 0 
85	60 73 86 90 100 
86	70 74 80 85 0 
87	78 82 83 96 0 
88	54 57 69 93 0 
89	93 94 95 97 0 
90	52 53 73 85 0 
91	51 54 55 65 0 
92	61 66 69 76 0 
93	61 69 88 89 99 
94	51 59 89 99 0 
95	55 58 70 75 89 
96	65 75 87 97 100 
97	68 76 89 96 100 
98	56 63 70 77 0 
99	79 84 93 94 0 
100	54 81 85 96 97 

