MW

VEHICLE
NUMBER     CAPACITY
  25         33

CUSTOMER
CUST NO.   XCOORD.    YCOORD.    DEMAND   READY TIME   DUE DATE   SERVICE TIME

    0      677.908     6150.22       0         360        1320         0
    1      704.974     6187.69       15        424         544         0
    2      725.92     6171.15       16        415         535         0
    3      721.735     6172.68       10        391         511         0
    4      635.549     6078.72       11        461         581         0
    5      642.394     6087.29       5        487         607         0
    6      720.445     6174.09       16        409         529         0
    7      667.347     6200.88       16        377         497         0
    8      720.838     6176.57       11        425         545         0
    9      698.384     6205.85       10        447         567         0
    10      710.329     6166.92       14        376         496         0
    11      636.913     6159.49       17        430         550         0
    12      722.049     6178.08       14        376         496         0
    13      688.131     6209.14       3        372         492         0
    14      717.215     6175.19       6        380         500         0
    15      693.876     6084.03       5        402         522         0
    16      632.262     6172.76       11        389         509         0
    17      716.752     6174.69       15        398         518         0
    18      721.394     6177.47       6        384         504         0
    19      670.074     6177.82       8        360         466         0
    20      718.321     6170.18       13        408         528         0
    21      640.709     6143.12       13        403         523         0
    22      659.585     6179.19       16        401         521         0
    23      725.541     6167.87       6        389         509         0
    24      719.836     6173.65       11        383         503         0
    25      723.961     6177.5       5        368         488         0
    26      657.94     6170.57       4        360         462         0
    27      686.354     6099.87       11        468         588         0
    28      719.962     6178.01       9        415         535         0
    29      684.169     6099.51       9        370         490         0
    30      726.829     6167.23       13        414         534         0
    31      658.032     6081.69       9        390         510         0
    32      654.767     6185.27       16        367         487         0
    33      713.085     6169.93       12        415         535         0
    34      727.945     6174.07       3        368         488         0
    35      683.346     6082.04       13        391         511         0
    36      687.188     6161.73       7        360         451         0
    37      709.031     6203.86       3        416         536         0
    38      688.775     6135.27       3        360         451         0
    39      685.488     6071.99       12        419         539         0
    40      675.752     6123.05       8        412         532         0
    41      722.319     6183.71       3        368         488         0
    42      699.268     6185.55       11        380         500         0
    43      725.168     6174.63       10        373         493         0
    44      723.717     6213.66       13        432         552         0
    45      715.73     6221.13       16        463         583         0
    46      718.355     6188.22       10        375         495         0
    47      704.123     6193.07       3        363         483         0
    48      700.354     6153.11       15        365         485         0
    49      723.136     6184.2       15        415         535         0
    50      708.884     6204.07       5        391         511         0
    51      470.214     6227.13       15        898         1018         0
    52      527.566     6151.53       16        752         872         0
    53      574.47     6220.49       10        712         832         0
    54      615.72     6254.29       11        793         913         0
    55      574.331     6229.15       5        806         926         0
    56      572.933     6221.46       16        723         843         0
    57      534.724     6176.5       16        735         855         0
    58      525.977     6100.07       11        815         935         0
    59      603.167     6256.91       10        1058         1178         0
    60      554.891     6232.85       14        709         829         0
    61      610.671     6088.61       17        712         832         0
    62      485.82     6111.81       14        801         921         0
    63      615.421     6254.08       3        807         927         0
    64      564.259     6258.05       6        746         866         0
    65      529.764     6222.96       5        760         880         0
    66      485.109     6251.1       11        857         977         0
    67      500.397     6148.58       15        870         990         0
    68      474.942     6164.48       6        893         1013         0
    69      581.744     6237.86       8        794         914         0
    70      491.589     6088.55       13        901         1021         0
    71      552.524     6193.14       13        788         908         0
    72      574.727     6227.01       16        798         918         0
    73      459.828     6154.15       6        833         953         0
    74      533.925     6225.14       11        833         953         0
    75      533.427     6173.09       5        795         915         0
    76      615.921     6254.16       4        772         892         0
    77      523.693     6076.77       11        838         958         0
    78      574.684     6227.02       9        705         825         0
    79      483.742     6225.9       9        784         904         0
    80      478.313     6244.6       13        827         947         0
    81      573.532     6230.88       9        821         941         0
    82      574.359     6224.34       16        691         811         0
    83      555.233     6192.49       12        731         851         0
    84      575.02     6212.91       3        760         880         0
    85      530.372     6134.65       13        846         966         0
    86      590.982     6142.55       7        719         839         0
    87      588.987     6135.4       3        763         883         0
    88      598.831     6147.44       3        662         782         0
    89      545.112     6158.91       12        776         896         0
    90      533.53     6170.87       8        715         835         0
    91      470.085     6195.11       3        974         1094         0
    92      596.98     6120.65       11        812         932         0
    93      568.105     6233.58       10        834         954         0
    94      522.126     6102.02       13        920         1040         0
    95      573.241     6225.58       16        798         918         0
    96      520.524     6283.1       10        902         1022         0
    97      557.21     6322.36       3        996         1116         0
    98      575.715     6233.07       15        714         834         0
    99      591.698     6231.42       15        715         835         0
    100      570.766     6203.71       5        890         1010         0

0	1 2 6 7 9 11 15 17 18 19 20 22 23 24 25 27 28 29 30 31 32 34 35 36 38 39 41 42 43 45 47 49 51 53 54 55 56 57 61 62 64 66 67 70 71 73 76 77 79 80 82 83 85 86 88 89 91 92 93 94 95 96 98 100 
1	2 10 31 50 0 
2	1 4 7 13 0 
3	6 15 28 43 49 
4	2 20 28 34 48 
5	8 11 13 14 24 
6	3 21 28 37 0 
7	2 20 46 49 0 
8	5 15 16 18 48 
9	12 21 34 49 0 
10	1 28 38 40 43 
11	5 17 31 37 0 
12	9 21 23 29 42 
13	2 5 38 43 48 
14	5 23 30 31 44 
15	3 8 30 39 0 
16	8 25 37 47 49 
17	11 33 44 46 0 
18	8 19 34 42 0 
19	18 31 40 45 0 
20	4 7 35 38 0 
21	6 9 12 41 42 
22	30 33 37 41 0 
23	12 14 29 33 0 
24	5 26 40 48 0 
25	16 32 33 48 0 
26	24 34 40 45 46 
27	32 33 39 47 0 
28	3 4 6 10 0 
29	12 23 35 45 0 
30	14 15 22 45 0 
31	1 11 14 19 0 
32	25 27 35 46 0 
33	17 22 23 25 27 
34	4 9 18 26 0 
35	20 29 32 50 0 
36	38 43 44 50 0 
37	6 11 16 22 39 
38	10 13 20 36 0 
39	15 27 37 40 0 
40	10 19 24 26 39 
41	21 22 44 47 0 
42	12 18 21 44 0 
43	3 10 13 36 0 
44	14 17 36 41 42 
45	19 26 29 30 0 
46	7 17 26 32 50 
47	16 27 41 50 0 
48	4 8 13 24 25 
49	3 7 9 16 0 
50	1 35 36 46 47 
51	53 79 95 97 0 
52	60 73 77 92 98 
53	51 79 81 86 0 
54	68 74 75 78 0 
55	70 78 88 99 0 
56	69 77 81 88 0 
57	63 64 71 89 0 
58	65 66 74 96 99 
59	63 68 73 76 92 
60	52 61 64 72 93 
61	60 87 96 100 0 
62	84 85 93 100 0 
63	57 59 67 97 98 
64	57 60 69 88 0 
65	58 67 78 90 100 
66	58 79 85 98 0 
67	63 65 75 82 0 
68	54 59 73 83 100 
69	56 64 73 86 97 
70	55 74 78 85 0 
71	57 89 94 95 0 
72	60 77 82 87 91 
73	52 59 68 69 0 
74	54 58 70 79 91 
75	54 67 87 90 93 
76	59 78 84 99 0 
77	52 56 72 82 0 
78	54 55 65 70 76 
79	51 53 66 74 0 
80	81 87 93 99 0 
81	53 56 80 85 98 
82	67 72 77 84 0 
83	68 89 91 92 0 
84	62 76 82 86 95 
85	62 66 70 81 0 
86	53 69 84 90 0 
87	61 72 75 80 90 
88	55 56 64 90 0 
89	57 71 83 97 0 
90	65 75 86 87 88 
91	72 74 83 92 0 
92	52 59 83 91 0 
93	60 62 75 80 0 
94	71 96 97 99 0 
95	51 71 84 96 0 
96	58 61 94 95 0 
97	51 63 69 89 94 
98	52 63 66 81 0 
99	55 58 76 80 94 
100	61 62 65 68 0 

