MW

VEHICLE
NUMBER     CAPACITY
  25         33

CUSTOMER
CUST NO.   XCOORD.    YCOORD.    DEMAND   READY TIME   DUE DATE   SERVICE TIME

    0      677.908     6150.22       0         360        1320         0
    1      681.736     6202.21       13        409         529         0
    2      701.138     6151.3       13        360         466         0
    3      652.039     6171.58       12        407         527         0
    4      715.238     6169.8       3        360         475         0
    5      719.124     6184.43       12        413         533         0
    6      723.486     6178.63       13        410         530         0
    7      723.734     6174.88       5        367         487         0
    8      719.29     6179.23       4        364         484         0
    9      726.163     6176.15       10        374         494         0
    10      701.535     6149.75       15        360         468         0
    11      649.349     6143.79       10        369         489         0
    12      683.341     6082.14       15        496         616         0
    13      693.328     6218.64       9        446         566         0
    14      712.36     6186.5       15        411         531         0
    15      699.242     6145.02       8        392         512         0
    16      676.778     6122.15       4        368         488         0
    17      727.412     6176.29       17        403         523         0
    18      712.877     6208.05       11        388         508         0
    19      724.4     6176.86       10        401         521         0
    20      718.343     6201.91       17        423         543         0
    21      701.712     6223.74       12        443         563         0
    22      724.741     6180.24       15        407         527         0
    23      721.167     6176.44       5        365         485         0
    24      708.879     6184.75       9        439         559         0
    25      726.25     6175.11       10        414         534         0
    26      725.368     6188.21       15        402         522         0
    27      638.448     6078.07       4        464         584         0
    28      647.218     6141.4       11        398         518         0
    29      719.623     6184.88       4        368         488         0
    30      726.534     6174.56       16        397         517         0
    31      726.555     6173.43       5        430         550         0
    32      726.879     6174.24       10        415         535         0
    33      718.931     6204.9       17        395         515         0
    34      727.392     6174.72       16        418         538         0
    35      711.619     6191.11       7        385         505         0
    36      669.461     6176.87       3        360         460         0
    37      719.463     6176.45       14        390         510         0
    38      698.118     6222.8       3        460         580         0
    39      714.546     6179.81       6        363         483         0
    40      724.714     6216.65       12        420         540         0
    41      722.784     6216.22       6        454         574         0
    42      682.777     6125.08       8        360         463         0
    43      720.236     6210.43       10        414         534         0
    44      720.135     6210.55       12        436         556         0
    45      649.712     6177.49       12        379         499         0
    46      711.706     6168.82       7        360         475         0
    47      723.479     6177.79       9        428         548         0
    48      720.012     6170.93       3        435         555         0
    49      691.61     6194.5       9        381         501         0
    50      720.139     6182.01       7        369         489         0
    51      545.244     6157.35       13        754         874         0
    52      533.203     6173.31       13        738         858         0
    53      562.307     6223.35       12        731         851         0
    54      602.378     6102.04       3        737         857         0
    55      548.134     6158.2       12        734         854         0
    56      525.924     6100.35       13        831         951         0
    57      521.959     6153.84       5        780         900         0
    58      534.033     6225.02       4        764         884         0
    59      615.509     6254.28       10        697         817         0
    60      530.279     6147.99       15        836         956         0
    61      565.076     6258.54       10        785         905         0
    62      521.794     6186.03       15        861         981         0
    63      547.316     6092       9        842         962         0
    64      570.64     6217.48       15        717         837         0
    65      528.634     6122.39       8        747         867         0
    66      531.257     6123.49       4        727         847         0
    67      545.983     6158.76       17        754         874         0
    68      463.884     6151.12       11        889         1009         0
    69      495.61     6178.56       10        816         936         0
    70      574.717     6227.01       17        804         924         0
    71      534.643     6121.29       12        809         929         0
    72      460.548     6178.83       15        861         981         0
    73      521.842     6185.94       5        835         955         0
    74      523.424     6258.06       9        832         952         0
    75      522.232     6207.63       10        823         943         0
    76      533.251     6224.48       15        814         934         0
    77      490.296     6119.54       4        915         1035         0
    78      454.074     6215.6       11        856         976         0
    79      561.445     6223.12       4        746         866         0
    80      565.881     6236.18       16        771         891         0
    81      566.004     6197.32       5        708         828         0
    82      495.282     6178.67       10        796         916         0
    83      463.932     6222.68       17        928         1048         0
    84      547.291     6216.79       16        751         871         0
    85      467.567     6147.67       7        861         981         0
    86      517.24     6123.93       3        799         919         0
    87      473.866     6259.79       14        908         1028         0
    88      587.925     6138.56       3        765         885         0
    89      551.588     6085.6       6        934         1054         0
    90      563.211     6258.14       12        836         956         0
    91      573.181     6218.7       6        756         876         0
    92      601.993     6103.72       8        779         899         0
    93      542.781     6198.57       10        759         879         0
    94      602.138     6103.63       12        760         880         0
    95      553.124     6317.91       12        808         928         0
    96      534.743     6176.52       7        790         910         0
    97      567.995     6218.81       9        765         885         0
    98      568.431     6218.65       3        745         865         0
    99      585.805     6136.13       9        733         853         0
    100      547.438     6150.44       7        775         895         0

0	1 5 7 8 9 10 11 12 13 14 15 16 17 18 19 21 22 23 26 28 31 33 34 36 38 39 43 44 45 46 47 49 51 52 53 57 59 60 61 62 63 64 66 67 68 69 70 71 72 73 77 78 79 80 82 83 84 85 86 87 88 91 97 100 
1	13 29 30 34 0 
2	8 12 15 21 23 
3	16 23 27 29 46 
4	7 8 26 40 48 
5	30 41 43 45 0 
6	8 12 22 23 49 
7	4 30 47 49 0 
8	2 4 6 17 0 
9	22 27 31 37 0 
10	14 17 35 48 0 
11	25 28 29 50 0 
12	2 6 35 46 0 
13	1 22 37 40 0 
14	10 32 42 47 0 
15	2 24 37 38 0 
16	3 20 29 40 0 
17	8 10 19 34 0 
18	37 39 44 48 0 
19	17 28 42 46 0 
20	16 26 36 42 44 
21	2 28 32 43 0 
22	6 9 13 41 0 
23	2 3 6 24 0 
24	15 23 27 45 49 
25	11 32 36 39 43 
26	4 20 33 40 0 
27	3 9 24 47 48 
28	11 19 21 35 0 
29	1 3 11 16 31 
30	1 5 7 38 41 
31	9 29 32 39 0 
32	14 21 25 31 46 
33	26 34 39 48 0 
34	1 17 33 50 0 
35	10 12 28 47 50 
36	20 25 37 38 0 
37	9 13 15 18 36 
38	15 30 36 42 0 
39	18 25 31 33 0 
40	4 13 16 26 49 
41	5 22 30 44 50 
42	14 19 20 38 43 
43	5 21 25 42 0 
44	18 20 41 45 0 
45	5 24 44 50 0 
46	3 12 19 32 0 
47	7 14 27 35 0 
48	4 10 18 27 33 
49	6 7 24 40 0 
50	11 34 35 41 45 
51	60 69 75 96 0 
52	85 90 91 98 0 
53	55 69 76 97 0 
54	63 65 69 83 87 
55	53 57 82 89 97 
56	57 76 85 92 100 
57	55 56 81 82 0 
58	63 66 67 71 74 
59	72 86 93 99 0 
60	51 73 80 81 0 
61	70 78 96 99 0 
62	84 92 94 98 0 
63	54 58 87 97 0 
64	68 75 76 89 0 
65	54 73 77 95 99 
66	58 74 81 93 0 
67	58 68 73 93 0 
68	64 67 95 96 0 
69	51 53 54 77 0 
70	61 74 98 100 0 
71	58 75 79 84 0 
72	59 78 84 98 0 
73	60 65 67 75 0 
74	58 66 70 85 90 
75	51 64 71 73 97 
76	53 56 64 78 86 
77	65 69 92 93 0 
78	61 72 76 96 0 
79	71 80 89 100 0 
80	60 79 87 90 0 
81	57 60 66 83 90 
82	55 57 90 99 0 
83	54 81 86 89 0 
84	62 71 72 91 0 
85	52 56 74 93 0 
86	59 76 83 91 0 
87	54 63 80 98 0 
88	92 94 96 100 0 
89	55 64 79 83 95 
90	52 74 80 81 82 
91	52 84 86 94 0 
92	56 62 77 88 95 
93	59 66 67 77 85 
94	62 88 91 95 99 
95	65 68 89 92 94 
96	51 61 68 78 88 
97	53 55 63 75 0 
98	52 62 70 72 87 
99	59 61 65 82 94 
100	56 70 79 88 0 

