MW

VEHICLE
NUMBER     CAPACITY
  25         33

CUSTOMER
CUST NO.   XCOORD.    YCOORD.    DEMAND   READY TIME   DUE DATE   SERVICE TIME

    0      677.908     6150.22       0         360        1320         0
    1      704.974     6187.69       15        404         524         0
    2      725.92     6171.15       16        395         515         0
    3      721.735     6172.68       10        411         531         0
    4      635.549     6078.72       11        452         572         0
    5      642.394     6087.29       5        478         598         0
    6      720.445     6174.09       16        374         494         0
    7      667.347     6200.88       16        414         534         0
    8      720.838     6176.57       11        417         537         0
    9      698.384     6205.85       10        402         522         0
    10      710.329     6166.92       14        381         501         0
    11      636.913     6159.49       17        430         550         0
    12      722.049     6178.08       14        393         513         0
    13      688.131     6209.14       3        426         546         0
    14      717.215     6175.19       6        362         482         0
    15      693.876     6084.03       5        418         538         0
    16      632.262     6172.76       11        389         509         0
    17      716.752     6174.69       15        370         490         0
    18      721.394     6177.47       6        410         530         0
    19      670.074     6177.82       8        360         466         0
    20      718.321     6170.18       13        390         510         0
    21      640.709     6143.12       13        386         506         0
    22      659.585     6179.19       16        401         521         0
    23      725.541     6167.87       6        392         512         0
    24      719.836     6173.65       11        396         516         0
    25      723.961     6177.5       5        409         529         0
    26      657.94     6170.57       4        360         462         0
    27      686.354     6099.87       11        386         506         0
    28      719.962     6178.01       9        411         531         0
    29      684.169     6099.51       9        447         567         0
    30      726.829     6167.23       13        374         494         0
    31      470.214     6227.13       15        860         980         0
    32      527.566     6151.53       16        812         932         0
    33      574.47     6220.49       10        720         840         0
    34      615.72     6254.29       11        805         925         0
    35      574.331     6229.15       5        780         900         0
    36      572.933     6221.46       16        706         826         0
    37      534.724     6176.5       16        832         952         0
    38      525.977     6100.07       11        831         951         0
    39      603.167     6256.91       10        799         919         0
    40      554.891     6232.85       14        777         897         0
    41      610.671     6088.61       17        700         820         0
    42      485.82     6111.81       14        836         956         0
    43      615.421     6254.08       3        784         904         0
    44      564.259     6258.05       6        744         864         0
    45      529.764     6222.96       5        791         911         0
    46      485.109     6251.1       11        908         1028         0
    47      500.397     6148.58       15        758         878         0
    48      474.942     6164.48       6        844         964         0
    49      581.744     6237.86       8        750         870         0
    50      491.589     6088.55       13        876         996         0
    51      552.524     6193.14       13        661         781         0
    52      574.727     6227.01       16        748         868         0
    53      459.828     6154.15       6        857         977         0
    54      533.925     6225.14       11        792         912         0
    55      533.427     6173.09       5        769         889         0
    56      615.921     6254.16       4        819         939         0
    57      523.693     6076.77       11        802         922         0
    58      574.684     6227.02       9        722         842         0
    59      483.742     6225.9       9        892         1012         0
    60      478.313     6244.6       13        878         998         0

0	1 2 4 5 6 7 8 9 10 11 12 14 15 17 19 22 25 26 27 29 31 32 33 36 37 38 40 41 43 44 45 46 48 49 50 51 52 54 57 58 
1	7 10 13 22 0 
2	7 12 20 22 0 
3	5 17 23 25 30 
4	5 12 18 28 0 
5	3 4 7 17 0 
6	16 17 24 27 0 
7	1 2 5 11 0 
8	15 22 25 28 0 
9	13 19 20 22 0 
10	1 12 13 14 0 
11	7 18 20 25 0 
12	2 4 10 18 0 
13	1 9 10 17 19 
14	10 16 23 24 0 
15	8 16 18 29 0 
16	6 14 15 29 30 
17	3 5 6 13 0 
18	4 11 12 15 19 
19	9 13 18 20 0 
20	2 9 11 19 23 
21	26 27 28 29 30 
22	1 2 8 9 0 
23	3 14 20 28 30 
24	6 14 25 27 28 
25	3 8 11 24 0 
26	21 27 29 30 0 
27	6 21 24 26 0 
28	4 8 21 23 24 
29	15 16 21 26 0 
30	3 16 21 23 26 
31	35 40 47 53 0 
32	45 52 56 60 0 
33	38 48 49 59 0 
34	38 46 54 55 58 
35	31 41 46 49 60 
36	50 52 53 55 0 
37	42 44 48 53 0 
38	33 34 49 60 0 
39	41 45 51 52 53 
40	31 43 47 60 0 
41	35 39 42 48 0 
42	37 41 49 58 59 
43	40 47 50 56 0 
44	37 46 50 60 0 
45	32 39 52 55 0 
46	34 35 44 58 0 
47	31 40 43 55 59 
48	33 37 41 55 0 
49	33 35 38 42 0 
50	36 43 44 59 0 
51	39 56 57 59 0 
52	32 36 39 45 0 
53	31 36 37 39 57 
54	34 56 57 58 0 
55	34 36 45 47 48 
56	32 43 51 54 57 
57	51 53 54 56 0 
58	34 42 46 54 0 
59	33 42 47 50 51 
60	32 35 38 40 44 

