MW

VEHICLE
NUMBER     CAPACITY
  25         33

CUSTOMER
CUST NO.   XCOORD.    YCOORD.    DEMAND   READY TIME   DUE DATE   SERVICE TIME

    0      677.908     6150.22       0         360        1320         0
    1      681.736     6202.21       13        392         512         0
    2      701.138     6151.3       13        360         466         0
    3      652.039     6171.58       12        434         554         0
    4      715.238     6169.8       3        360         475         0
    5      719.124     6184.43       12        375         495         0
    6      723.486     6178.63       13        401         521         0
    7      723.734     6174.88       5        440         560         0
    8      719.29     6179.23       4        404         524         0
    9      726.163     6176.15       10        408         528         0
    10      701.535     6149.75       15        372         492         0
    11      649.349     6143.79       10        376         496         0
    12      683.341     6082.14       15        437         557         0
    13      693.328     6218.64       9        450         570         0
    14      712.36     6186.5       15        394         514         0
    15      699.242     6145.02       8        452         572         0
    16      676.778     6122.15       4        410         530         0
    17      727.412     6176.29       17        409         529         0
    18      712.877     6208.05       11        444         564         0
    19      724.4     6176.86       10        413         533         0
    20      718.343     6201.91       17        429         549         0
    21      701.712     6223.74       12        441         561         0
    22      724.741     6180.24       15        397         517         0
    23      721.167     6176.44       5        389         509         0
    24      708.879     6184.75       9        382         502         0
    25      726.25     6175.11       10        387         507         0
    26      725.368     6188.21       15        401         521         0
    27      638.448     6078.07       4        396         516         0
    28      647.218     6141.4       11        360         472         0
    29      719.623     6184.88       4        390         510         0
    30      726.534     6174.56       16        380         500         0
    31      545.244     6157.35       13        787         907         0
    32      533.203     6173.31       13        758         878         0
    33      562.307     6223.35       12        784         904         0
    34      602.378     6102.04       3        731         851         0
    35      548.134     6158.2       12        789         909         0
    36      525.924     6100.35       13        997         1117         0
    37      521.959     6153.84       5        925         1045         0
    38      534.033     6225.02       4        815         935         0
    39      615.509     6254.28       10        885         1005         0
    40      530.279     6147.99       15        717         837         0
    41      565.076     6258.54       10        837         957         0
    42      521.794     6186.03       15        815         935         0
    43      547.316     6092       9        876         996         0
    44      570.64     6217.48       15        825         945         0
    45      528.634     6122.39       8        762         882         0
    46      531.257     6123.49       4        779         899         0
    47      545.983     6158.76       17        762         882         0
    48      463.884     6151.12       11        852         972         0
    49      495.61     6178.56       10        848         968         0
    50      574.717     6227.01       17        770         890         0
    51      534.643     6121.29       12        890         1010         0
    52      460.548     6178.83       15        836         956         0
    53      521.842     6185.94       5        790         910         0
    54      523.424     6258.06       9        935         1055         0
    55      522.232     6207.63       10        859         979         0
    56      533.251     6224.48       15        800         920         0
    57      490.296     6119.54       4        934         1054         0
    58      454.074     6215.6       11        890         1010         0
    59      561.445     6223.12       4        761         881         0
    60      565.881     6236.18       16        734         854         0

0	1 2 5 6 7 8 10 11 12 14 15 17 20 21 22 24 25 27 28 29 31 33 35 38 39 40 41 42 43 44 47 49 50 51 54 55 56 58 59 60 
1	4 11 13 15 0 
2	4 8 18 21 0 
3	4 6 10 21 23 
4	1 2 3 10 22 
5	7 24 26 30 0 
6	3 9 11 27 0 
7	5 14 17 30 0 
8	2 19 24 28 0 
9	6 11 18 19 24 
10	3 4 16 19 0 
11	1 6 9 30 0 
12	13 14 17 29 0 
13	1 12 24 25 30 
14	7 12 27 28 0 
15	1 18 19 25 0 
16	10 20 23 28 29 
17	7 12 19 29 0 
18	2 9 15 20 27 
19	8 9 10 15 17 
20	16 18 22 25 0 
21	2 3 22 26 0 
22	4 20 21 26 0 
23	3 16 28 29 30 
24	5 8 9 13 0 
25	13 15 20 26 0 
26	5 21 22 25 27 
27	6 14 18 26 0 
28	8 14 16 23 0 
29	12 16 17 23 0 
30	5 7 11 13 23 
31	34 42 45 53 0 
32	33 39 41 45 57 
33	32 36 56 57 0 
34	31 38 47 53 55 
35	38 44 49 53 0 
36	33 41 42 57 59 
37	40 46 51 56 60 
38	34 35 48 49 0 
39	32 44 48 58 0 
40	37 41 45 49 0 
41	32 36 40 52 0 
42	31 36 47 50 0 
43	45 52 53 60 0 
44	35 39 46 57 0 
45	31 32 40 43 49 
46	37 44 51 58 59 
47	34 42 53 56 0 
48	38 39 55 58 60 
49	35 38 40 45 0 
50	42 52 57 59 0 
51	37 46 52 54 0 
52	41 43 50 51 54 
53	31 34 35 43 47 
54	51 52 56 59 0 
55	34 48 58 60 0 
56	33 37 47 54 0 
57	32 33 36 44 50 
58	39 46 48 55 0 
59	36 46 50 54 0 
60	37 43 48 55 0

