MW

VEHICLE
NUMBER     CAPACITY
  25         33

CUSTOMER
CUST NO.   XCOORD.    YCOORD.    DEMAND   READY TIME   DUE DATE   SERVICE TIME

    0      677.908     6150.22       0         360        1320         0
    1      720.683     6220.16       4        424         544         0
    2      721.52     6174.3       17        395         515         0
    3      718.607     6191.42       10        377         497         0
    4      639.863     6162.56       5        378         498         0
    5      724.421     6180.44       4        424         544         0
    6      638.158     6137.79       6        390         510         0
    7      685.597     6157.24       4        360         444         0
    8      657.716     6156.35       17        424         544         0
    9      724.079     6179.62       5        409         529         0
    10      721.747     6191.12       4        404         524         0
    11      716.296     6180.97       8        385         505         0
    12      723.944     6177.58       12        427         547         0
    13      724.034     6180.17       4        439         559         0
    14      718.939     6174.63       11        394         514         0
    15      720.26     6207.48       6        387         507         0
    16      703.791     6210.83       7        408         528         0
    17      717.829     6187.55       5        384         504         0
    18      689.17     6099.31       7        393         513         0
    19      704.93     6173.57       8        360         473         0
    20      708.746     6197.15       16        419         539         0
    21      690.749     6160.83       5        360         451         0
    22      688.373     6155       5        360         446         0
    23      718.306     6174.28       7        412         532         0
    24      720.869     6177.07       7        383         503         0
    25      691.57     6066.32       16        411         531         0
    26      662.989     6187.58       8        360         478         0
    27      706.084     6172.27       7        386         506         0
    28      718.975     6218.51       7        444         564         0
    29      708.968     6203.92       10        436         556         0
    30      669.697     6075.76       8        462         582         0
    31      532.891     6223.72       4        841         961         0
    32      498.716     6221.57       17        932         1052         0
    33      573.516     6226.69       10        769         889         0
    34      588.124     6228.13       5        863         983         0
    35      537.062     6222.06       4        822         942         0
    36      602.301     6147.96       6        869         989         0
    37      471.662     6105.06       4        904         1024         0
    38      563.954     6257.95       17        737         857         0
    39      570.158     6224.09       5        878         998         0
    40      445.42     6212.54       4        892         1012         0
    41      532.974     6172.68       8        809         929         0
    42      575.704     6233       12        772         892         0
    43      545.234     6089.61       4        925         1045         0
    44      570.063     6255.83       11        760         880         0
    45      570.782     6224.79       6        753         873         0
    46      574.602     6226.39       7        747         867         0
    47      571.521     6221.26       5        726         846         0
    48      559.352     6219.73       7        762         882         0
    49      565.931     6236.97       8        825         945         0
    50      513.415     6173.76       16        771         891         0
    51      614.493     6254.86       5        824         944         0
    52      572.12     6223.28       5        716         836         0
    53      459.228     6154.06       7        836         956         0
    54      570.702     6225.04       7        713         833         0
    55      565.087     6258.88       16        848         968         0
    56      564.719     6230.34       8        800         920         0
    57      568.486     6219.3       7        893         1013         0
    58      446.675     6234.22       7        940         1060         0
    59      610.12     6089.33       10        723         843         0
    60      517.911     6186.58       8        801         921         0

0	2 3 4 5 6 7 8 9 10 12 16 20 22 23 24 25 26 27 29 30 32 33 35 37 39 41 42 43 44 45 46 48 49 50 51 53 54 58 59 60 
1	3 7 20 23 26 
2	5 19 20 28 0 
3	1 9 12 16 0 
4	7 10 17 21 0 
5	2 9 11 16 0 
6	15 16 27 28 0 
7	1 4 9 13 0 
8	13 17 27 28 0 
9	3 5 7 14 0 
10	4 13 15 28 0 
11	5 12 15 25 29 
12	3 11 18 26 0 
13	7 8 10 22 27 
14	9 20 23 24 30 
15	6 10 11 17 24 
16	3 5 6 19 0 
17	4 8 15 24 29 
18	12 26 27 28 30 
19	2 16 23 25 30 
20	1 2 14 29 0 
21	4 23 25 29 30 
22	13 24 25 26 0 
23	1 14 19 21 0 
24	14 15 17 22 0 
25	11 19 21 22 0 
26	1 12 18 22 0 
27	6 8 13 18 0 
28	2 6 8 10 18 
29	11 17 20 21 0 
30	14 18 19 21 0 
31	38 45 48 53 60 
32	38 56 59 60 0 
33	36 43 48 56 0 
34	39 46 49 57 58 
35	38 46 55 56 0 
36	33 41 42 44 50 
37	39 46 57 59 0 
38	31 32 35 41 53 
39	34 37 41 53 0 
40	47 49 52 54 58 
41	36 38 39 51 0 
42	36 53 55 57 0 
43	33 50 52 55 0 
44	36 48 50 55 0 
45	31 56 57 60 0 
46	34 35 37 47 0 
47	40 46 50 54 58 
48	31 33 44 52 0 
49	34 40 58 60 0 
50	36 43 44 47 0 
51	41 52 55 59 0 
52	40 43 48 51 56 
53	31 38 39 42 0 
54	40 47 57 59 0 
55	35 42 43 44 51 
56	32 33 35 45 52 
57	34 37 42 45 54 
58	34 40 47 49 0 
59	32 37 51 54 0 
60	31 32 45 49 0 

