MW

VEHICLE
NUMBER     CAPACITY
  25         33

CUSTOMER
CUST NO.   XCOORD.    YCOORD.    DEMAND   READY TIME   DUE DATE   SERVICE TIME

    0      677.908     6150.22       0         360        1320         0
    1      720.415     6176.26       16        375         495         0
    2      711.815     6208.84       10        422         542         0
    3      710.831     6168.72       4        360         471         0
    4      662.179     6199.59       4        424         544         0
    5      720.134     6210.2       3        441         561         0
    6      723.05     6178.5       9        372         492         0
    7      722.462     6177.77       3        365         485         0
    8      719.104     6173.16       3        373         493         0
    9      726.755     6174.37       6        454         574         0
    10      718.638     6205.73       8        423         543         0
    11      665.308     6126.82       4        561         681         0
    12      714.197     6169.88       3        360         474         0
    13      711.357     6175.12       14        385         505         0
    14      712.256     6183.71       10        367         487         0
    15      724.312     6179.85       7        391         511         0
    16      713.038     6174.56       8        425         545         0
    17      680.041     6165.33       16        360         461         0
    18      714     6175.86       7        361         481         0
    19      729.376     6171.38       3        368         488         0
    20      719.162     6180.84       7        440         560         0
    21      721.643     6191.9       4        400         520         0
    22      713.328     6180.33       15        371         491         0
    23      707.883     6172.44       10        409         529         0
    24      718.616     6178.59       8        367         487         0
    25      692.484     6114.23       9        372         492         0
    26      722.535     6177.88       3        378         498         0
    27      717.147     6175.32       6        413         533         0
    28      711.404     6173.04       10        416         536         0
    29      725.608     6177.62       15        395         515         0
    30      721.531     6176.62       16        401         521         0
    31      538.181     6086.48       16        742         862         0
    32      588.257     6139.25       10        733         853         0
    33      528.913     6152.56       4        1032         1152         0
    34      500.074     6269.75       4        849         969         0
    35      585.053     6140.35       3        780         900         0
    36      557.926     6181.75       9        740         860         0
    37      609.023     6077.16       3        832         952         0
    38      507.721     6199.18       3        824         944         0
    39      522.714     6075.1       6        975         1095         0
    40      526.981     6257.53       8        853         973         0
    41      465.029     6147.73       4        923         1043         0
    42      466.076     6153.32       3        816         936         0
    43      468.578     6147.06       14        906         1026         0
    44      604.134     6229.59       10        762         882         0
    45      569.239     6227.02       7        783         903         0
    46      527.858     6099.83       8        845         965         0
    47      550.967     6189.33       16        799         919         0
    48      460.95     6153.72       7        838         958         0
    49      524.269     6122.27       3        763         883         0
    50      559.318     6372.82       7        919         1039         0
    51      575.715     6233.07       4        762         882         0
    52      526.379     6098.38       15        751         871         0
    53      551.154     6085.19       10        814         934         0
    54      509.955     6220.24       8        919         1039         0
    55      551.548     6086.12       9        793         913         0
    56      525.913     6100.63       3        766         886         0
    57      566.795     6235.3       6        868         988         0
    58      571.232     6217.31       10        809         929         0
    59      563.362     6174.24       15        774         894         0
    60      590.77     6143.61       16        684         804         0

0	1 3 5 9 11 12 13 16 17 18 19 20 22 23 24 25 26 27 29 30 31 33 35 36 37 39 40 41 44 45 46 47 48 50 55 56 57 58 59 60 
1	7 18 24 25 0 
2	19 22 24 25 30 
3	11 17 22 25 0 
4	6 11 18 25 26 
5	6 24 28 30 0 
6	4 5 7 14 17 
7	1 6 26 27 29 
8	14 16 20 21 30 
9	10 23 27 29 0 
10	9 12 16 29 30 
11	3 4 14 22 0 
12	10 14 15 24 0 
13	18 21 22 26 0 
14	6 8 11 12 15 
15	12 14 18 20 27 
16	8 10 21 28 0 
17	3 6 19 23 0 
18	1 4 13 15 0 
19	2 17 21 27 0 
20	8 15 23 28 0 
21	8 13 16 19 29 
22	2 3 11 13 0 
23	9 17 20 28 0 
24	1 2 5 12 0 
25	1 2 3 4 0 
26	4 7 13 28 0 
27	7 9 15 19 0 
28	5 16 20 23 26 
29	7 9 10 21 0 
30	2 5 8 10 0 
31	35 43 45 49 0 
32	34 37 39 40 45 
33	34 36 40 53 0 
34	32 33 50 53 54 
35	31 46 47 54 0 
36	33 43 44 59 0 
37	32 49 56 58 0 
38	42 44 47 53 58 
39	32 42 53 57 0 
40	32 33 41 42 0 
41	40 43 49 52 0 
42	38 39 40 51 60 
43	31 36 41 44 57 
44	36 38 43 59 0 
45	31 32 46 51 0 
46	35 45 48 52 0 
47	35 38 54 59 0 
48	46 51 54 60 0 
49	31 37 41 57 58 
50	34 51 52 57 0 
51	42 45 48 50 53 
52	41 46 50 55 56 
53	33 34 38 39 51 
54	34 35 47 48 56 
55	52 56 59 60 0 
56	37 52 54 55 0 
57	39 43 49 50 0 
58	37 38 49 60 0 
59	36 44 47 55 0 
60	42 48 55 58 0 

