C101

VEHICLE
NUMBER     CAPACITY
  25         200

CUSTOMER
CUST NO.  XCOORD.   YCOORD.    DEMAND   READY TIME  DUE DATE   SERVICE   TIME
 
    0      40         50         0         0        1236         0
    1      88         30         10         574        643         0
    2      42         15         10         95        158         0
    3      5         35         10         283        344         0
    4      42         10         40         186        257         0
    5      87         30         10         668        731         0
    6      35         30         10         264        321         0
    7      92         30         10         478        551         0
    8      35         32         10         166        235         0
    9      30         35         10         1054        1127         0
    10      40         5         30         385        436         0
    11      35         5         20         562        629         0
    12      53         30         10         450        505         0
    13      40         15         40         35        87         0
    14      48         30         10         632        693         0
    15      95         30         30         387        456         0
    16      45         30         10         734        777         0
    17      30         30         10         541        600         0
    18      26         32         10         815        880         0
    19      38         5         30         471        534         0
    20      30         32         30         448        509         0
    21      58         75         10         30        84         0
    22      35         66         10         357        410         0
    23      18         75         10         99        148         0
    24      38         70         40         534        605         0
    25      65         82         10         285        336         0
    26      45         68         10         912        967         0
    27      25         85         10         652        721         0
    28      20         80         10         384        429         0
    29      55         80         10         743        820         0
    30      42         68         30         727        782         0
    31      42         65         20         15        67         0
    32      40         66         10         170        225         0
    33      20         85         40         475        528         0
    34      15         80         10         278        345         0
    35      60         85         30         561        622         0
    36      45         70         10         825        870         0
    37      42         66         10         65        146         0
    38      62         80         10         196        239         0
    39      15         75         30         179        254         0
    40      45         65         30         997        1068         0

