a
(431.16 | -8.84) [ 0 8 9 7 10 5 2 12 15 17 21 ]
(431.16 | -8.84) [ 0 8 9 7 10 5 2 17 15 12 21 ]
---
(478.15 | 60.15) [ 0 3 8 7 6 5 2 12 15 13 16 21 ]
(478.15 | 60.15) [ 0 3 8 7 6 5 2 16 13 15 12 21 ]
---
(390.71 | 29.71) [ 0 3 8 9 7 5 2 4 15 12 21 ]
(390.71 | 29.71) [ 0 4 2 5 7 9 8 3 15 12 21 ]
---
(431.16 | 29.16) [ 0 8 9 7 10 5 2 12 15 17 21 ]
(431.16 | 29.16) [ 0 8 9 7 10 5 2 17 15 12 21 ]
---
(314.60 | 99.60) [ 0 7 6 9 8 3 17 21 ]
(614.96 | 91.96) [ 0 3 9 7 6 5 10 17 19 13 16 15 21 ]
(614.96 | 91.96) [ 0 10 5 6 7 9 3 15 16 13 19 17 21 ]
---
(390.47 | 87.47) [ 0 3 9 7 5 2 4 15 12 21 ]
(390.47 | 87.47) [ 0 4 2 5 7 9 3 15 12 21 ]
---
(356.54 | 172.54) [ 0 8 9 7 10 5 2 12 15 21 ]
(356.54 | 172.54) [ 0 8 9 7 10 5 2 15 12 21 ]
---
(356.54 | 80.54) [ 0 8 9 7 10 5 2 12 15 21 ]
(356.54 | 80.54) [ 0 8 9 7 10 5 2 12 15 21 ]
---
(443.75 | 93.75) [ 0 8 7 6 1 17 11 15 21 ]
(443.75 | 93.75) [ 0 1 6 7 8 15 11 17 21 ]
---
(482.84 | -77.16) [ 0 3 9 7 6 5 10 12 15 13 16 21 ]
(482.84 | -77.16) [ 0 3 9 7 6 5 10 12 15 13 16 21 ]
---
(349.03 | 67.03) [ 0 3 8 7 10 5 2 12 15 21 ]
(349.03 | 67.03) [ 0 3 8 7 10 5 2 15 12 21 ]
---
(504.60 | 81.60) [ 0 3 8 7 6 5 2 16 15 12 17 21 ]
(430.74 | 77.74) [ 0 3 8 9 7 5 2 12 15 17 21 ]
(430.74 | 77.74) [ 0 3 8 9 7 5 2 17 15 12 21 ]
---
(545.42 | 123.42) [ 0 3 8 9 6 5 10 12 15 13 18 16 21 ]
(545.42 | 123.42) [ 0 3 8 9 6 5 10 16 18 13 15 12 21 ]
---
(349.03 | 49.03) [ 0 3 8 7 10 5 2 12 15 21 ]
(349.03 | 49.03) [ 0 3 8 7 10 5 2 12 15 21 ]
---
(348.86 | 74.86) [ 0 3 8 7 6 5 2 12 15 21 ]
(348.86 | 74.86) [ 0 3 8 7 6 5 2 15 12 21 ]
---
(348.86 | 81.86) [ 0 3 8 7 6 5 2 12 15 21 ]
(348.86 | 81.86) [ 0 3 8 7 6 5 2 12 15 21 ]
---
(483.50 | 19.50) [ 0 1 7 9 8 3 17 19 11 15 21 ]
(483.50 | 19.50) [ 0 1 7 9 8 3 17 19 11 15 21 ]
---
(313.60 | 72.60) [ 0 1 7 9 8 3 17 21 ]
(313.60 | 72.60) [ 0 1 7 9 8 3 17 21 ]
---
(349.03 | 101.03) [ 0 3 8 7 10 5 2 12 15 21 ]
(293.41 | 95.41) [ 0 1 7 9 8 3 12 21 ]
(293.41 | 95.41) [ 0 3 8 9 7 1 12 21 ]
---
(390.71 | 43.71) [ 0 3 8 9 7 5 2 4 15 12 21 ]
(390.71 | 43.71) [ 0 3 8 9 7 5 2 4 12 15 21 ]
---
(353.26 | 142.26) [ 0 3 8 9 7 6 5 15 21 ]
(353.26 | 142.26) [ 0 3 8 9 7 6 5 15 21 ]
---
(348.86 | 73.86) [ 0 3 8 7 6 5 2 12 15 21 ]
(348.86 | 73.86) [ 0 3 8 7 6 5 2 15 12 21 ]
---
(481.89 | 41.89) [ 0 10 5 6 9 8 3 15 13 16 21 ]
(481.89 | 41.89) [ 0 10 5 6 9 8 3 15 13 16 21 ]
---
(344.22 | 163.22) [ 0 10 5 1 3 15 21 ]
(344.22 | 163.22) [ 0 10 5 1 3 15 21 ]
---
(293.41 | 114.41) [ 0 1 7 9 8 3 12 21 ]
(293.41 | 114.41) [ 0 1 7 9 8 3 12 21 ]
---
(293.41 | 82.41) [ 0 1 7 9 8 3 12 21 ]
(293.41 | 82.41) [ 0 3 8 9 7 1 12 21 ]
---
(356.54 | 08.54) [ 0 8 9 7 10 5 2 12 15 21 ]
(356.54 | 08.54) [ 0 8 9 7 10 5 2 12 15 21 ]
---
(423.64 | -11.36) [ 0 3 8 7 10 5 2 12 15 17 21 ]
(423.64 | -11.36) [ 0 2 5 10 7 8 3 17 15 12 21 ]
---
(347.68 | 83.68) [ 0 3 8 10 5 2 12 15 21 ]
(347.68 | 83.68) [ 0 2 5 10 8 3 15 12 21 ]
---
(356.12 | -18.88) [ 0 3 8 9 7 5 2 12 15 21 ]
(356.12 | -18.88) [ 0 3 8 9 7 5 2 12 15 21 ]
---
(293.41 | 59.41) [ 0 1 7 9 8 3 12 21 ]
(293.41 | 59.41) [ 0 1 7 9 8 3 12 21 ]
---
(348.86 | 92.86) [ 0 3 8 7 6 5 2 12 15 21 ]
(348.86 | 92.86) [ 0 3 8 7 6 5 2 12 15 21 ]
---
(356.54 | 13.54) [ 0 8 9 7 10 5 2 12 15 21 ]
(356.54 | 13.54) [ 0 8 9 7 10 5 2 12 15 21 ]
---
(300.43 | 156.43) [ 0 1 6 9 15 12 21 ]
(294.19 | 85.19) [ 0 1 6 8 3 15 12 21 ]
(349.03 | 69.03) [ 0 3 8 7 10 5 2 12 15 21 ]
(349.03 | 69.03) [ 0 3 8 7 10 5 2 12 15 21 ]
---
(349.03 | 65.03) [ 0 3 8 7 10 5 2 12 15 21 ]
(349.03 | 65.03) [ 0 3 8 7 10 5 2 15 12 21 ]
---
(429.04 | 95.04) [ 0 3 8 7 6 5 2 12 15 16 21 ]
(429.04 | 95.04) [ 0 3 8 7 6 5 2 16 15 12 21 ]
---
(431.16 | -36.84) [ 0 8 9 7 10 5 2 12 15 17 21 ]
(431.16 | -36.84) [ 0 8 9 7 10 5 2 17 15 12 21 ]
---
(541.67 | 86.67) [ 0 3 8 1 2 12 13 11 17 21 ]
(578.18 | 73.18) [ 0 3 8 7 6 2 4 17 11 13 12 21 ]
(502.50 | 51.50) [ 0 1 7 9 8 3 17 11 13 12 21 ]
(502.50 | 51.50) [ 0 1 7 9 8 3 17 11 13 12 21 ]
---
(383.09 | -11.91) [ 0 3 7 6 5 2 4 15 12 21 ]
(383.09 | -11.91) [ 0 3 7 6 5 2 4 15 12 21 ]
---
(532.38 | 67.38) [ 0 3 8 9 7 1 17 11 19 13 15 21 ]
(532.38 | 67.38) [ 0 3 8 9 7 1 17 11 19 13 15 21 ]
---
(355.97 | 15.97) [ 0 9 7 6 5 2 12 15 21 ]
(355.97 | 15.97) [ 0 9 7 6 5 2 12 15 21 ]
---
(348.86 | 51.86) [ 0 3 8 7 6 5 2 12 15 21 ]
(348.86 | 51.86) [ 0 3 8 7 6 5 2 12 15 21 ]
---
(292.00 | 84.00) [ 0 1 9 8 3 12 21 ]
(292.00 | 84.00) [ 0 1 9 8 3 12 21 ]
---
(431.16 | 88.16) [ 0 8 9 7 10 5 2 12 15 17 21 ]
(431.16 | 88.16) [ 0 8 9 7 10 5 2 17 15 12 21 ]
---
(510.51 | 89.51) [ 0 3 1 7 6 16 13 11 17 21 ]
(510.51 | 89.51) [ 0 3 1 7 6 16 13 11 17 21 ]
---
(430.74 | 23.74) [ 0 3 8 9 7 5 2 12 15 17 21 ]
(430.74 | 23.74) [ 0 2 5 7 9 8 3 17 15 12 21 ]
---
(313.60 | 110.60) [ 0 1 7 9 8 3 17 21 ]
(314.60 | 110.60) [ 0 7 6 9 8 3 17 21 ]
---
(553.71 | 80.71) [ 0 3 8 7 6 5 2 16 13 15 12 17 21 ]
(553.71 | 80.71) [ 0 3 8 7 6 5 2 17 12 15 13 16 21 ]
---
(348.86 | 53.86) [ 0 3 8 7 6 5 2 12 15 21 ]
(348.86 | 53.86) [ 0 3 8 7 6 5 2 12 15 21 ]
---
(356.54 | 23.54) [ 0 8 9 7 10 5 2 12 15 21 ]
(356.54 | 23.54) [ 0 8 9 7 10 5 2 12 15 21 ]
---
(355.97 | 95.97) [ 0 9 7 6 5 2 12 15 21 ]
(355.97 | 95.97) [ 0 2 5 6 7 9 15 12 21 ]
---
(349.03 | 31.03) [ 0 3 8 7 10 5 2 12 15 21 ]
(349.03 | 31.03) [ 0 2 5 10 7 8 3 15 12 21 ]
---
(356.54 | -31.46) [ 0 8 9 7 10 5 2 12 15 21 ]
(356.54 | -31.46) [ 0 8 9 7 10 5 2 12 15 21 ]
---
(375.47 | 29.47) [ 0 7 6 9 8 3 17 15 12 21 ]
(375.47 | 29.47) [ 0 7 6 9 8 3 12 15 17 21 ]
---
(478.15 | 51.15) [ 0 3 8 7 6 5 2 12 15 13 16 21 ]
(478.15 | 51.15) [ 0 3 8 7 6 5 2 12 15 13 16 21 ]
---
(619.24 | 04.24) [ 0 3 8 9 7 5 2 4 17 19 13 15 12 21 ]
(423.64 | -10.36) [ 0 3 8 7 10 5 2 12 15 17 21 ]
(423.64 | -10.36) [ 0 3 8 7 10 5 2 12 15 17 21 ]
---
(355.28 | 39.28) [ 0 3 9 6 5 2 12 15 21 ]
(355.28 | 39.28) [ 0 3 9 6 5 2 12 15 21 ]
---
(348.86 | 87.86) [ 0 3 8 7 6 5 2 12 15 21 ]
(353.23 | 84.23) [ 0 10 5 6 7 9 3 15 21 ]
(353.23 | 84.23) [ 0 10 5 6 7 9 3 15 21 ]
---
(423.48 | 83.48) [ 0 3 8 7 6 5 2 12 15 17 21 ]
(423.48 | 83.48) [ 0 3 8 7 6 5 2 12 15 17 21 ]
---
(356.54 | 140.54) [ 0 8 9 7 10 5 2 12 15 21 ]
(353.47 | 135.47) [ 0 8 9 7 6 5 10 15 21 ]
(353.47 | 135.47) [ 0 10 5 6 7 9 8 15 21 ]
---
(356.54 | 47.54) [ 0 8 9 7 10 5 2 12 15 21 ]
(356.54 | 47.54) [ 0 8 9 7 10 5 2 15 12 21 ]
---
(389.69 | 89.69) [ 0 9 6 5 2 4 15 12 21 ]
(389.69 | 89.69) [ 0 4 2 5 6 9 15 12 21 ]
---
(541.35 | 02.35) [ 0 3 8 7 6 5 2 16 18 13 15 12 21 ]
(541.35 | 02.35) [ 0 3 8 7 6 5 2 16 18 13 15 12 21 ]
---
(348.86 | 122.86) [ 0 3 8 7 6 5 2 12 15 21 ]
(348.86 | 122.86) [ 0 3 8 7 6 5 2 15 12 21 ]
---
(342.58 | 109.58) [ 0 3 8 7 10 5 2 12 21 ]
(342.58 | 109.58) [ 0 3 8 7 10 5 2 12 21 ]
---
(390.71 | 32.71) [ 0 3 8 9 7 5 2 4 15 12 21 ]
(390.71 | 32.71) [ 0 4 2 5 7 9 8 3 15 12 21 ]
---
(352.60 | 46.60) [ 0 10 5 6 9 8 3 15 21 ]
(390.64 | 36.64) [ 0 3 8 9 7 6 5 4 15 21 ]
(390.64 | 36.64) [ 0 3 8 9 7 6 5 4 15 21 ]
---
(348.86 | 13.86) [ 0 3 8 7 6 5 2 12 15 21 ]
(348.86 | 13.86) [ 0 3 8 7 6 5 2 15 12 21 ]
---
(390.71 | 48.71) [ 0 3 8 9 7 5 2 4 15 12 21 ]
(390.71 | 48.71) [ 0 3 8 9 7 5 2 4 12 15 21 ]
---
(458.07 | 35.07) [ 0 8 7 6 5 2 4 17 15 12 21 ]
(458.07 | 35.07) [ 0 4 2 5 6 7 8 12 15 17 21 ]
---
(349.03 | 21.03) [ 0 3 8 7 10 5 2 12 15 21 ]
(349.03 | 21.03) [ 0 3 8 7 10 5 2 12 15 21 ]
---
(478.15 | 57.15) [ 0 3 8 7 6 5 2 16 13 15 12 21 ]
(478.15 | 57.15) [ 0 3 8 7 6 5 2 16 13 15 12 21 ]
---
(541.35 | 36.35) [ 0 3 8 7 6 5 2 16 18 13 15 12 21 ]
(541.35 | 36.35) [ 0 3 8 7 6 5 2 16 18 13 15 12 21 ]
---
(349.03 | 84.03) [ 0 3 8 7 10 5 2 12 15 21 ]
(349.03 | 84.03) [ 0 3 8 7 10 5 2 12 15 21 ]
---
(348.86 | 147.86) [ 0 3 8 7 6 5 2 12 15 21 ]
(352.60 | 135.60) [ 0 10 5 6 9 8 3 15 21 ]
(352.60 | 135.60) [ 0 10 5 6 9 8 3 15 21 ]
---
(307.93 | 72.93) [ 0 8 7 6 1 17 21 ]
(423.48 | 59.48) [ 0 3 8 7 6 5 2 12 15 17 21 ]
(423.48 | 59.48) [ 0 3 8 7 6 5 2 17 15 12 21 ]
---
(383.45 | 127.45) [ 0 8 7 6 5 2 4 15 12 21 ]
(383.45 | 127.45) [ 0 8 7 6 5 2 4 15 12 21 ]
---
(529.38 | 24.38) [ 0 3 8 9 6 7 12 15 13 19 17 21 ]
(529.38 | 24.38) [ 0 7 6 9 8 3 17 19 13 15 12 21 ]
---
(428.18 | 32.18) [ 0 3 9 7 6 5 10 17 15 12 21 ]
(428.18 | 32.18) [ 0 3 9 7 6 5 10 12 15 17 21 ]
---
(430.74 | 58.74) [ 0 3 8 9 7 5 2 12 15 17 21 ]
(430.74 | 58.74) [ 0 3 8 9 7 5 2 17 15 12 21 ]
---
(356.54 | 54.54) [ 0 8 9 7 10 5 2 12 15 21 ]
(356.54 | 54.54) [ 0 8 9 7 10 5 2 15 12 21 ]
---
(619.24 | 30.24) [ 0 3 8 9 7 5 2 4 17 19 13 15 12 21 ]
(619.24 | 30.24) [ 0 3 8 9 7 5 2 4 12 15 13 19 17 21 ]
---
(356.54 | 51.54) [ 0 8 9 7 10 5 2 12 15 21 ]
(356.54 | 51.54) [ 0 8 9 7 10 5 2 15 12 21 ]
---
(342.41 | 121.41) [ 0 7 6 10 5 2 12 21 ]
(342.41 | 121.41) [ 0 7 6 10 5 2 12 21 ]
---
(423.64 | 42.64) [ 0 3 8 7 10 5 2 12 15 17 21 ]
(423.64 | 42.64) [ 0 3 8 7 10 5 2 17 15 12 21 ]
---
(541.35 | -10.65) [ 0 3 8 7 6 5 2 12 15 13 18 16 21 ]
(541.35 | -10.65) [ 0 3 8 7 6 5 2 16 18 13 15 12 21 ]
---
(294.41 | 70.41) [ 0 3 8 9 6 7 12 21 ]
(294.41 | 70.41) [ 0 3 8 9 6 7 12 21 ]
---
(353.89 | 185.89) [ 0 3 1 7 2 17 21 ]
(364.40 | 142.40) [ 0 2 10 7 9 3 17 21 ]
(364.40 | 142.40) [ 0 3 9 7 10 2 17 21 ]
---
(349.03 | 48.03) [ 0 3 8 7 10 5 2 12 15 21 ]
(349.03 | 48.03) [ 0 3 8 7 10 5 2 15 12 21 ]
---
(484.56 | 61.56) [ 0 3 9 6 5 2 12 15 13 16 21 ]
(484.56 | 61.56) [ 0 3 9 6 5 2 12 15 13 16 21 ]
---
(430.74 | 37.74) [ 0 3 8 9 7 5 2 12 15 17 21 ]
(430.74 | 37.74) [ 0 3 8 9 7 5 2 17 15 12 21 ]
---
(342.58 | 142.58) [ 0 3 8 7 10 5 2 12 21 ]
(342.58 | 142.58) [ 0 3 8 7 10 5 2 12 21 ]
---
(352.93 | -9.07) [ 0 3 8 9 6 5 10 12 15 21 ]
(352.93 | -9.07) [ 0 10 5 6 9 8 3 15 12 21 ]
---
(339.02 | 82.02) [ 0 3 8 1 2 12 15 21 ]
(382.26 | 56.26) [ 0 3 8 10 5 2 4 15 12 21 ]
(382.26 | 56.26) [ 0 3 8 10 5 2 4 15 12 21 ]
---
(348.86 | 89.86) [ 0 3 8 7 6 5 2 12 15 21 ]
(348.86 | 89.86) [ 0 2 5 6 7 8 3 15 12 21 ]
---
(348.86 | 21.86) [ 0 3 8 7 6 5 2 12 15 21 ]
(348.86 | 21.86) [ 0 3 8 7 6 5 2 15 12 21 ]
---
(541.35 | 71.35) [ 0 3 8 7 6 5 2 16 18 13 15 12 21 ]
(541.35 | 71.35) [ 0 3 8 7 6 5 2 16 18 13 15 12 21 ]
---
(423.08 | 11.08) [ 0 3 1 7 6 12 15 13 16 21 ]
(423.08 | 11.08) [ 0 3 1 7 6 12 15 13 16 21 ]
---
(313.60 | 141.60) [ 0 1 7 9 8 3 17 21 ]
(313.60 | 141.60) [ 0 1 7 9 8 3 17 21 ]
---
(356.54 | 53.54) [ 0 8 9 7 10 5 2 12 15 21 ]
(356.54 | 53.54) [ 0 8 9 7 10 5 2 15 12 21 ]
---
b
(440.91 | 131.91) [ 0 5 8 2 15 17 12 21 ]
(445.66 | 117.66) [ 0 5 7 2 15 17 12 21 ]
(296.40 | 82.40) [ 0 8 9 4 2 14 21 ]
(479.58 | 79.58) [ 0 5 7 4 2 14 17 12 15 21 ]
(479.58 | 79.58) [ 0 5 7 4 2 15 12 17 14 21 ]
---
(429.61 | 105.61) [ 0 5 8 7 4 15 11 17 21 ]
(429.61 | 105.61) [ 0 5 8 7 4 15 11 17 21 ]
---
(296.40 | 45.40) [ 0 2 4 9 8 14 21 ]
(296.40 | 45.40) [ 0 8 9 4 2 14 21 ]
---
(516.35 | 38.35) [ 0 2 4 6 8 14 11 12 18 21 ]
(516.35 | 38.35) [ 0 2 4 6 8 14 11 12 18 21 ]
---
(291.33 | 108.33) [ 0 4 7 9 6 14 21 ]
(291.33 | 108.33) [ 0 4 7 9 6 14 21 ]
---
(292.49 | 37.49) [ 0 4 7 9 2 14 21 ]
(292.49 | 37.49) [ 0 2 9 7 4 14 21 ]
---
(292.49 | 133.49) [ 0 4 7 9 2 14 21 ]
(292.49 | 133.49) [ 0 4 7 9 2 14 21 ]
---
(443.56 | 115.56) [ 0 2 7 9 8 20 17 12 21 ]
(294.72 | 103.72) [ 0 5 8 4 2 14 21 ]
(294.72 | 103.72) [ 0 5 8 4 2 14 21 ]
---
(458.86 | 52.86) [ 0 5 8 7 4 15 11 17 14 21 ]
(458.86 | 52.86) [ 0 5 8 7 4 14 17 11 15 21 ]
---
(492.88 | 63.88) [ 0 5 6 7 4 15 17 16 14 21 ]
(492.88 | 63.88) [ 0 5 6 7 4 15 17 16 14 21 ]
---
(292.35 | 153.35) [ 0 2 4 7 8 14 21 ]
(292.35 | 153.35) [ 0 2 4 7 8 14 21 ]
---
(431.80 | 100.80) [ 0 5 9 7 4 15 11 17 21 ]
(431.80 | 100.80) [ 0 5 9 7 4 15 11 17 21 ]
---
(297.80 | 110.80) [ 0 10 4 9 8 14 21 ]
(297.80 | 110.80) [ 0 10 4 9 8 14 21 ]
---
(293.71 | 155.71) [ 0 4 7 9 10 14 21 ]
(293.71 | 155.71) [ 0 4 7 9 10 14 21 ]
---
(419.37 | 83.37) [ 0 8 5 6 4 15 11 14 21 ]
(419.37 | 83.37) [ 0 4 6 5 8 14 11 15 21 ]
---
(289.76 | 103.76) [ 0 4 7 6 8 14 21 ]
(289.76 | 103.76) [ 0 4 7 6 8 14 21 ]
---
(417.04 | 78.04) [ 0 1 5 8 4 11 15 21 ]
(417.04 | 78.04) [ 0 1 5 8 4 15 11 21 ]
---
(298.40 | 113.40) [ 0 5 9 7 4 14 21 ]
(295.81 | 112.81) [ 0 5 6 7 4 14 21 ]
(295.81 | 112.81) [ 0 4 7 6 5 14 21 ]
---
(496.09 | 181.09) [ 0 10 2 8 20 12 18 21 ]
(293.71 | 170.71) [ 0 4 7 9 10 14 21 ]
(368.16 | 166.16) [ 0 2 10 20 12 21 ]
(368.16 | 166.16) [ 0 10 2 12 20 21 ]
---
(447.42 | 118.42) [ 0 5 7 4 2 20 17 12 21 ]
(467.69 | 86.69) [ 0 5 7 4 2 14 20 12 21 ]
(296.21 | 51.21) [ 0 5 8 7 4 14 21 ]
(296.21 | 51.21) [ 0 5 8 7 4 14 21 ]
---
(291.33 | 127.33) [ 0 4 7 9 6 14 21 ]
(291.33 | 127.33) [ 0 4 7 9 6 14 21 ]
---
(296.41 | 93.41) [ 0 4 6 5 8 14 21 ]
(296.41 | 93.41) [ 0 4 6 5 8 14 21 ]
---
(296.21 | 191.21) [ 0 5 8 7 4 14 21 ]
(361.89 | 165.89) [ 0 5 9 7 4 19 21 ]
(354.82 | 165.82) [ 0 4 7 9 6 19 21 ]
(355.88 | 160.88) [ 0 8 6 9 4 19 21 ]
(355.88 | 160.88) [ 0 8 6 9 4 19 21 ]
---
(296.41 | 157.41) [ 0 4 6 5 8 14 21 ]
(296.41 | 157.41) [ 0 4 6 5 8 14 21 ]
---
(292.39 | 152.39) [ 0 4 9 6 8 14 21 ]
(292.39 | 152.39) [ 0 4 9 6 8 14 21 ]
---
(292.35 | 121.35) [ 0 2 4 7 8 14 21 ]
(292.35 | 121.35) [ 0 2 4 7 8 14 21 ]
---
(453.29 | 57.29) [ 0 1 5 8 4 15 11 14 21 ]
(453.29 | 57.29) [ 0 1 5 8 4 14 11 15 21 ]
---
(478.22 | 126.22) [ 0 5 9 7 4 15 12 17 14 21 ]
(472.16 | 99.16) [ 0 2 4 7 8 14 17 12 15 21 ]
(474.54 | 89.54) [ 0 5 8 4 2 15 12 17 14 21 ]
(474.54 | 89.54) [ 0 5 8 4 2 15 12 17 14 21 ]
---
(300.27 | 165.27) [ 0 5 8 9 4 14 21 ]
(415.05 | 159.05) [ 0 5 8 10 20 15 21 ]
(415.05 | 159.05) [ 0 10 8 5 15 20 21 ]
---
(292.49 | 82.49) [ 0 4 7 9 2 14 21 ]
(292.49 | 82.49) [ 0 4 7 9 2 14 21 ]
---
(293.71 | 74.71) [ 0 4 7 9 10 14 21 ]
(293.71 | 74.71) [ 0 4 7 9 10 14 21 ]
---
(291.33 | 125.33) [ 0 6 9 7 4 14 21 ]
(291.33 | 125.33) [ 0 4 7 9 6 14 21 ]
---
(518.52 | 45.52) [ 0 5 8 4 2 14 11 12 18 21 ]
(518.52 | 45.52) [ 0 5 8 4 2 14 11 12 18 21 ]
---
(293.75 | 87.75) [ 0 10 4 7 8 14 21 ]
(293.75 | 87.75) [ 0 10 4 7 8 14 21 ]
---
(462.41 | 69.41) [ 0 5 7 4 2 15 11 17 14 21 ]
(462.41 | 69.41) [ 0 5 7 4 2 14 17 11 15 21 ]
---
(289.76 | 102.76) [ 0 4 7 6 8 14 21 ]
(289.76 | 102.76) [ 0 4 7 6 8 14 21 ]
---
(428.75 | 34.75) [ 0 4 7 9 10 20 17 11 21 ]
(479.58 | -0.42) [ 0 5 7 4 2 14 17 12 15 21 ]
(462.41 | -1.59) [ 0 5 7 4 2 14 17 11 15 21 ]
(462.41 | -1.59) [ 0 5 7 4 2 14 17 11 15 21 ]
---
(555.35 | 131.35) [ 0 1 8 4 2 14 17 12 13 21 ]
(563.75 | 68.75) [ 0 3 8 4 2 13 18 12 14 21 ]
(292.55 | 64.55) [ 0 2 4 6 8 14 21 ]
(292.55 | 64.55) [ 0 2 4 6 8 14 21 ]
---
(382.52 | 87.52) [ 0 5 6 7 4 15 11 21 ]
(382.52 | 87.52) [ 0 4 7 6 5 15 11 21 ]
---
(486.84 | 84.84) [ 0 8 6 7 4 15 17 16 14 21 ]
(292.39 | 80.39) [ 0 4 9 6 8 14 21 ]
(292.39 | 80.39) [ 0 4 9 6 8 14 21 ]
---
(291.33 | 141.33) [ 0 4 7 9 6 14 21 ]
(291.33 | 141.33) [ 0 4 7 9 6 14 21 ]
---
(538.64 | 158.64) [ 0 5 8 7 4 18 12 17 14 21 ]
(482.27 | 120.27) [ 0 5 8 4 2 18 12 11 21 ]
(482.27 | 120.27) [ 0 5 8 4 2 11 12 18 21 ]
---
(292.39 | 121.39) [ 0 4 9 6 8 14 21 ]
(292.39 | 121.39) [ 0 4 9 6 8 14 21 ]
---
(299.76 | 107.76) [ 0 5 7 4 2 14 21 ]
(375.32 | 89.32) [ 0 2 10 20 17 12 21 ]
(375.32 | 89.32) [ 0 2 10 20 17 12 21 ]
---
(291.33 | 144.33) [ 0 6 9 7 4 14 21 ]
(291.33 | 144.33) [ 0 4 7 9 6 14 21 ]
---
(442.15 | 56.15) [ 0 8 9 7 2 11 17 12 21 ]
(442.15 | 56.15) [ 0 8 9 7 2 11 17 12 21 ]
---
(292.55 | 75.55) [ 0 2 4 6 8 14 21 ]
(292.55 | 75.55) [ 0 2 4 6 8 14 21 ]
---
(289.76 | 94.76) [ 0 4 7 6 8 14 21 ]
(289.76 | 94.76) [ 0 4 7 6 8 14 21 ]
---
(292.55 | 125.55) [ 0 2 4 6 8 14 21 ]
(292.55 | 125.55) [ 0 2 4 6 8 14 21 ]
---
(293.71 | 102.71) [ 0 4 7 9 10 14 21 ]
(293.71 | 102.71) [ 0 4 7 9 10 14 21 ]
---
(291.33 | 99.33) [ 0 4 7 9 6 14 21 ]
(291.33 | 99.33) [ 0 6 9 7 4 14 21 ]
---
(293.75 | 114.75) [ 0 10 4 7 8 14 21 ]
(293.75 | 114.75) [ 0 10 4 7 8 14 21 ]
---
(480.68 | 92.68) [ 0 5 8 4 2 15 12 18 21 ]
(480.68 | 92.68) [ 0 5 8 4 2 15 12 18 21 ]
---
(292.39 | 101.39) [ 0 4 9 6 8 14 21 ]
(292.39 | 101.39) [ 0 4 9 6 8 14 21 ]
---
(382.52 | 138.52) [ 0 5 6 7 4 11 15 21 ]
(383.12 | 117.12) [ 0 8 5 6 4 15 11 21 ]
(383.12 | 117.12) [ 0 8 5 6 4 11 15 21 ]
---
(479.58 | 42.58) [ 0 5 7 4 2 14 17 12 15 21 ]
(479.58 | 42.58) [ 0 5 7 4 2 14 17 12 15 21 ]
---
(438.74 | 130.74) [ 0 2 9 7 4 12 17 11 21 ]
(438.74 | 130.74) [ 0 4 7 9 2 11 17 12 21 ]
---
(291.33 | 62.33) [ 0 4 7 9 6 14 21 ]
(291.33 | 62.33) [ 0 4 7 9 6 14 21 ]
---
(479.58 | 63.58) [ 0 5 7 4 2 15 12 17 14 21 ]
(479.58 | 63.58) [ 0 5 7 4 2 15 12 17 14 21 ]
---
(297.80 | 115.80) [ 0 10 4 9 8 14 21 ]
(297.80 | 115.80) [ 0 10 4 9 8 14 21 ]
---
(433.65 | 92.65) [ 0 5 8 9 7 17 11 15 21 ]
(433.65 | 92.65) [ 0 7 9 8 5 15 11 17 21 ]
---
(416.32 | 124.32) [ 0 10 2 4 15 20 14 21 ]
(292.49 | 104.49) [ 0 4 7 9 2 14 21 ]
(292.55 | 93.55) [ 0 2 4 6 8 14 21 ]
(292.55 | 93.55) [ 0 2 4 6 8 14 21 ]
---
(500.21 | 273.21) [ 0 5 4 10 14 12 13 21 ]
(452.06 | 253.06) [ 0 5 4 10 14 15 12 21 ]
(297.80 | 128.80) [ 0 8 9 4 10 14 21 ]
(519.11 | 125.11) [ 0 2 4 6 8 14 12 18 13 21 ]
(292.55 | 108.55) [ 0 2 4 6 8 14 21 ]
(227.66 | 101.66) [ 0 2 10 14 21 ]
(227.66 | 101.66) [ 0 2 10 14 21 ]
---
(295.81 | 98.81) [ 0 5 6 7 4 14 21 ]
(295.81 | 98.81) [ 0 5 6 7 4 14 21 ]
---
(296.40 | 145.40) [ 0 2 4 9 8 14 21 ]
(292.35 | 136.35) [ 0 2 4 7 8 14 21 ]
(292.35 | 136.35) [ 0 2 4 7 8 14 21 ]
---
(294.72 | 41.72) [ 0 5 8 4 2 14 21 ]
(294.72 | 41.72) [ 0 5 8 4 2 14 21 ]
---
(291.33 | 46.33) [ 0 6 9 7 4 14 21 ]
(291.33 | 46.33) [ 0 6 9 7 4 14 21 ]
---
(289.76 | 125.76) [ 0 4 7 6 8 14 21 ]
(289.76 | 125.76) [ 0 4 7 6 8 14 21 ]
---
(292.04 | 63.04) [ 0 4 7 9 8 14 21 ]
(292.04 | 63.04) [ 0 4 7 9 8 14 21 ]
---
(479.58 | 13.58) [ 0 5 7 4 2 14 17 12 15 21 ]
(479.58 | 13.58) [ 0 5 7 4 2 14 17 12 15 21 ]
---
(479.58 | 93.58) [ 0 5 7 4 2 15 12 17 14 21 ]
(292.49 | 93.49) [ 0 4 7 9 2 14 21 ]
(292.49 | 93.49) [ 0 4 7 9 2 14 21 ]
---
(291.33 | 116.33) [ 0 4 7 9 6 14 21 ]
(291.33 | 116.33) [ 0 4 7 9 6 14 21 ]
---
(298.40 | 56.40) [ 0 5 9 7 4 14 21 ]
(421.37 | 49.37) [ 0 5 9 7 4 15 11 14 21 ]
(421.37 | 49.37) [ 0 5 9 7 4 14 11 15 21 ]
---
(428.85 | 95.85) [ 0 6 7 10 20 17 11 21 ]
(428.85 | 95.85) [ 0 10 7 6 11 17 20 21 ]
---
(292.39 | 87.39) [ 0 4 9 6 8 14 21 ]
(292.39 | 87.39) [ 0 4 9 6 8 14 21 ]
---
(289.76 | 55.76) [ 0 4 7 6 8 14 21 ]
(289.76 | 55.76) [ 0 4 7 6 8 14 21 ]
---
(458.86 | 98.86) [ 0 5 8 7 4 15 11 17 14 21 ]
(458.86 | 98.86) [ 0 5 8 7 4 14 17 11 15 21 ]
---
(510.90 | 72.90) [ 0 5 8 7 4 15 17 18 13 21 ]
(510.90 | 72.90) [ 0 5 8 7 4 15 17 18 13 21 ]
---
(295.81 | 78.81) [ 0 5 6 7 4 14 21 ]
(295.81 | 78.81) [ 0 4 7 6 5 14 21 ]
---
(433.65 | 125.65) [ 0 5 8 9 7 17 11 15 21 ]
(433.65 | 125.65) [ 0 5 8 9 7 15 11 17 21 ]
---
(368.16 | 134.16) [ 0 2 10 20 12 21 ]
(368.16 | 134.16) [ 0 2 10 20 12 21 ]
---
(479.58 | 70.58) [ 0 5 7 4 2 15 12 17 14 21 ]
(479.58 | 70.58) [ 0 5 7 4 2 15 12 17 14 21 ]
---
(292.49 | 132.49) [ 0 4 7 9 2 14 21 ]
(292.49 | 132.49) [ 0 4 7 9 2 14 21 ]
---
(346.64 | 116.64) [ 0 2 10 20 11 21 ]
(346.64 | 116.64) [ 0 10 2 11 20 21 ]
---
(435.70 | 91.70) [ 0 5 7 10 20 17 15 21 ]
(435.70 | 91.70) [ 0 10 7 5 15 17 20 21 ]
---
(294.72 | 87.72) [ 0 5 8 4 2 14 21 ]
(294.72 | 87.72) [ 0 5 8 4 2 14 21 ]
---
(438.63 | 99.63) [ 0 7 9 6 8 12 17 11 21 ]
(438.63 | 99.63) [ 0 7 9 6 8 11 17 12 21 ]
---
(227.66 | 92.66) [ 0 2 10 14 21 ]
(227.66 | 92.66) [ 0 2 10 14 21 ]
---
(462.41 | 78.41) [ 0 5 7 4 2 14 17 11 15 21 ]
(462.41 | 78.41) [ 0 5 7 4 2 14 17 11 15 21 ]
---
(492.88 | 68.88) [ 0 5 6 7 4 15 17 16 14 21 ]
(492.88 | 68.88) [ 0 4 7 6 5 15 17 16 14 21 ]
---
(454.51 | 98.51) [ 0 8 9 7 4 11 17 14 21 ]
(461.05 | 49.05) [ 0 5 9 7 4 15 11 17 14 21 ]
(461.05 | 49.05) [ 0 5 9 7 4 14 17 11 15 21 ]
---
(269.82 | 125.82) [ 0 4 2 10 14 21 ]
(269.82 | 125.82) [ 0 4 2 10 14 21 ]
---
(480.68 | 125.68) [ 0 5 8 4 2 15 12 18 21 ]
(484.51 | 112.51) [ 0 5 8 9 4 15 18 13 21 ]
(484.51 | 112.51) [ 0 5 8 9 4 15 18 13 21 ]
---
(296.40 | 63.40) [ 0 2 4 9 8 14 21 ]
(297.80 | 56.80) [ 0 10 4 9 8 14 21 ]
(297.80 | 56.80) [ 0 8 9 4 10 14 21 ]
---
(479.58 | 143.58) [ 0 5 7 4 2 15 12 17 14 21 ]
(479.58 | 143.58) [ 0 5 7 4 2 14 17 12 15 21 ]
---
(442.71 | 82.71) [ 0 5 8 7 4 15 20 14 21 ]
(419.18 | 55.18) [ 0 5 8 7 4 15 11 14 21 ]
(419.18 | 55.18) [ 0 5 8 7 4 14 11 15 21 ]
---
(484.62 | 158.62) [ 0 7 9 6 8 20 17 16 21 ]
(427.43 | 147.43) [ 0 7 9 6 8 20 17 11 21 ]
(292.39 | 114.39) [ 0 4 9 6 8 14 21 ]
(292.39 | 114.39) [ 0 4 9 6 8 14 21 ]
---
(291.33 | 104.33) [ 0 4 7 9 6 14 21 ]
(291.33 | 104.33) [ 0 4 7 9 6 14 21 ]
---
(294.72 | 129.72) [ 0 5 8 4 2 14 21 ]
(294.72 | 129.72) [ 0 5 8 4 2 14 21 ]
---
(295.81 | 148.81) [ 0 5 6 7 4 14 21 ]
(299.76 | 148.76) [ 0 5 7 4 2 14 21 ]
(480.68 | 148.68) [ 0 5 8 4 2 18 12 15 21 ]
(292.55 | 147.55) [ 0 2 4 6 8 14 21 ]
(292.55 | 147.55) [ 0 2 4 6 8 14 21 ]
---
c
(309.70 | 108.70) [ 0 2 4 10 6 20 21 ]
(309.70 | 108.70) [ 0 2 4 10 6 20 21 ]
---
(310.43 | 77.43) [ 0 6 10 4 1 20 11 21 ]
(310.43 | 77.43) [ 0 1 4 10 6 11 20 21 ]
---
(347.59 | 77.59) [ 0 2 1 4 10 11 20 18 21 ]
(347.59 | 77.59) [ 0 10 4 1 2 18 20 11 21 ]
---
(347.59 | 10.59) [ 0 6 10 4 1 18 20 11 21 ]
(347.59 | 10.59) [ 0 1 4 10 6 18 20 11 21 ]
---
(310.43 | 105.43) [ 0 6 10 4 1 20 11 21 ]
(310.43 | 105.43) [ 0 1 4 10 6 20 11 21 ]
---
(297.99 | 126.99) [ 0 2 7 4 20 21 ]
(297.99 | 126.99) [ 0 4 7 2 20 21 ]
---
(310.44 | 118.44) [ 0 2 1 4 10 11 20 21 ]
(310.44 | 118.44) [ 0 2 1 4 10 20 11 21 ]
---
(310.44 | 109.44) [ 0 2 1 4 10 11 20 21 ]
(310.44 | 109.44) [ 0 2 1 4 10 20 11 21 ]
---
(297.86 | 122.86) [ 0 10 1 7 11 21 ]
(297.86 | 122.86) [ 0 7 1 10 11 21 ]
---
(310.43 | 89.43) [ 0 6 10 4 1 20 11 21 ]
(310.43 | 89.43) [ 0 1 4 10 6 11 20 21 ]
---
(309.20 | 121.20) [ 0 5 3 8 18 21 ]
(309.20 | 121.20) [ 0 5 3 8 18 21 ]
---
(344.41 | 144.41) [ 0 6 10 1 18 20 11 21 ]
(345.05 | 119.05) [ 0 7 1 10 11 20 18 21 ]
(345.05 | 119.05) [ 0 7 1 10 11 20 18 21 ]
---
(291.47 | 176.47) [ 0 6 10 2 18 21 ]
(291.47 | 176.47) [ 0 2 10 6 18 21 ]
---
(307.89 | 98.89) [ 0 7 1 10 11 20 21 ]
(307.89 | 98.89) [ 0 10 1 7 11 20 21 ]
---
(347.59 | 87.59) [ 0 6 10 4 1 18 20 11 21 ]
(347.59 | 87.59) [ 0 6 10 4 1 11 20 18 21 ]
---
(310.43 | 154.43) [ 0 6 10 4 1 20 11 21 ]
(310.43 | 154.43) [ 0 1 4 10 6 11 20 21 ]
---
(310.43 | 52.43) [ 0 6 10 4 1 20 11 21 ]
(310.43 | 52.43) [ 0 6 10 4 1 11 20 21 ]
---
(345.05 | 85.05) [ 0 10 1 7 11 20 18 21 ]
(345.05 | 85.05) [ 0 10 1 7 18 20 11 21 ]
---
(347.59 | 61.59) [ 0 6 10 4 1 18 20 11 21 ]
(347.59 | 61.59) [ 0 6 10 4 1 18 20 11 21 ]
---
(335.95 | 33.95) [ 0 1 4 7 11 20 18 21 ]
(335.95 | 33.95) [ 0 1 4 7 11 20 18 21 ]
---
(347.59 | 96.59) [ 0 6 10 4 1 18 20 11 21 ]
(347.59 | 96.59) [ 0 6 10 4 1 18 20 11 21 ]
---
(310.43 | 85.43) [ 0 6 10 4 1 20 11 21 ]
(310.43 | 85.43) [ 0 6 10 4 1 11 20 21 ]
---
(300.40 | 116.40) [ 0 6 10 4 1 11 21 ]
(300.40 | 116.40) [ 0 6 10 4 1 11 21 ]
---
(310.43 | 158.43) [ 0 6 10 4 1 20 11 21 ]
(310.43 | 158.43) [ 0 6 10 4 1 11 20 21 ]
---
(347.59 | 106.59) [ 0 6 10 4 1 18 20 11 21 ]
(347.59 | 106.59) [ 0 6 10 4 1 18 20 11 21 ]
---
(310.44 | 145.44) [ 0 2 1 4 10 11 20 21 ]
(310.44 | 145.44) [ 0 2 1 4 10 20 11 21 ]
---
(347.59 | 25.59) [ 0 2 1 4 10 11 20 18 21 ]
(347.59 | 25.59) [ 0 2 1 4 10 11 20 18 21 ]
---
(309.20 | 106.20) [ 0 5 3 8 18 21 ]
(309.20 | 106.20) [ 0 5 3 8 18 21 ]
---
(310.44 | 136.44) [ 0 2 1 4 10 11 20 21 ]
(310.44 | 136.44) [ 0 10 4 1 2 20 11 21 ]
---
(310.44 | 83.44) [ 0 2 1 4 10 11 20 21 ]
(310.44 | 83.44) [ 0 10 4 1 2 20 11 21 ]
---
(310.43 | 103.43) [ 0 6 10 4 1 20 11 21 ]
(310.43 | 103.43) [ 0 6 10 4 1 20 11 21 ]
---
(310.43 | 49.43) [ 0 6 10 4 1 20 11 21 ]
(310.43 | 49.43) [ 0 6 10 4 1 11 20 21 ]
---
(347.59 | -22.41) [ 0 2 1 4 10 11 20 18 21 ]
(347.59 | -22.41) [ 0 2 1 4 10 11 20 18 21 ]
---
(310.43 | 70.43) [ 0 6 10 4 1 20 11 21 ]
(310.43 | 70.43) [ 0 6 10 4 1 11 20 21 ]
---
(310.44 | 29.44) [ 0 2 1 4 10 11 20 21 ]
(310.44 | 29.44) [ 0 2 1 4 10 11 20 21 ]
---
(299.66 | 146.66) [ 0 2 7 10 11 20 21 ]
(300.01 | 134.01) [ 0 6 10 7 11 20 21 ]
(310.43 | 123.43) [ 0 6 10 4 1 20 11 21 ]
(310.43 | 123.43) [ 0 6 10 4 1 11 20 21 ]
---
(310.44 | -44.56) [ 0 2 1 4 10 11 20 21 ]
(310.44 | -44.56) [ 0 2 1 4 10 11 20 21 ]
---
(347.59 | 76.59) [ 0 2 1 4 10 11 20 18 21 ]
(347.59 | 76.59) [ 0 10 4 1 2 18 20 11 21 ]
---
(310.43 | 62.43) [ 0 6 10 4 1 20 11 21 ]
(310.43 | 62.43) [ 0 1 4 10 6 11 20 21 ]
---
(310.43 | 136.43) [ 0 6 10 4 1 20 11 21 ]
(310.43 | 136.43) [ 0 6 10 4 1 11 20 21 ]
---
(290.70 | 104.70) [ 0 6 1 2 18 21 ]
(290.70 | 104.70) [ 0 2 1 6 18 21 ]
---
(399.98 | 67.98) [ 0 1 4 10 8 18 20 11 21 ]
(399.98 | 67.98) [ 0 1 4 10 8 18 20 11 21 ]
---
(310.43 | 87.43) [ 0 6 10 4 1 20 11 21 ]
(310.43 | 87.43) [ 0 1 4 10 6 11 20 21 ]
---
(310.44 | 99.44) [ 0 2 1 4 10 11 20 21 ]
(310.44 | 99.44) [ 0 10 4 1 2 20 11 21 ]
---
(347.59 | 92.59) [ 0 6 10 4 1 18 20 11 21 ]
(347.59 | 92.59) [ 0 6 10 4 1 11 20 18 21 ]
---
(310.44 | 83.44) [ 0 2 1 4 10 11 20 21 ]
(310.44 | 83.44) [ 0 2 1 4 10 11 20 21 ]
---
(295.20 | 124.20) [ 0 6 4 1 11 21 ]
(295.20 | 124.20) [ 0 6 4 1 11 21 ]
---
(310.43 | 154.43) [ 0 6 10 4 1 20 11 21 ]
(307.89 | 149.89) [ 0 7 1 10 11 20 21 ]
(307.89 | 149.89) [ 0 7 1 10 11 20 21 ]
---
(310.43 | 128.43) [ 0 6 10 4 1 20 11 21 ]
(310.43 | 128.43) [ 0 1 4 10 6 11 20 21 ]
---
(310.43 | 48.43) [ 0 6 10 4 1 20 11 21 ]
(310.43 | 48.43) [ 0 1 4 10 6 20 11 21 ]
---
(310.43 | 51.43) [ 0 6 10 4 1 20 11 21 ]
(310.43 | 51.43) [ 0 6 10 4 1 20 11 21 ]
---
(310.44 | 109.44) [ 0 2 1 4 10 11 20 21 ]
(310.44 | 109.44) [ 0 2 1 4 10 11 20 21 ]
---
(347.59 | 72.59) [ 0 2 1 4 10 11 20 18 21 ]
(347.59 | 72.59) [ 0 2 1 4 10 18 20 11 21 ]
---
(302.99 | 125.99) [ 0 6 10 4 1 18 21 ]
(302.99 | 125.99) [ 0 1 4 10 6 18 21 ]
---
(310.43 | 25.43) [ 0 6 10 4 1 20 11 21 ]
(310.43 | 25.43) [ 0 6 10 4 1 20 11 21 ]
---
(310.44 | 40.44) [ 0 2 1 4 10 11 20 21 ]
(310.44 | 40.44) [ 0 10 4 1 2 20 11 21 ]
---
(288.11 | 86.11) [ 0 6 1 2 11 21 ]
(288.11 | 86.11) [ 0 6 1 2 11 21 ]
---
(310.43 | 113.43) [ 0 6 10 4 1 20 11 21 ]
(310.43 | 113.43) [ 0 6 10 4 1 11 20 21 ]
---
(310.43 | 140.43) [ 0 6 10 4 1 20 11 21 ]
(310.43 | 140.43) [ 0 6 10 4 1 20 11 21 ]
---
(310.43 | 73.43) [ 0 6 10 4 1 20 11 21 ]
(310.43 | 73.43) [ 0 1 4 10 6 11 20 21 ]
---
(299.66 | 88.66) [ 0 2 7 10 11 20 21 ]
(299.66 | 88.66) [ 0 10 7 2 11 20 21 ]
---
(310.44 | 96.44) [ 0 2 1 4 10 11 20 21 ]
(310.44 | 96.44) [ 0 2 1 4 10 20 11 21 ]
---
(347.59 | 53.59) [ 0 6 10 4 1 18 20 11 21 ]
(347.59 | 53.59) [ 0 1 4 10 6 18 20 11 21 ]
---
(298.14 | 105.14) [ 0 6 1 2 11 20 21 ]
(309.84 | 102.84) [ 0 6 10 4 2 11 20 21 ]
(310.43 | 92.43) [ 0 6 10 4 1 20 11 21 ]
(310.43 | 92.43) [ 0 1 4 10 6 20 11 21 ]
---
(307.89 | 187.89) [ 0 7 1 10 11 20 21 ]
(310.44 | 151.44) [ 0 2 1 4 10 11 20 21 ]
(299.52 | 147.52) [ 0 10 7 2 20 21 ]
(299.52 | 147.52) [ 0 10 7 2 20 21 ]
---
(291.27 | 133.27) [ 0 2 4 1 18 21 ]
(291.27 | 133.27) [ 0 1 4 2 18 21 ]
---
(302.99 | 125.99) [ 0 6 10 4 1 18 21 ]
(302.99 | 125.99) [ 0 1 4 10 6 18 21 ]
---
(310.43 | 118.43) [ 0 6 10 4 1 20 11 21 ]
(310.43 | 118.43) [ 0 1 4 10 6 11 20 21 ]
---
(300.41 | 65.41) [ 0 2 1 4 10 11 21 ]
(300.41 | 65.41) [ 0 2 1 4 10 11 21 ]
---
(622.29 | 152.29) [ 0 2 4 10 6 13 12 14 20 21 ]
(309.70 | 103.70) [ 0 2 4 10 6 20 21 ]
(309.70 | 103.70) [ 0 6 10 4 2 20 21 ]
---
(310.44 | 128.44) [ 0 2 1 4 10 11 20 21 ]
(310.44 | 128.44) [ 0 2 1 4 10 11 20 21 ]
---
(300.40 | 99.40) [ 0 6 10 4 1 11 21 ]
(300.40 | 99.40) [ 0 6 10 4 1 11 21 ]
---
(288.76 | 118.76) [ 0 1 4 7 11 21 ]
(288.76 | 118.76) [ 0 1 4 7 11 21 ]
---
(310.43 | 33.43) [ 0 6 10 4 1 20 11 21 ]
(310.43 | 33.43) [ 0 6 10 4 1 11 20 21 ]
---
(347.59 | 59.59) [ 0 6 10 4 1 18 20 11 21 ]
(347.59 | 59.59) [ 0 1 4 10 6 18 20 11 21 ]
---
(310.43 | 70.43) [ 0 6 10 4 1 20 11 21 ]
(310.43 | 70.43) [ 0 6 10 4 1 11 20 21 ]
---
(288.76 | 137.76) [ 0 1 4 7 11 21 ]
(288.76 | 137.76) [ 0 1 4 7 11 21 ]
---
(347.59 | 110.59) [ 0 6 10 4 1 18 20 11 21 ]
(347.59 | 110.59) [ 0 6 10 4 1 18 20 11 21 ]
---
(345.05 | 82.05) [ 0 7 1 10 11 20 18 21 ]
(345.05 | 82.05) [ 0 10 1 7 18 20 11 21 ]
---
(238.09 | 140.09) [ 0 5 18 21 ]
(238.09 | 140.09) [ 0 5 18 21 ]
---
(310.44 | 79.44) [ 0 2 1 4 10 11 20 21 ]
(310.44 | 79.44) [ 0 2 1 4 10 20 11 21 ]
---
(408.09 | 179.09) [ 0 5 3 19 15 21 ]
(408.09 | 179.09) [ 0 5 3 19 15 21 ]
---
(299.52 | 150.52) [ 0 10 7 2 20 21 ]
(299.52 | 150.52) [ 0 10 7 2 20 21 ]
---
(310.43 | -8.57) [ 0 6 10 4 1 20 11 21 ]
(310.43 | -8.57) [ 0 1 4 10 6 20 11 21 ]
---
(310.44 | 56.44) [ 0 2 1 4 10 11 20 21 ]
(310.44 | 56.44) [ 0 2 1 4 10 11 20 21 ]
---
(309.20 | 76.20) [ 0 5 3 8 18 21 ]
(309.20 | 76.20) [ 0 5 3 8 18 21 ]
---
(300.40 | 108.40) [ 0 6 10 4 1 11 21 ]
(300.40 | 108.40) [ 0 6 10 4 1 11 21 ]
---
(298.77 | 82.77) [ 0 6 10 2 20 21 ]
(298.77 | 82.77) [ 0 6 10 2 20 21 ]
---
(310.44 | 70.44) [ 0 2 1 4 10 11 20 21 ]
(310.44 | 70.44) [ 0 2 1 4 10 11 20 21 ]
---
(309.70 | 193.70) [ 0 6 10 4 2 20 21 ]
(309.70 | 193.70) [ 0 6 10 4 2 20 21 ]
---
(310.44 | 55.44) [ 0 2 1 4 10 11 20 21 ]
(310.44 | 55.44) [ 0 10 4 1 2 20 11 21 ]
---
(347.59 | 84.59) [ 0 2 1 4 10 11 20 18 21 ]
(347.59 | 84.59) [ 0 10 4 1 2 18 20 11 21 ]
---
(347.59 | 92.59) [ 0 6 10 4 1 18 20 11 21 ]
(347.59 | 92.59) [ 0 1 4 10 6 18 20 11 21 ]
---
(310.44 | 43.44) [ 0 2 1 4 10 11 20 21 ]
(310.44 | 43.44) [ 0 10 4 1 2 20 11 21 ]
---
(621.86 | 276.86) [ 0 2 4 10 6 19 12 14 20 21 ]
(336.68 | 122.68) [ 0 10 7 2 18 20 21 ]
(336.68 | 122.68) [ 0 2 7 10 18 20 21 ]
---
(310.43 | 17.43) [ 0 6 10 4 1 20 11 21 ]
(310.43 | 17.43) [ 0 6 10 4 1 20 11 21 ]
---
(344.41 | 75.41) [ 0 6 10 1 18 20 11 21 ]
(344.41 | 75.41) [ 0 1 10 6 11 20 18 21 ]
---
(307.25 | 91.25) [ 0 6 10 1 20 11 21 ]
(307.25 | 91.25) [ 0 6 10 1 20 11 21 ]
---
(310.44 | 78.44) [ 0 2 1 4 10 11 20 21 ]
(310.44 | 78.44) [ 0 2 1 4 10 11 20 21 ]
---
(347.59 | 19.59) [ 0 2 1 4 10 11 20 18 21 ]
(347.59 | 19.59) [ 0 10 4 1 2 18 20 11 21 ]
---
d
(274.97 | 74.97) [ 0 6 4 8 7 16 21 ]
(274.97 | 74.97) [ 0 6 4 8 7 16 21 ]
---
(274.97 | 29.97) [ 0 6 4 8 7 16 21 ]
(274.97 | 29.97) [ 0 6 4 8 7 16 21 ]
---
(274.97 | 92.97) [ 0 6 4 8 7 16 21 ]
(263.53 | 84.53) [ 0 7 5 9 2 16 21 ]
(263.53 | 84.53) [ 0 7 5 9 2 16 21 ]
---
(526.71 | 158.71) [ 0 8 10 9 7 14 18 11 15 21 ]
(526.69 | 138.69) [ 0 8 10 5 7 14 18 11 15 21 ]
(472.56 | 99.56) [ 0 8 4 6 14 18 11 15 21 ]
(472.56 | 99.56) [ 0 8 4 6 14 18 11 15 21 ]
---
(565.47 | 95.47) [ 0 6 4 3 10 5 7 16 15 19 13 14 21 ]
(563.72 | 60.72) [ 0 6 4 3 5 9 16 15 19 13 14 21 ]
(563.72 | 60.72) [ 0 6 4 3 5 9 16 15 19 13 14 21 ]
---
(462.28 | 75.28) [ 0 4 3 10 5 9 7 14 13 19 21 ]
(462.28 | 75.28) [ 0 4 3 10 5 9 7 14 13 19 21 ]
---
(456.79 | 150.79) [ 0 9 5 10 3 7 14 13 19 15 21 ]
(456.79 | 150.79) [ 0 9 5 10 3 7 15 19 13 14 21 ]
---
(193.49 | 97.49) [ 0 8 16 21 ]
(193.49 | 97.49) [ 0 8 16 21 ]
---
(476.83 | 80.83) [ 0 6 4 8 7 14 13 11 15 16 21 ]
(476.83 | 80.83) [ 0 6 4 8 7 14 13 11 15 16 21 ]
---
(477.41 | -69.59) [ 0 7 3 10 5 9 16 11 15 19 13 21 ]
(477.41 | -69.59) [ 0 9 5 10 3 7 13 19 15 11 16 21 ]
---
(210.69 | 89.69) [ 0 7 8 16 21 ]
(210.69 | 89.69) [ 0 7 8 16 21 ]
---
(172.10 | 75.10) [ 0 7 16 21 ]
(263.53 | 66.53) [ 0 7 5 9 2 16 21 ]
(263.53 | 66.53) [ 0 7 5 9 2 16 21 ]
---
(172.10 | 129.10) [ 0 7 16 21 ]
(278.86 | 122.86) [ 0 10 5 9 2 16 21 ]
(473.04 | 91.04) [ 0 9 5 10 3 7 14 13 19 15 16 21 ]
(473.04 | 91.04) [ 0 7 3 10 5 9 16 15 19 13 14 21 ]
---
(279.00 | 88.00) [ 0 7 3 10 5 9 16 21 ]
(279.00 | 88.00) [ 0 7 3 10 5 9 16 21 ]
---
(571.72 | 95.72) [ 0 9 5 3 4 6 14 19 15 11 16 21 ]
(257.76 | 84.76) [ 0 6 4 8 16 21 ]
(257.76 | 84.76) [ 0 6 4 8 16 21 ]
---
(274.97 | 114.97) [ 0 6 4 8 7 16 21 ]
(274.97 | 114.97) [ 0 7 8 4 6 16 21 ]
---
(530.47 | -1.53) [ 0 1 3 10 5 9 7 16 11 15 19 13 21 ]
(530.47 | -1.53) [ 0 7 9 5 10 3 1 16 11 15 19 13 21 ]
---
(279.00 | 40.00) [ 0 9 5 10 3 7 16 21 ]
(279.00 | 40.00) [ 0 9 5 10 3 7 16 21 ]
---
(274.97 | 169.97) [ 0 6 4 8 7 16 21 ]
(279.00 | 164.00) [ 0 7 3 10 5 9 16 21 ]
(279.00 | 164.00) [ 0 9 5 10 3 7 16 21 ]
---
(573.96 | 70.96) [ 0 4 1 3 5 9 7 14 13 19 11 15 21 ]
(573.96 | 70.96) [ 0 4 1 3 5 9 7 14 13 19 11 15 21 ]
---
(503.18 | 194.18) [ 0 7 9 4 8 19 18 14 21 ]
(504.38 | 171.38) [ 0 9 5 4 8 19 18 14 21 ]
(552.11 | 145.11) [ 0 7 9 5 10 3 1 19 15 11 18 21 ]
(552.11 | 145.11) [ 0 1 3 10 5 9 7 19 15 11 18 21 ]
---
(575.51 | 160.51) [ 0 9 5 10 3 1 4 14 13 19 11 15 21 ]
(257.76 | 145.76) [ 0 6 4 8 16 21 ]
(257.76 | 145.76) [ 0 8 4 6 16 21 ]
---
(530.47 | -9.53) [ 0 7 9 5 10 3 1 13 19 15 11 16 21 ]
(530.47 | -9.53) [ 0 7 9 5 10 3 1 16 11 15 19 13 21 ]
---
(392.01 | 109.01) [ 0 7 3 10 5 9 19 13 21 ]
(392.01 | 109.01) [ 0 9 5 10 3 7 13 19 21 ]
---
(366.60 | 124.60) [ 0 8 19 13 18 21 ]
(366.60 | 124.60) [ 0 8 19 13 18 21 ]
---
(210.69 | 102.69) [ 0 7 8 16 21 ]
(210.69 | 102.69) [ 0 7 8 16 21 ]
---
(530.47 | -5.53) [ 0 7 9 5 10 3 1 13 19 15 11 16 21 ]
(530.47 | -5.53) [ 0 1 3 10 5 9 7 16 11 15 19 13 21 ]
---
(279.00 | 126.00) [ 0 9 5 10 3 7 16 21 ]
(279.00 | 126.00) [ 0 7 3 10 5 9 16 21 ]
---
(278.86 | 161.86) [ 0 10 5 9 2 16 21 ]
(193.49 | 146.49) [ 0 8 16 21 ]
(193.49 | 146.49) [ 0 8 16 21 ]
---
(263.53 | 97.53) [ 0 7 5 9 2 16 21 ]
(279.00 | 96.00) [ 0 9 5 10 3 7 16 21 ]
(279.00 | 96.00) [ 0 7 3 10 5 9 16 21 ]
---
(278.69 | 144.69) [ 0 7 10 9 2 16 21 ]
(396.16 | 118.16) [ 0 7 3 10 5 9 19 13 14 21 ]
(396.16 | 118.16) [ 0 9 5 10 3 7 14 13 19 21 ]
---
(274.97 | 90.97) [ 0 6 4 8 7 16 21 ]
(274.97 | 90.97) [ 0 6 4 8 7 16 21 ]
---
(465.58 | 04.58) [ 0 2 9 5 7 14 19 15 11 16 21 ]
(614.93 | -6.07) [ 0 6 4 1 10 5 9 7 14 19 15 11 16 21 ]
(614.93 | -6.07) [ 0 6 4 1 10 5 9 7 14 19 15 11 16 21 ]
---
(274.97 | 108.97) [ 0 6 4 8 7 16 21 ]
(274.97 | 108.97) [ 0 7 8 4 6 16 21 ]
---
(465.58 | 79.58) [ 0 2 9 5 7 14 19 15 11 16 21 ]
(481.04 | 72.04) [ 0 9 5 10 3 7 14 19 15 11 16 21 ]
(481.04 | 72.04) [ 0 7 3 10 5 9 16 11 15 19 14 21 ]
---
(473.65 | 108.65) [ 0 6 4 8 7 14 18 19 16 21 ]
(274.97 | 49.97) [ 0 6 4 8 7 16 21 ]
(274.97 | 49.97) [ 0 7 8 4 6 16 21 ]
---
(575.51 | 63.51) [ 0 9 5 10 3 1 4 14 13 19 11 15 21 ]
(575.51 | 63.51) [ 0 9 5 10 3 1 4 15 11 19 13 14 21 ]
---
(395.08 | 86.08) [ 0 2 9 3 19 13 14 21 ]
(402.56 | 63.56) [ 0 6 4 8 16 19 13 14 21 ]
(402.56 | 63.56) [ 0 6 4 8 16 19 13 14 21 ]
---
(514.30 | 55.30) [ 0 1 3 10 5 9 7 13 19 11 15 21 ]
(514.30 | 55.30) [ 0 1 3 10 5 9 7 13 19 11 15 21 ]
---
(469.01 | 19.01) [ 0 6 4 8 7 14 13 19 15 16 21 ]
(469.01 | 19.01) [ 0 7 8 4 6 14 13 19 15 16 21 ]
---
(263.53 | 119.53) [ 0 7 5 9 2 16 21 ]
(263.53 | 119.53) [ 0 7 5 9 2 16 21 ]
---
(274.97 | 136.97) [ 0 6 4 8 7 16 21 ]
(274.97 | 136.97) [ 0 7 8 4 6 16 21 ]
---
(257.76 | 148.76) [ 0 6 4 8 16 21 ]
(257.76 | 148.76) [ 0 8 4 6 16 21 ]
---
(396.16 | 127.16) [ 0 7 3 10 5 9 19 13 14 21 ]
(396.16 | 127.16) [ 0 9 5 10 3 7 14 13 19 21 ]
---
(258.20 | 122.20) [ 0 6 8 7 16 21 ]
(258.20 | 122.20) [ 0 6 8 7 16 21 ]
---
(279.00 | 83.00) [ 0 7 3 10 5 9 16 21 ]
(279.00 | 83.00) [ 0 7 3 10 5 9 16 21 ]
---
(257.76 | 104.76) [ 0 6 4 8 16 21 ]
(257.76 | 104.76) [ 0 6 4 8 16 21 ]
---
(258.20 | 56.20) [ 0 6 8 7 16 21 ]
(258.20 | 56.20) [ 0 6 8 7 16 21 ]
---
(257.76 | 104.76) [ 0 6 4 8 16 21 ]
(257.76 | 104.76) [ 0 6 4 8 16 21 ]
---
(263.53 | 113.53) [ 0 2 9 5 7 16 21 ]
(477.41 | 66.41) [ 0 9 5 10 3 7 13 19 15 11 16 21 ]
(477.41 | 66.41) [ 0 9 5 10 3 7 13 19 15 11 16 21 ]
---
(274.97 | 141.97) [ 0 6 4 8 7 16 21 ]
(274.97 | 141.97) [ 0 6 4 8 7 16 21 ]
---
(258.20 | 107.20) [ 0 6 8 7 16 21 ]
(258.20 | 107.20) [ 0 6 8 7 16 21 ]
---
(522.91 | 26.91) [ 0 4 3 10 5 9 7 14 13 19 15 21 ]
(522.91 | 26.91) [ 0 4 3 10 5 9 7 15 19 13 14 21 ]
---
(274.97 | 126.97) [ 0 6 4 8 7 16 21 ]
(274.97 | 126.97) [ 0 7 8 4 6 16 21 ]
---
(530.47 | 70.47) [ 0 7 9 5 10 3 1 13 19 15 11 16 21 ]
(530.47 | 70.47) [ 0 7 9 5 10 3 1 13 19 15 11 16 21 ]
---
(473.04 | 21.04) [ 0 7 3 10 5 9 16 15 19 13 14 21 ]
(518.45 | 10.45) [ 0 1 3 10 5 9 7 14 13 19 11 15 21 ]
(530.47 | 08.47) [ 0 1 3 10 5 9 7 16 11 15 19 13 21 ]
(530.47 | 08.47) [ 0 7 9 5 10 3 1 13 19 15 11 16 21 ]
---
(530.47 | 86.47) [ 0 7 9 5 10 3 1 13 19 15 11 16 21 ]
(530.47 | 86.47) [ 0 1 3 10 5 9 7 16 11 15 19 13 21 ]
---
(423.80 | -15.20) [ 0 9 5 10 3 7 14 13 19 16 21 ]
(423.80 | -15.20) [ 0 9 5 10 3 7 14 13 19 16 21 ]
---
(396.16 | 97.16) [ 0 7 3 10 5 9 19 13 14 21 ]
(396.16 | 97.16) [ 0 9 5 10 3 7 14 13 19 21 ]
---
(396.16 | 140.16) [ 0 9 5 10 3 7 14 13 19 21 ]
(396.16 | 140.16) [ 0 7 3 10 5 9 14 13 19 21 ]
---
(263.53 | 63.53) [ 0 7 5 9 2 16 21 ]
(263.53 | 63.53) [ 0 7 5 9 2 16 21 ]
---
(451.81 | 87.81) [ 0 6 4 8 16 15 19 13 14 21 ]
(563.72 | 75.72) [ 0 6 4 3 5 9 16 15 19 13 14 21 ]
(563.72 | 75.72) [ 0 6 4 3 5 9 14 13 19 15 16 21 ]
---
(423.80 | 42.80) [ 0 9 5 10 3 7 14 13 19 16 21 ]
(423.80 | 42.80) [ 0 7 3 10 5 9 16 19 13 14 21 ]
---
(172.10 | 162.10) [ 0 7 16 21 ]
(172.10 | 162.10) [ 0 7 16 21 ]
---
(172.10 | 101.10) [ 0 7 16 21 ]
(172.10 | 101.10) [ 0 7 16 21 ]
---
(274.97 | 118.97) [ 0 6 4 8 7 16 21 ]
(504.74 | 105.74) [ 0 4 1 3 5 9 7 14 13 19 21 ]
(504.74 | 105.74) [ 0 4 1 3 5 9 7 14 13 19 21 ]
---
(522.91 | -1.09) [ 0 4 3 10 5 9 7 14 13 19 15 21 ]
(522.91 | -1.09) [ 0 4 3 10 5 9 7 14 13 19 15 21 ]
---
(274.97 | 86.97) [ 0 6 4 8 7 16 21 ]
(274.97 | 86.97) [ 0 6 4 8 7 16 21 ]
---
(274.97 | 54.97) [ 0 6 4 8 7 16 21 ]
(274.97 | 54.97) [ 0 6 4 8 7 16 21 ]
---
(386.64 | 84.64) [ 0 6 4 8 7 14 13 21 ]
(386.64 | 84.64) [ 0 7 8 4 6 14 13 21 ]
---
(172.10 | 112.10) [ 0 7 16 21 ]
(172.10 | 112.10) [ 0 7 16 21 ]
---
(614.93 | 84.93) [ 0 6 4 1 10 5 9 7 14 19 15 11 16 21 ]
(258.20 | 70.20) [ 0 6 8 7 16 21 ]
(258.20 | 70.20) [ 0 6 8 7 16 21 ]
---
(473.04 | 19.04) [ 0 9 5 10 3 7 14 13 19 15 16 21 ]
(554.05 | 17.05) [ 0 6 4 5 9 7 14 13 19 15 16 21 ]
(554.05 | 17.05) [ 0 6 4 5 9 7 14 13 19 15 16 21 ]
---
(279.00 | 95.00) [ 0 7 3 10 5 9 16 21 ]
(279.00 | 95.00) [ 0 7 3 10 5 9 16 21 ]
---
(518.45 | 76.45) [ 0 1 3 10 5 9 7 14 13 19 11 15 21 ]
(518.45 | 76.45) [ 0 1 3 10 5 9 7 14 13 19 11 15 21 ]
---
(614.93 | 42.93) [ 0 6 4 1 10 5 9 7 14 19 15 11 16 21 ]
(614.93 | 42.93) [ 0 7 9 5 10 1 4 6 14 19 15 11 16 21 ]
---
(257.76 | 112.76) [ 0 6 4 8 16 21 ]
(257.76 | 112.76) [ 0 6 4 8 16 21 ]
---
(489.59 | 102.59) [ 0 6 4 8 7 14 18 15 19 21 ]
(452.64 | 54.64) [ 0 9 5 10 3 7 13 19 15 21 ]
(452.64 | 54.64) [ 0 9 5 10 3 7 13 19 15 21 ]
---
(396.16 | 79.16) [ 0 9 5 10 3 7 14 13 19 21 ]
(396.16 | 79.16) [ 0 7 3 10 5 9 14 13 19 21 ]
---
(279.00 | 134.00) [ 0 7 3 10 5 9 16 21 ]
(279.00 | 134.00) [ 0 7 3 10 5 9 16 21 ]
---
(172.10 | 128.10) [ 0 7 16 21 ]
(172.10 | 128.10) [ 0 7 16 21 ]
---
(456.79 | 31.79) [ 0 9 5 10 3 7 14 13 19 15 21 ]
(456.79 | 31.79) [ 0 7 3 10 5 9 14 13 19 15 21 ]
---
(473.04 | 71.04) [ 0 9 5 10 3 7 14 13 19 15 16 21 ]
(473.04 | 71.04) [ 0 7 3 10 5 9 16 15 19 13 14 21 ]
---
(278.86 | 132.86) [ 0 2 5 10 7 16 21 ]
(274.97 | 129.97) [ 0 6 4 8 7 16 21 ]
(274.97 | 129.97) [ 0 6 4 8 7 16 21 ]
---
(279.00 | 137.00) [ 0 7 3 10 5 9 16 21 ]
(279.00 | 137.00) [ 0 7 3 10 5 9 16 21 ]
---
(464.61 | 93.61) [ 0 2 5 3 14 13 19 11 15 21 ]
(464.61 | 93.61) [ 0 2 5 3 15 11 19 13 14 21 ]
---
(258.20 | 87.20) [ 0 6 8 7 16 21 ]
(258.20 | 87.20) [ 0 6 8 7 16 21 ]
---
(278.69 | 121.69) [ 0 2 9 10 7 16 21 ]
(278.69 | 121.69) [ 0 7 10 9 2 16 21 ]
---
(465.39 | -32.61) [ 0 9 5 10 3 7 14 13 19 11 15 21 ]
(465.39 | -32.61) [ 0 9 5 10 3 7 14 13 19 11 15 21 ]
---
(457.57 | 99.57) [ 0 2 9 5 7 14 13 19 15 16 21 ]
(563.72 | 83.72) [ 0 9 5 3 4 6 14 13 19 15 16 21 ]
(563.72 | 83.72) [ 0 9 5 3 4 6 14 13 19 15 16 21 ]
---
(465.39 | 51.39) [ 0 9 5 10 3 7 14 13 19 11 15 21 ]
(465.39 | 51.39) [ 0 9 5 10 3 7 14 13 19 11 15 21 ]
---
(402.32 | 168.32) [ 0 4 8 19 18 14 21 ]
(402.32 | 168.32) [ 0 8 4 14 18 19 21 ]
---
(452.64 | 81.64) [ 0 9 5 10 3 7 13 19 15 21 ]
(452.64 | 81.64) [ 0 9 5 10 3 7 13 19 15 21 ]
---
(575.51 | 21.51) [ 0 9 5 10 3 1 4 14 13 19 11 15 21 ]
(575.51 | 21.51) [ 0 9 5 10 3 1 4 14 13 19 11 15 21 ]
---
(456.79 | 146.79) [ 0 9 5 10 3 7 14 13 19 15 21 ]
(456.79 | 146.79) [ 0 9 5 10 3 7 14 13 19 15 21 ]
---
(477.01 | 18.01) [ 0 6 4 8 7 14 19 15 11 16 21 ]
(477.01 | 18.01) [ 0 6 4 8 7 14 19 15 11 16 21 ]
---
(240.99 | 73.99) [ 0 6 8 16 21 ]
(240.99 | 73.99) [ 0 6 8 16 21 ]
---
(473.04 | 43.04) [ 0 9 5 10 3 7 14 13 19 15 16 21 ]
(473.04 | 43.04) [ 0 9 5 10 3 7 14 13 19 15 16 21 ]
---
(575.51 | 146.51) [ 0 9 5 10 3 1 4 14 13 19 11 15 21 ]
(575.51 | 146.51) [ 0 4 1 3 10 5 9 14 13 19 11 15 21 ]
---
(549.82 | 174.82) [ 0 1 5 9 2 19 15 11 18 21 ]
(263.53 | 109.53) [ 0 7 5 9 2 16 21 ]
(263.53 | 109.53) [ 0 2 9 5 7 16 21 ]
---
e
(366.56 | 199.56) [ 0 8 6 15 16 13 21 ]
(366.56 | 199.56) [ 0 6 8 15 16 13 21 ]
---
(364.84 | 124.84) [ 0 6 3 13 16 15 21 ]
(364.84 | 124.84) [ 0 6 3 13 16 15 21 ]
---
(413.74 | 179.74) [ 0 3 8 9 14 19 21 ]
(413.74 | 179.74) [ 0 3 8 9 14 19 21 ]
---
(343.58 | 186.58) [ 0 8 10 14 21 ]
(343.58 | 186.58) [ 0 8 10 14 21 ]
---
(364.84 | 135.84) [ 0 6 3 13 16 15 21 ]
(364.84 | 135.84) [ 0 6 3 15 16 13 21 ]
---
(370.40 | 187.40) [ 0 3 2 19 14 21 ]
(370.40 | 187.40) [ 0 2 3 14 19 21 ]
---
(396.71 | 143.71) [ 0 3 10 15 20 13 21 ]
(396.71 | 143.71) [ 0 3 10 13 20 15 21 ]
---
(401.39 | 210.39) [ 0 10 2 20 16 21 ]
(397.50 | 189.50) [ 0 10 8 20 16 21 ]
(397.50 | 189.50) [ 0 10 8 16 20 21 ]
---
(366.56 | 166.56) [ 0 8 6 15 16 13 21 ]
(366.56 | 166.56) [ 0 8 6 15 16 13 21 ]
---
(364.84 | 63.84) [ 0 6 3 15 16 13 21 ]
(364.84 | 63.84) [ 0 3 6 15 16 13 21 ]
---
(370.98 | 157.98) [ 0 2 3 13 16 15 21 ]
(370.98 | 157.98) [ 0 2 3 15 16 13 21 ]
---
(364.84 | 185.84) [ 0 6 3 13 16 15 21 ]
(364.84 | 185.84) [ 0 6 3 15 16 13 21 ]
---
(362.55 | 150.55) [ 0 6 10 15 16 13 21 ]
(362.55 | 150.55) [ 0 6 10 13 16 15 21 ]
---
(364.84 | 159.84) [ 0 6 3 15 16 13 21 ]
(364.84 | 159.84) [ 0 6 3 13 16 15 21 ]
---
(364.84 | 166.84) [ 0 6 3 15 16 13 21 ]
(364.84 | 166.84) [ 0 3 6 15 16 13 21 ]
---
(364.84 | 207.84) [ 0 6 3 13 16 15 21 ]
(364.84 | 207.84) [ 0 3 6 15 16 13 21 ]
---
(454.39 | 134.39) [ 0 3 8 9 19 15 16 21 ]
(454.39 | 134.39) [ 0 3 8 9 19 15 16 21 ]
---
(394.04 | 190.04) [ 0 10 6 16 20 21 ]
(394.04 | 190.04) [ 0 10 6 16 20 21 ]
---
(394.89 | 202.89) [ 0 3 10 20 13 21 ]
(394.89 | 202.89) [ 0 3 10 13 20 21 ]
---
(469.70 | 186.70) [ 0 4 5 13 15 14 21 ]
(469.70 | 186.70) [ 0 5 4 14 15 13 21 ]
---
(389.14 | 212.14) [ 0 9 1 19 14 21 ]
(389.14 | 212.14) [ 0 9 1 19 14 21 ]
---
(367.54 | 268.54) [ 0 8 3 13 15 21 ]
(370.01 | 261.01) [ 0 2 3 15 13 21 ]
(362.43 | 256.43) [ 0 3 10 15 13 21 ]
(364.84 | 236.84) [ 0 6 3 13 16 15 21 ]
(364.84 | 236.84) [ 0 3 6 15 16 13 21 ]
---
(364.84 | 68.84) [ 0 6 3 15 16 13 21 ]
(364.84 | 68.84) [ 0 6 3 13 16 15 21 ]
---
(353.67 | 185.67) [ 0 3 6 16 13 21 ]
(353.67 | 185.67) [ 0 6 3 13 16 21 ]
---
(389.14 | 204.14) [ 0 9 1 19 14 21 ]
(430.30 | 199.30) [ 0 1 9 14 19 13 21 ]
(430.30 | 199.30) [ 0 1 9 13 19 14 21 ]
---
(353.67 | 217.67) [ 0 6 3 13 16 21 ]
(380.29 | 197.29) [ 0 8 1 19 14 21 ]
(380.29 | 197.29) [ 0 1 8 19 14 21 ]
---
(364.84 | 135.84) [ 0 6 3 13 16 15 21 ]
(364.84 | 135.84) [ 0 6 3 15 16 13 21 ]
---
(368.52 | 170.52) [ 0 8 3 13 16 15 21 ]
(368.52 | 170.52) [ 0 3 8 15 16 13 21 ]
---
(435.32 | 191.32) [ 0 10 8 19 20 15 21 ]
(435.32 | 191.32) [ 0 10 8 19 20 15 21 ]
---
(413.74 | 216.74) [ 0 3 8 9 14 19 21 ]
(413.74 | 216.74) [ 0 3 8 9 14 19 21 ]
---
(389.14 | 204.14) [ 0 9 1 19 14 21 ]
(389.14 | 204.14) [ 0 1 9 14 19 21 ]
---
(380.50 | 214.50) [ 0 1 6 15 16 13 21 ]
(380.50 | 214.50) [ 0 1 6 13 16 15 21 ]
---
(414.52 | 221.52) [ 0 2 8 16 15 14 21 ]
(429.63 | 220.63) [ 0 2 1 16 15 14 21 ]
(409.34 | 214.34) [ 0 2 10 14 15 16 21 ]
(412.34 | 196.34) [ 0 2 6 19 15 16 21 ]
(389.14 | 174.14) [ 0 9 1 19 14 21 ]
(389.14 | 174.14) [ 0 1 9 14 19 21 ]
---
(348.59 | 192.59) [ 0 3 10 13 21 ]
(348.59 | 192.59) [ 0 3 10 13 21 ]
---
(394.04 | 199.04) [ 0 10 6 16 20 21 ]
(394.04 | 199.04) [ 0 6 10 20 16 21 ]
---
(353.67 | 144.67) [ 0 3 6 16 13 21 ]
(353.67 | 144.67) [ 0 3 6 16 13 21 ]
---
(426.90 | 186.90) [ 0 10 2 12 17 21 ]
(440.74 | 164.74) [ 0 2 10 15 20 14 21 ]
(440.74 | 164.74) [ 0 2 10 14 20 15 21 ]
---
(454.89 | 141.89) [ 0 3 8 9 14 19 13 21 ]
(454.89 | 141.89) [ 0 3 8 9 14 19 13 21 ]
---
(364.84 | 125.84) [ 0 6 3 15 16 13 21 ]
(364.84 | 125.84) [ 0 3 6 15 16 13 21 ]
---
(453.72 | 138.72) [ 0 3 8 9 14 19 15 21 ]
(429.13 | 133.13) [ 0 1 9 14 19 15 21 ]
(366.56 | 121.56) [ 0 8 6 13 16 15 21 ]
(366.56 | 121.56) [ 0 8 6 15 16 13 21 ]
---
(372.27 | 209.27) [ 0 2 6 16 15 21 ]
(372.27 | 209.27) [ 0 2 6 15 16 21 ]
---
(472.00 | 225.00) [ 0 2 8 18 12 21 ]
(472.00 | 225.00) [ 0 2 8 12 18 21 ]
---
(353.67 | 239.67) [ 0 3 6 16 13 21 ]
(353.67 | 239.67) [ 0 3 6 13 16 21 ]
---
(394.89 | 202.89) [ 0 3 10 13 20 21 ]
(394.89 | 202.89) [ 0 3 10 20 13 21 ]
---
(353.67 | 140.67) [ 0 3 6 16 13 21 ]
(353.67 | 140.67) [ 0 6 3 13 16 21 ]
---
(413.74 | 176.74) [ 0 3 8 9 14 19 21 ]
(413.74 | 176.74) [ 0 3 8 9 14 19 21 ]
---
(353.67 | 233.67) [ 0 3 6 16 13 21 ]
(353.67 | 233.67) [ 0 3 6 13 16 21 ]
---
(364.84 | 136.84) [ 0 6 3 15 16 13 21 ]
(364.84 | 136.84) [ 0 3 6 13 16 15 21 ]
---
(364.84 | 181.84) [ 0 6 3 13 16 15 21 ]
(364.84 | 181.84) [ 0 3 6 15 16 13 21 ]
---
(396.71 | 163.71) [ 0 3 10 13 20 15 21 ]
(396.71 | 163.71) [ 0 3 10 13 20 15 21 ]
---
(395.85 | 225.85) [ 0 6 10 20 15 21 ]
(395.85 | 225.85) [ 0 6 10 20 15 21 ]
---
(364.84 | 163.84) [ 0 6 3 15 16 13 21 ]
(364.84 | 163.84) [ 0 3 6 15 16 13 21 ]
---
(396.71 | 128.71) [ 0 3 10 13 20 15 21 ]
(396.71 | 128.71) [ 0 3 10 13 20 15 21 ]
---
(364.84 | 213.84) [ 0 6 3 15 16 13 21 ]
(364.84 | 213.84) [ 0 3 6 15 16 13 21 ]
---
(364.84 | 91.84) [ 0 6 3 13 16 15 21 ]
(364.84 | 91.84) [ 0 3 6 15 16 13 21 ]
---
(406.63 | 171.63) [ 0 8 6 19 15 16 21 ]
(364.84 | 167.84) [ 0 6 3 13 16 15 21 ]
(364.84 | 167.84) [ 0 6 3 15 16 13 21 ]
---
(353.67 | 157.67) [ 0 3 6 16 13 21 ]
(353.67 | 157.67) [ 0 6 3 13 16 21 ]
---
(413.74 | 139.74) [ 0 3 8 9 14 19 21 ]
(413.74 | 139.74) [ 0 3 8 9 14 19 21 ]
---
(405.41 | 186.41) [ 0 6 3 13 19 14 21 ]
(405.41 | 186.41) [ 0 3 6 14 19 13 21 ]
---
(394.89 | 206.89) [ 0 3 10 13 20 21 ]
(394.89 | 206.89) [ 0 3 10 13 20 21 ]
---
(366.56 | 158.56) [ 0 8 6 13 16 15 21 ]
(366.56 | 158.56) [ 0 8 6 15 16 13 21 ]
---
(372.27 | 132.27) [ 0 2 6 15 16 13 21 ]
(372.27 | 132.27) [ 0 2 6 13 16 15 21 ]
---
(351.38 | 112.38) [ 0 6 10 13 16 21 ]
(351.38 | 112.38) [ 0 10 6 16 13 21 ]
---
(342.40 | 221.40) [ 0 6 3 14 21 ]
(342.40 | 221.40) [ 0 3 6 14 21 ]
---
(359.81 | 177.81) [ 0 2 3 13 16 21 ]
(359.81 | 177.81) [ 0 3 2 16 13 21 ]
---
(453.42 | 240.42) [ 0 3 8 9 19 15 13 21 ]
(409.45 | 187.45) [ 0 2 3 14 15 13 21 ]
(409.45 | 187.45) [ 0 2 3 14 15 13 21 ]
---
(453.42 | 152.42) [ 0 3 8 9 13 15 19 21 ]
(364.84 | 150.84) [ 0 6 3 13 16 15 21 ]
(364.84 | 150.84) [ 0 3 6 15 16 13 21 ]
---
(364.84 | 189.84) [ 0 6 3 15 16 13 21 ]
(364.84 | 189.84) [ 0 3 6 15 16 13 21 ]
---
(359.81 | 233.81) [ 0 2 3 13 16 21 ]
(353.67 | 201.67) [ 0 6 3 13 16 21 ]
(353.67 | 201.67) [ 0 3 6 16 13 21 ]
---
(405.03 | 198.03) [ 0 8 6 14 15 13 21 ]
(406.98 | 193.98) [ 0 8 3 14 15 13 21 ]
(403.31 | 171.31) [ 0 6 3 14 15 13 21 ]
(403.31 | 171.31) [ 0 3 6 14 15 13 21 ]
---
(364.84 | 173.84) [ 0 6 3 15 16 13 21 ]
(364.84 | 173.84) [ 0 6 3 15 16 13 21 ]
---
(364.84 | 141.84) [ 0 6 3 13 16 15 21 ]
(364.84 | 141.84) [ 0 3 6 13 16 15 21 ]
---
(364.84 | 119.84) [ 0 6 3 13 16 15 21 ]
(364.84 | 119.84) [ 0 3 6 15 16 13 21 ]
---
(353.67 | 174.67) [ 0 3 6 16 13 21 ]
(353.67 | 174.67) [ 0 3 6 13 16 21 ]
---
(413.74 | 151.74) [ 0 3 8 9 14 19 21 ]
(413.74 | 151.74) [ 0 3 8 9 14 19 21 ]
---
(379.92 | 163.92) [ 0 6 1 19 14 21 ]
(361.97 | 162.97) [ 0 10 6 19 14 21 ]
(361.97 | 162.97) [ 0 6 10 14 19 21 ]
---
(366.56 | 218.56) [ 0 8 6 16 15 21 ]
(366.56 | 218.56) [ 0 8 6 15 16 21 ]
---
(453.42 | 110.42) [ 0 3 8 9 13 15 19 21 ]
(453.42 | 110.42) [ 0 3 8 9 13 15 19 21 ]
---
(403.97 | 218.97) [ 0 3 10 13 19 14 21 ]
(394.89 | 213.89) [ 0 3 10 20 13 21 ]
(362.82 | 197.82) [ 0 3 10 19 14 21 ]
(362.82 | 197.82) [ 0 3 10 14 19 21 ]
---
(427.98 | 271.98) [ 0 2 3 17 12 21 ]
(427.98 | 271.98) [ 0 2 3 17 12 21 ]
---
(399.31 | 206.31) [ 0 10 8 20 15 21 ]
(394.04 | 203.04) [ 0 6 10 20 16 21 ]
(394.04 | 203.04) [ 0 6 10 20 16 21 ]
---
(453.42 | 145.42) [ 0 3 8 9 13 15 19 21 ]
(453.42 | 145.42) [ 0 3 8 9 19 15 13 21 ]
---
(364.84 | 146.84) [ 0 6 3 15 16 13 21 ]
(364.84 | 146.84) [ 0 3 6 13 16 15 21 ]
---
(394.04 | 199.04) [ 0 10 6 16 20 21 ]
(394.04 | 199.04) [ 0 6 10 20 16 21 ]
---
(396.71 | 183.71) [ 0 3 10 15 20 13 21 ]
(396.71 | 183.71) [ 0 3 10 15 20 13 21 ]
---
(364.84 | 138.84) [ 0 6 3 15 16 13 21 ]
(364.84 | 138.84) [ 0 6 3 13 16 15 21 ]
---
(353.67 | 231.67) [ 0 3 6 16 13 21 ]
(353.67 | 231.67) [ 0 3 6 16 13 21 ]
---
(394.04 | 176.04) [ 0 10 6 16 20 21 ]
(394.04 | 176.04) [ 0 6 10 20 16 21 ]
---
(411.55 | 146.55) [ 0 2 3 14 19 13 21 ]
(411.55 | 146.55) [ 0 2 3 14 19 13 21 ]
---
(364.84 | 133.84) [ 0 6 3 15 16 13 21 ]
(364.84 | 133.84) [ 0 3 6 13 16 15 21 ]
---
(413.74 | 189.74) [ 0 3 8 9 19 14 21 ]
(434.24 | 181.24) [ 0 3 10 14 20 15 21 ]
(434.24 | 181.24) [ 0 3 10 14 20 15 21 ]
---
(362.82 | 212.82) [ 0 3 10 14 19 21 ]
(362.82 | 212.82) [ 0 3 10 14 19 21 ]
---
(396.71 | 113.71) [ 0 3 10 13 20 15 21 ]
(396.71 | 113.71) [ 0 3 10 13 20 15 21 ]
---
(454.89 | 144.89) [ 0 3 8 9 13 19 14 21 ]
(401.86 | 144.86) [ 0 3 10 13 15 14 21 ]
(401.86 | 144.86) [ 0 3 10 14 15 13 21 ]
---
(396.71 | 197.71) [ 0 3 10 15 20 13 21 ]
(396.71 | 197.71) [ 0 3 10 15 20 13 21 ]
---
(364.84 | 152.84) [ 0 6 3 13 16 15 21 ]
(364.84 | 152.84) [ 0 3 6 15 16 13 21 ]
---
(353.67 | 165.67) [ 0 3 6 16 13 21 ]
(353.67 | 165.67) [ 0 3 6 16 13 21 ]
---
(364.84 | 60.84) [ 0 6 3 15 16 13 21 ]
(364.84 | 60.84) [ 0 6 3 13 16 15 21 ]
---
(368.07 | 210.07) [ 0 1 3 13 21 ]
(368.07 | 210.07) [ 0 1 3 13 21 ]
---
(394.04 | 189.04) [ 0 10 6 16 20 21 ]
(394.04 | 189.04) [ 0 6 10 20 16 21 ]
---
