3200.89
(322.55 | -1485.76) [ 0 1 3 21 41 ]
(602.60 | 244.69) [ 0 2 4 17 24 37 22 26 41 ]
(365.95 | 221.36) [ 0 20 10 9 29 30 40 41 ]
(423.46 | 290.40) [ 0 15 13 16 8 35 36 28 33 41 ]
(626.02 | 291.05) [ 0 19 14 11 18 38 39 31 34 41 ]
(409.49 | 312.59) [ 0 7 5 6 25 41 ]
(390.81 | 316.73) [ 0 12 23 27 32 41 ]


3170.82
(320.98 | -1790.31) [ 0 4 2 1 21 41 ]
(332.47 | 352.47) [ 0 17 25 41 ]
(658.73 | -186.29) [ 0 7 11 18 14 19 38 39 31 34 27 41 ]
(424.55 | 306.83) [ 0 3 23 32 41 ]
(576.34 | 303.54) [ 0 8 5 6 26 22 37 28 41 ]
(368.42 | 289.93) [ 0 20 16 10 40 30 36 41 ]
(389.34 | 325.09) [ 0 12 13 9 15 29 33 24 35 41 ]


3194.31
(332.47 | 352.47) [ 0 17 25 41 ]
(304.77 | 603.98) [ 0 1 21 41 ]
(437.17 | 132.13) [ 0 7 5 12 32 27 23 41 ]
(622.66 | 231.61) [ 0 4 2 3 26 22 37 24 41 ]
(370.08 | 97.69) [ 0 9 16 20 29 36 40 41 ]
(421.14 | 229.11) [ 0 15 13 10 6 8 30 28 33 35 41 ]
(626.02 | 283.08) [ 0 18 11 14 19 38 39 31 34 41 ]


3229.13
(304.77 | 630.14) [ 0 1 21 41 ]
(332.47 | 352.47) [ 0 17 25 41 ]
(622.66 | 255.46) [ 0 3 2 4 24 37 22 26 41 ]
(410.53 | 290.47) [ 0 8 6 18 10 28 30 40 41 ]
(626.01 | 290.78) [ 0 19 14 11 20 38 39 31 34 41 ]
(375.53 | 276.68) [ 0 16 13 9 15 35 36 33 29 41 ]
(437.17 | 269.74) [ 0 12 5 7 23 27 32 41 ]


3221.79
(233.86 | 201.62) [ 0 17 21 41 ]
(654.77 | 228.65) [ 0 7 6 11 18 19 38 39 31 34 27 41 ]
(390.17 | 213.66) [ 0 9 14 10 16 29 36 28 41 ]
(424.55 | 316.87) [ 0 3 23 32 41 ]
(369.45 | 284.50) [ 0 20 12 13 15 35 33 30 40 41 ]
(604.92 | 309.62) [ 0 4 2 1 24 37 22 26 41 ]
(404.06 | 316.18) [ 0 5 8 25 41 ]


3202.51
(233.86 | 253.86) [ 0 17 21 41 ]
(604.92 | 127.10) [ 0 4 2 1 26 22 37 24 41 ]
(420.96 | 268.49) [ 0 8 11 10 13 15 30 28 33 35 41 ]
(425.56 | 311.51) [ 0 3 23 27 32 41 ]
(370.08 | 271.34) [ 0 9 16 20 40 36 29 41 ]
(617.65 | 257.76) [ 0 19 14 12 18 38 39 31 34 41 ]
(409.49 | 316.41) [ 0 6 5 7 25 41 ]


3264.35
(304.77 | 665.19) [ 0 1 21 41 ]
(504.74 | 252.73) [ 0 17 28 37 22 26 41 ]
(365.95 | 236.18) [ 0 20 10 9 40 30 29 41 ]
(629.61 | 111.04) [ 0 16 11 13 14 19 27 34 31 39 38 41 ]
(455.81 | 286.23) [ 0 3 2 4 32 23 41 ]
(413.98 | 288.74) [ 0 8 18 12 15 35 24 36 33 41 ]
(409.49 | 287.64) [ 0 7 5 6 25 41 ]


3221.76
(320.98 | -1736.62) [ 0 1 2 4 21 41 ]
(406.06 | 426.06) [ 0 3 25 41 ]
(434.34 | -671.32) [ 0 7 6 12 20 23 27 32 41 ]
(436.95 | 256.35) [ 0 8 5 15 28 24 35 41 ]
(503.32 | 205.38) [ 0 17 40 37 22 26 41 ]
(374.08 | 300.04) [ 0 16 10 13 9 30 36 33 29 41 ]
(626.02 | 305.49) [ 0 19 14 11 18 38 39 31 34 41 ]


3208.33
(320.98 | -1429.51) [ 0 1 2 4 21 41 ]
(332.47 | 332.47) [ 0 17 25 41 ]
(388.84 | -728.34) [ 0 13 9 15 19 35 24 33 29 41 ]
(658.35 | -27.80) [ 0 14 11 5 7 38 39 31 34 27 41 ]
(424.55 | 300.67) [ 0 3 32 23 41 ]
(574.73 | 292.96) [ 0 12 18 6 8 28 37 22 26 41 ]
(368.42 | 319.28) [ 0 20 16 10 36 30 40 41 ]


3247.19
(307.46 | 327.46) [ 0 3 21 41 ]
(395.19 | 78.59) [ 0 19 12 10 23 32 41 ]
(604.92 | 235.40) [ 0 1 2 4 26 22 37 24 41 ]
(408.57 | 276.67) [ 0 16 5 6 25 41 ]
(370.12 | 269.78) [ 0 20 13 9 15 40 33 29 35 41 ]
(658.82 | 250.52) [ 0 14 18 11 8 7 27 34 31 39 38 41 ]
(342.11 | 277.49) [ 0 17 30 28 36 41 ]


3173.14
(320.98 | -1805.61) [ 0 1 2 4 21 41 ]
(658.73 | -1288.89) [ 0 7 11 18 14 19 38 39 31 34 27 41 ]
(576.34 | 259.04) [ 0 6 5 8 26 22 37 28 41 ]
(370.12 | 270.60) [ 0 15 9 13 20 40 33 29 35 41 ]
(332.47 | 232.94) [ 0 17 25 41 ]
(389.97 | 295.18) [ 0 16 10 12 24 36 30 41 ]
(424.55 | 315.43) [ 0 3 32 23 41 ]


3205.95
(320.98 | -1860.63) [ 0 4 2 1 21 41 ]
(385.16 | 247.36) [ 0 11 13 9 15 20 35 29 33 40 41 ]
(425.56 | 299.24) [ 0 3 32 27 23 41 ]
(409.32 | 284.80) [ 0 8 10 16 36 28 30 41 ]
(517.80 | 292.04) [ 0 17 24 37 22 26 41 ]
(409.49 | 305.18) [ 0 7 5 6 25 41 ]
(617.65 | 323.71) [ 0 18 12 14 19 38 39 31 34 41 ]


3216.23
(233.86 | 233.86) [ 0 17 21 41 ]
(409.31 | -9806.48) [ 0 6 5 19 25 41 ]
(591.86 | 287.53) [ 0 1 2 4 26 22 37 28 41 ]
(424.55 | 311.17) [ 0 3 32 23 41 ]
(365.95 | 322.80) [ 0 20 10 9 30 40 29 41 ]
(391.89 | 314.11) [ 0 16 12 13 15 35 24 36 33 41 ]
(658.82 | 310.72) [ 0 14 18 11 8 7 27 34 31 39 38 41 ]


3218.65
(322.55 | -1068.02) [ 0 3 1 21 41 ]
(334.47 | 354.47) [ 0 19 25 41 ]
(661.32 | 41.24) [ 0 7 5 6 11 14 38 39 31 34 27 41 ]
(602.60 | 170.44) [ 0 2 4 17 24 37 22 26 41 ]
(409.32 | 274.13) [ 0 8 10 16 30 28 36 41 ]
(374.06 | 229.47) [ 0 20 18 13 15 40 33 29 35 41 ]
(394.32 | 299.41) [ 0 12 9 32 23 41 ]


3185.87
(332.47 | 352.47) [ 0 17 25 41 ]
(304.77 | 422.43) [ 0 1 21 41 ]
(455.81 | 244.43) [ 0 3 2 4 32 23 41 ]
(368.42 | 252.62) [ 0 10 16 20 36 30 40 41 ]
(389.34 | 280.24) [ 0 15 9 13 12 35 24 33 29 41 ]
(576.34 | 313.19) [ 0 6 5 8 28 37 22 26 41 ]
(658.73 | 303.81) [ 0 19 14 18 11 7 38 39 31 34 27 41 ]


3341.14
(289.90 | 309.90) [ 0 8 21 41 ]
(357.66 | 377.66) [ 0 20 25 41 ]
(392.95 | 142.43) [ 0 18 9 15 19 29 24 35 41 ]
(662.98 | 117.51) [ 0 7 5 6 11 13 38 39 31 34 27 41 ]
(591.59 | 274.92) [ 0 1 2 17 26 22 37 28 33 41 ]
(370.58 | 233.34) [ 0 14 12 10 16 36 30 40 41 ]
(455.48 | 242.31) [ 0 3 4 23 32 41 ]


3193.12
(320.98 | -2158.31) [ 0 4 2 1 21 41 ]
(390.22 | 191.43) [ 0 19 10 16 30 36 24 41 ]
(504.74 | 263.50) [ 0 17 28 37 22 26 41 ]
(658.45 | 276.19) [ 0 7 6 11 18 12 14 38 39 31 34 27 41 ]
(424.55 | 294.13) [ 0 3 23 32 41 ]
(370.12 | 280.80) [ 0 20 13 9 15 40 33 29 35 41 ]
(404.06 | 327.61) [ 0 5 8 25 41 ]


3200.18
(320.98 | -2286.07) [ 0 4 2 1 21 41 ]
(504.74 | 208.70) [ 0 17 28 37 22 26 41 ]
(409.31 | 252.20) [ 0 19 5 6 25 41 ]
(658.82 | 297.73) [ 0 14 18 11 8 7 27 34 31 39 38 41 ]
(374.08 | 299.31) [ 0 16 10 13 9 30 36 33 29 41 ]
(424.55 | 322.73) [ 0 3 23 32 41 ]
(387.70 | 310.37) [ 0 20 12 15 35 24 40 41 ]


3206.64
(233.86 | 253.86) [ 0 17 21 41 ]
(416.40 | -87.74) [ 0 9 16 8 29 36 28 41 ]
(627.97 | 110.24) [ 0 19 14 10 11 18 38 39 31 34 27 41 ]
(424.55 | 307.14) [ 0 3 23 32 41 ]
(369.45 | 289.24) [ 0 15 13 12 20 30 40 33 35 41 ]
(604.92 | 287.61) [ 0 1 2 4 24 37 22 26 41 ]
(409.49 | 295.49) [ 0 7 5 6 25 41 ]


3198.65
(233.86 | 253.86) [ 0 17 21 41 ]
(425.56 | -396.96) [ 0 3 23 27 32 41 ]
(604.92 | 205.82) [ 0 4 2 1 24 37 22 26 41 ]
(370.21 | 247.55) [ 0 15 9 13 14 20 40 33 29 35 41 ]
(409.49 | 262.83) [ 0 7 5 6 25 41 ]
(409.32 | 303.45) [ 0 8 10 16 36 28 30 41 ]
(625.29 | 314.86) [ 0 19 12 11 18 38 39 31 34 41 ]


3190.89
(320.98 | -1998.81) [ 0 1 2 4 21 41 ]
(365.95 | 118.07) [ 0 20 10 9 29 30 40 41 ]
(406.06 | 302.84) [ 0 3 25 41 ]
(350.95 | 223.41) [ 0 17 23 32 41 ]
(576.34 | 279.64) [ 0 6 5 8 28 37 22 26 41 ]
(391.89 | 318.40) [ 0 16 12 13 15 35 24 36 33 41 ]
(658.73 | 311.56) [ 0 19 14 18 11 7 38 39 31 34 27 41 ]


3266.08
(332.47 | 101.16) [ 0 17 25 41 ]
(377.24 | -6226.00) [ 0 1 12 18 21 41 ]
(622.66 | 207.02) [ 0 3 2 4 24 37 22 26 41 ]
(409.32 | 233.05) [ 0 8 10 16 30 28 36 41 ]
(370.12 | 303.83) [ 0 20 13 9 15 40 33 29 35 41 ]
(352.96 | 316.09) [ 0 19 32 23 41 ]
(661.32 | 321.82) [ 0 14 11 6 5 7 38 39 31 34 27 41 ]


3242.90
(320.98 | -1975.63) [ 0 1 2 4 21 41 ]
(332.47 | 352.47) [ 0 17 25 41 ]
(365.95 | 190.42) [ 0 9 10 20 30 40 29 41 ]
(601.61 | 71.68) [ 0 6 5 13 12 24 37 22 26 41 ]
(418.10 | 276.57) [ 0 16 8 7 33 36 28 41 ]
(638.24 | 307.85) [ 0 18 11 14 15 19 38 39 31 34 35 41 ]
(425.56 | 319.73) [ 0 3 32 27 23 41 ]


3266.20
(509.54 | -1355.19) [ 0 1 5 6 25 41 ]
(235.87 | 255.87) [ 0 19 21 41 ]
(658.82 | 258.06) [ 0 7 8 11 18 14 38 39 31 34 27 41 ]
(390.20 | 305.13) [ 0 9 12 16 24 36 29 41 ]
(371.22 | 245.21) [ 0 20 10 13 15 30 40 33 35 41 ]
(504.74 | 290.68) [ 0 17 28 37 22 26 41 ]
(455.81 | 304.19) [ 0 3 2 4 32 23 41 ]


3272.31
(289.90 | 309.90) [ 0 8 21 41 ]
(334.47 | 354.47) [ 0 19 25 41 ]
(604.60 | 68.90) [ 0 17 4 2 33 24 37 22 26 41 ]
(439.64 | 275.73) [ 0 3 1 32 23 41 ]
(373.12 | 260.69) [ 0 20 18 9 15 40 29 35 41 ]
(662.98 | 273.76) [ 0 13 11 6 5 7 27 34 31 39 38 41 ]
(387.60 | 319.57) [ 0 16 10 12 14 36 28 30 41 ]


3218.79
(235.87 | 255.87) [ 0 19 21 41 ]
(440.65 | 103.93) [ 0 3 1 23 27 32 41 ]
(589.54 | 238.94) [ 0 17 4 2 26 22 37 28 41 ]
(368.42 | 273.10) [ 0 10 16 20 36 30 40 41 ]
(645.47 | 288.49) [ 0 8 6 11 18 14 38 39 31 34 41 ]
(389.34 | 308.53) [ 0 12 13 9 15 35 24 33 29 41 ]
(409.49 | 304.99) [ 0 5 7 25 41 ]


3225.55
(304.77 | 658.46) [ 0 1 21 41 ]
(332.47 | 352.47) [ 0 17 25 41 ]
(418.65 | -185.57) [ 0 15 13 10 8 35 33 28 30 41 ]
(370.08 | 178.02) [ 0 20 16 9 29 36 40 41 ]
(622.66 | 171.51) [ 0 3 2 4 26 22 37 24 41 ]
(439.28 | 286.67) [ 0 11 6 5 7 32 27 23 41 ]
(617.65 | 284.67) [ 0 18 12 14 19 38 39 31 34 41 ]


3228.54
(304.77 | 389.43) [ 0 1 21 41 ]
(365.63 | 160.35) [ 0 10 9 19 29 30 40 41 ]
(658.82 | 210.98) [ 0 7 8 11 18 14 27 34 31 39 38 41 ]
(406.88 | 296.13) [ 0 20 5 6 25 41 ]
(455.81 | 301.75) [ 0 3 2 4 23 32 41 ]
(391.89 | 293.94) [ 0 16 12 13 15 33 36 24 35 41 ]
(504.74 | 305.03) [ 0 17 26 22 37 28 41 ]


3251.80
(588.12 | 206.20) [ 0 17 4 2 40 37 22 26 41 ]
(386.81 | 249.05) [ 0 15 9 13 11 16 35 36 33 29 41 ]
(322.55 | 181.95) [ 0 3 1 21 41 ]
(427.83 | 238.47) [ 0 8 6 18 10 14 30 28 24 41 ]
(437.17 | 318.77) [ 0 12 5 7 23 27 32 41 ]
(357.66 | 322.35) [ 0 20 25 41 ]
(571.66 | 309.04) [ 0 19 38 39 31 34 41 ]


3192.80
(304.77 | 552.13) [ 0 1 21 41 ]
(332.47 | 352.47) [ 0 17 25 41 ]
(368.42 | 195.85) [ 0 20 16 10 36 30 40 41 ]
(421.29 | 217.47) [ 0 8 6 13 9 15 35 29 33 28 41 ]
(437.17 | 279.00) [ 0 12 5 7 23 27 32 41 ]
(622.66 | 248.17) [ 0 3 2 4 24 37 22 26 41 ]
(626.02 | 320.14) [ 0 19 14 11 18 38 39 31 34 41 ]


3243.01
(332.47 | 130.84) [ 0 17 25 41 ]
(390.38 | -2843.31) [ 0 19 12 10 24 36 30 41 ]
(304.77 | 218.37) [ 0 1 21 41 ]
(571.12 | 281.66) [ 0 16 18 6 8 26 22 37 28 41 ]
(370.12 | 278.16) [ 0 20 13 9 15 40 33 29 35 41 ]
(455.81 | 290.26) [ 0 3 2 4 32 23 41 ]
(658.35 | 309.25) [ 0 14 11 5 7 38 39 31 34 27 41 ]


3261.68
(404.02 | 404.02) [ 0 5 25 41 ]
(259.05 | 279.05) [ 0 20 21 41 ]
(375.53 | -144.88) [ 0 16 13 9 15 29 33 36 35 41 ]
(590.24 | 257.28) [ 0 17 2 1 26 22 37 28 41 ]
(450.55 | 291.83) [ 0 3 4 30 40 24 41 ]
(434.45 | 302.76) [ 0 12 8 6 7 32 27 23 41 ]
(627.84 | 307.09) [ 0 19 18 11 10 14 38 39 31 34 41 ]


3238.31
(233.86 | 253.86) [ 0 17 21 41 ]
(612.52 | -46.14) [ 0 19 15 14 12 27 34 31 39 38 41 ]
(604.92 | 266.45) [ 0 1 2 4 26 22 37 24 41 ]
(424.54 | 178.75) [ 0 9 13 18 11 8 35 29 33 28 41 ]
(409.49 | 313.79) [ 0 7 5 6 25 41 ]
(368.42 | 310.48) [ 0 20 16 10 36 30 40 41 ]
(424.55 | 319.59) [ 0 3 32 23 41 ]


3220.43
(322.55 | -1659.04) [ 0 1 3 21 41 ]
(428.99 | 285.58) [ 0 6 5 7 32 27 23 41 ]
(359.29 | 270.34) [ 0 20 10 12 30 40 41 ]
(416.40 | 305.95) [ 0 9 16 8 29 36 28 41 ]
(600.72 | 335.51) [ 0 4 2 26 22 37 24 33 41 ]
(332.47 | 297.71) [ 0 17 25 41 ]
(640.01 | 301.51) [ 0 18 11 13 14 15 19 38 39 31 34 35 41 ]


3274.78
(512.11 | -1755.43) [ 0 5 4 2 25 41 ]
(235.87 | 255.87) [ 0 19 21 41 ]
(396.43 | 144.38) [ 0 15 9 13 12 18 29 33 24 35 41 ]
(439.64 | 270.89) [ 0 3 1 32 23 41 ]
(504.74 | 237.15) [ 0 17 28 37 22 26 41 ]
(657.57 | 263.09) [ 0 14 11 8 6 7 38 39 31 34 27 41 ]
(368.42 | 312.88) [ 0 20 16 10 30 40 36 41 ]


3230.98
(320.98 | -2137.65) [ 0 1 2 4 21 41 ]
(571.77 | 14.67) [ 0 19 6 8 33 28 37 22 26 41 ]
(332.47 | 248.83) [ 0 17 25 41 ]
(660.12 | 290.39) [ 0 14 13 11 5 7 27 34 31 39 38 41 ]
(390.20 | 310.52) [ 0 16 12 9 24 36 29 41 ]
(424.55 | 312.69) [ 0 3 32 23 41 ]
(370.89 | 311.88) [ 0 20 18 10 15 35 30 40 41 ]


3215.61
(307.46 | 475.57) [ 0 3 21 41 ]
(332.47 | 352.47) [ 0 17 25 41 ]
(437.17 | 59.23) [ 0 7 5 12 23 27 32 41 ]
(365.95 | 256.38) [ 0 9 10 20 40 30 29 41 ]
(582.11 | 232.05) [ 0 8 6 13 16 26 22 37 28 33 41 ]
(432.22 | 311.07) [ 0 4 2 1 24 36 41 ]
(638.24 | 304.51) [ 0 18 11 14 15 19 38 39 31 34 35 41 ]


3197.74
(233.86 | 253.86) [ 0 17 21 41 ]
(425.56 | -27.51) [ 0 3 32 27 23 41 ]
(417.67 | 222.59) [ 0 7 5 12 25 41 ]
(368.42 | 135.93) [ 0 10 16 20 36 30 40 41 ]
(604.92 | 295.33) [ 0 1 2 4 24 37 22 26 41 ]
(421.29 | 300.46) [ 0 15 9 13 6 8 28 33 29 35 41 ]
(626.02 | 315.74) [ 0 19 14 11 18 38 39 31 34 41 ]


3203.45
(404.06 | -1257.40) [ 0 5 8 25 41 ]
(233.86 | 253.86) [ 0 17 21 41 ]
(604.92 | 126.28) [ 0 4 2 1 26 22 37 24 41 ]
(368.42 | 67.13) [ 0 10 16 20 36 40 30 41 ]
(392.86 | 231.43) [ 0 12 14 13 9 15 35 29 33 28 41 ]
(654.77 | 257.19) [ 0 19 18 11 6 7 38 39 31 34 27 41 ]
(424.55 | 305.12) [ 0 3 32 23 41 ]


3186.64
(322.55 | -1284.02) [ 0 1 3 21 41 ]
(437.17 | 177.31) [ 0 7 5 12 32 27 23 41 ]
(421.29 | 131.40) [ 0 8 6 13 9 15 28 33 29 35 41 ]
(598.72 | 323.20) [ 0 2 4 26 22 37 24 41 ]
(368.42 | 312.97) [ 0 20 16 10 30 40 36 41 ]
(332.47 | 288.79) [ 0 17 25 41 ]
(626.02 | 308.42) [ 0 18 11 14 19 38 39 31 34 41 ]


3212.89
(320.98 | -1934.69) [ 0 4 2 1 21 41 ]
(504.74 | 300.02) [ 0 17 28 37 22 26 41 ]
(424.55 | 287.79) [ 0 3 32 23 41 ]
(404.07 | 303.12) [ 0 6 5 8 25 41 ]
(389.97 | 287.22) [ 0 12 10 16 24 36 30 41 ]
(368.28 | 254.54) [ 0 15 13 9 19 35 29 33 40 41 ]
(660.30 | 304.32) [ 0 20 14 18 11 7 38 39 31 34 27 41 ]


3228.30
(320.98 | -1938.33) [ 0 4 2 1 21 41 ]
(332.47 | 352.47) [ 0 17 25 41 ]
(400.96 | 184.55) [ 0 7 11 10 20 30 40 29 41 ]
(576.34 | 222.21) [ 0 6 5 8 28 37 22 26 41 ]
(620.11 | 305.97) [ 0 18 14 9 19 38 39 31 34 41 ]
(391.89 | 309.29) [ 0 16 12 13 15 35 24 36 33 41 ]
(425.56 | 299.82) [ 0 3 23 27 32 41 ]


3186.64
(437.17 | 256.61) [ 0 12 5 7 23 27 32 41 ]
(332.47 | 226.64) [ 0 17 25 41 ]
(322.55 | 252.11) [ 0 1 3 21 41 ]
(598.72 | 315.63) [ 0 2 4 24 37 22 26 41 ]
(368.42 | 309.84) [ 0 20 16 10 36 40 30 41 ]
(421.29 | 285.45) [ 0 8 6 13 9 15 28 33 29 35 41 ]
(626.02 | 299.73) [ 0 19 14 11 18 38 39 31 34 41 ]


3263.81
(235.87 | 255.87) [ 0 19 21 41 ]
(419.00 | 219.12) [ 0 8 13 16 35 24 36 33 41 ]
(365.95 | 268.11) [ 0 9 10 20 29 30 40 41 ]
(456.49 | 269.93) [ 0 4 3 23 27 32 41 ]
(590.24 | 317.23) [ 0 17 2 1 28 37 22 26 41 ]
(409.49 | 301.47) [ 0 7 5 6 25 41 ]
(626.77 | 290.60) [ 0 18 11 12 14 15 38 39 31 34 41 ]


3194.37
(235.87 | 255.87) [ 0 19 21 41 ]
(440.65 | 89.34) [ 0 3 1 32 27 23 41 ]
(602.60 | 209.11) [ 0 2 4 17 24 37 22 26 41 ]
(370.12 | 223.31) [ 0 20 13 9 15 35 29 33 40 41 ]
(409.32 | 281.33) [ 0 8 10 16 30 28 36 41 ]
(409.49 | 318.38) [ 0 7 5 6 25 41 ]
(626.32 | 319.94) [ 0 14 12 11 18 38 39 31 34 41 ]


3220.76
(233.86 | 253.86) [ 0 17 21 41 ]
(640.59 | -23.95) [ 0 8 18 14 19 27 34 31 39 38 41 ]
(604.92 | 279.78) [ 0 1 2 4 24 37 22 26 41 ]
(397.23 | 291.14) [ 0 16 11 10 12 30 28 36 41 ]
(424.55 | 314.17) [ 0 3 23 32 41 ]
(409.49 | 307.59) [ 0 6 5 7 25 41 ]
(370.12 | 305.69) [ 0 20 13 9 15 40 33 29 35 41 ]


3263.07
(404.07 | -1538.16) [ 0 8 5 6 25 41 ]
(233.86 | 233.86) [ 0 17 21 41 ]
(541.74 | -1034.23) [ 0 7 12 3 23 27 32 41 ]
(604.92 | 146.26) [ 0 1 2 4 26 22 37 24 41 ]
(370.21 | 207.85) [ 0 15 9 13 14 20 35 29 33 40 41 ]
(571.66 | 261.70) [ 0 19 38 39 31 34 41 ]
(396.62 | 187.08) [ 0 18 11 10 16 30 28 36 41 ]


3202.51
(233.86 | 253.86) [ 0 17 21 41 ]
(420.96 | 223.24) [ 0 15 13 10 11 8 30 28 33 35 41 ]
(604.92 | 274.19) [ 0 1 2 4 24 37 22 26 41 ]
(617.65 | 304.93) [ 0 18 12 14 19 38 39 31 34 41 ]
(425.56 | 301.53) [ 0 3 23 27 32 41 ]
(370.08 | 310.36) [ 0 20 16 9 29 36 40 41 ]
(409.49 | 308.61) [ 0 7 5 6 25 41 ]


3263.70
(320.98 | -1944.89) [ 0 1 2 4 21 41 ]
(406.06 | 426.06) [ 0 3 25 41 ]
(423.75 | 101.51) [ 0 8 12 9 23 27 32 41 ]
(430.61 | 269.02) [ 0 15 6 5 7 35 24 29 41 ]
(506.10 | 290.90) [ 0 17 33 28 37 22 26 41 ]
(368.42 | 304.35) [ 0 20 16 10 30 40 36 41 ]
(627.79 | 307.04) [ 0 19 14 13 11 18 38 39 31 34 41 ]


3206.71
(320.98 | -2046.36) [ 0 4 2 1 21 41 ]
(421.15 | 278.22) [ 0 8 11 15 20 35 28 40 41 ]
(409.49 | 286.08) [ 0 6 5 7 25 41 ]
(517.80 | 270.90) [ 0 17 24 37 22 26 41 ]
(374.08 | 259.54) [ 0 9 13 10 16 29 33 36 30 41 ]
(617.65 | 314.70) [ 0 18 12 14 19 38 39 31 34 41 ]
(425.56 | 322.23) [ 0 3 23 27 32 41 ]


3234.84
(320.98 | -1901.50) [ 0 4 2 1 21 41 ]
(652.81 | 15.50) [ 0 7 6 11 18 20 27 34 31 39 38 41 ]
(404.06 | 280.07) [ 0 5 8 25 41 ]
(373.32 | 252.83) [ 0 9 14 10 16 29 36 30 41 ]
(424.55 | 314.71) [ 0 3 32 23 41 ]
(394.38 | 280.91) [ 0 19 15 13 12 33 40 24 35 41 ]
(504.74 | 283.10) [ 0 17 28 37 22 26 41 ]


3246.53
(233.86 | 253.86) [ 0 17 21 41 ]
(391.92 | 249.91) [ 0 13 9 15 19 30 28 33 35 41 ]
(368.77 | 274.22) [ 0 20 16 10 29 36 40 41 ]
(604.92 | 284.84) [ 0 4 2 1 26 22 37 24 41 ]
(658.45 | 281.54) [ 0 14 12 18 11 7 27 34 31 39 38 41 ]
(404.07 | 276.60) [ 0 8 5 6 25 41 ]
(424.55 | 319.87) [ 0 3 23 32 41 ]


3193.12
(320.98 | -1712.17) [ 0 4 2 1 21 41 ]
(390.22 | 77.29) [ 0 19 10 16 30 36 24 41 ]
(658.45 | -112.02) [ 0 14 12 18 11 6 7 38 39 31 34 27 41 ]
(370.12 | 282.74) [ 0 15 9 13 20 40 33 29 35 41 ]
(404.06 | 302.11) [ 0 5 8 25 41 ]
(424.55 | 319.63) [ 0 3 32 23 41 ]
(504.74 | 302.31) [ 0 17 28 37 22 26 41 ]


3209.93
(235.87 | 255.87) [ 0 19 21 41 ]
(409.49 | 370.84) [ 0 5 7 25 41 ]
(440.65 | 165.06) [ 0 1 3 23 27 32 41 ]
(374.08 | 189.50) [ 0 9 13 10 16 30 36 33 29 41 ]
(602.60 | 258.61) [ 0 17 4 2 24 37 22 26 41 ]
(420.91 | 269.40) [ 0 8 6 15 20 40 28 35 41 ]
(626.32 | 284.88) [ 0 14 12 11 18 38 39 31 34 41 ]


3283.36
(235.87 | 255.87) [ 0 19 21 41 ]
(478.33 | -2131.71) [ 0 2 4 12 18 25 41 ]
(661.32 | -294.93) [ 0 7 5 6 11 14 38 39 31 34 27 41 ]
(439.64 | 212.68) [ 0 3 1 32 23 41 ]
(413.35 | 220.52) [ 0 8 10 16 24 36 30 41 ]
(370.12 | 276.56) [ 0 15 9 13 20 40 33 29 35 41 ]
(504.74 | 294.99) [ 0 17 28 37 22 26 41 ]


3203.34
(320.98 | -1865.59) [ 0 1 2 4 21 41 ]
(619.36 | 43.55) [ 0 18 12 14 19 27 34 31 39 38 41 ]
(421.22 | 268.62) [ 0 6 7 5 11 25 41 ]
(517.80 | 288.65) [ 0 17 26 22 37 24 41 ]
(409.32 | 267.46) [ 0 8 10 16 30 28 36 41 ]
(424.55 | 323.14) [ 0 3 23 32 41 ]
(370.12 | 317.38) [ 0 15 9 13 20 40 33 29 35 41 ]


3200.53
(320.98 | -1504.20) [ 0 4 2 1 21 41 ]
(504.74 | 250.29) [ 0 17 28 37 22 26 41 ]
(404.07 | 298.75) [ 0 6 5 8 25 41 ]
(370.20 | 293.50) [ 0 9 12 16 29 36 30 41 ]
(424.55 | 262.18) [ 0 3 32 23 41 ]
(658.73 | 301.67) [ 0 19 14 18 11 7 38 39 31 34 27 41 ]
(397.27 | 318.91) [ 0 15 13 10 20 35 24 40 33 41 ]


3238.66
(320.98 | -1713.09) [ 0 1 2 4 21 41 ]
(332.47 | 352.47) [ 0 17 25 41 ]
(390.71 | -12980.11) [ 0 12 9 19 30 24 29 41 ]
(658.35 | 256.97) [ 0 14 11 5 7 38 39 31 34 27 41 ]
(574.78 | 288.77) [ 0 8 6 18 10 26 22 37 28 41 ]
(424.55 | 313.31) [ 0 3 23 32 41 ]
(376.82 | 298.90) [ 0 20 16 13 15 40 36 33 35 41 ]


3221.21
(434.45 | -5267.15) [ 0 7 6 8 12 23 27 32 41 ]
(304.77 | 325.05) [ 0 1 21 41 ]
(430.76 | 138.34) [ 0 5 10 13 15 30 28 33 35 41 ]
(622.66 | 312.73) [ 0 3 2 4 24 37 22 26 41 ]
(332.47 | 282.89) [ 0 17 25 41 ]
(370.08 | 304.49) [ 0 20 16 9 29 36 40 41 ]
(626.02 | 293.74) [ 0 18 11 14 19 38 39 31 34 41 ]


3170.82
(320.98 | -2146.12) [ 0 1 2 4 21 41 ]
(332.47 | 352.47) [ 0 17 25 41 ]
(576.34 | 236.82) [ 0 6 5 8 28 37 22 26 41 ]
(368.42 | 306.37) [ 0 10 16 20 36 30 40 41 ]
(424.55 | 309.41) [ 0 3 23 32 41 ]
(389.34 | 322.23) [ 0 15 9 13 12 35 24 33 29 41 ]
(658.73 | 318.93) [ 0 19 14 18 11 7 38 39 31 34 27 41 ]


3203.44
(233.86 | -163.23) [ 0 17 21 41 ]
(425.56 | 346.78) [ 0 3 32 27 23 41 ]
(416.40 | 152.79) [ 0 9 16 8 29 36 28 41 ]
(409.49 | 296.73) [ 0 6 5 7 25 41 ]
(653.92 | 271.69) [ 0 18 11 13 14 15 19 38 39 31 34 33 35 41 ]
(604.92 | 272.20) [ 0 1 2 4 26 22 37 24 41 ]
(359.29 | 306.24) [ 0 12 10 20 40 30 41 ]


3218.99
(320.98 | -1587.57) [ 0 1 2 4 21 41 ]
(406.06 | 626.76) [ 0 3 25 41 ]
(504.74 | 169.52) [ 0 17 28 37 22 26 41 ]
(390.22 | 194.79) [ 0 16 10 19 30 36 24 41 ]
(370.12 | 233.01) [ 0 15 9 13 20 40 33 29 35 41 ]
(432.78 | 323.53) [ 0 12 8 7 23 27 32 41 ]
(654.09 | 327.33) [ 0 14 18 11 5 6 38 39 31 34 41 ]


3295.93
(300.58 | 320.58) [ 0 7 21 41 ]
(438.90 | -473.04) [ 0 1 4 23 27 32 41 ]
(370.12 | 185.30) [ 0 15 9 13 20 40 33 29 35 41 ]
(607.98 | 196.42) [ 0 17 2 3 26 22 37 28 41 ]
(617.65 | 274.53) [ 0 18 12 14 19 38 39 31 34 41 ]
(411.47 | 280.25) [ 0 11 5 6 8 25 41 ]
(389.24 | 274.59) [ 0 16 10 30 36 24 41 ]


3200.98
(233.86 | 253.86) [ 0 17 21 41 ]
(370.12 | 156.62) [ 0 15 9 13 20 40 33 29 35 41 ]
(604.92 | 282.52) [ 0 1 2 4 26 22 37 24 41 ]
(410.77 | 291.37) [ 0 16 12 8 30 28 36 41 ]
(626.26 | 255.03) [ 0 19 14 10 11 18 38 39 31 34 41 ]
(425.56 | 321.81) [ 0 3 23 27 32 41 ]
(409.49 | 317.79) [ 0 7 5 6 25 41 ]


3170.82
(320.98 | -1910.72) [ 0 1 2 4 21 41 ]
(404.07 | 286.96) [ 0 8 5 6 25 41 ]
(424.55 | 316.50) [ 0 3 32 23 41 ]
(368.42 | 285.98) [ 0 10 16 20 36 30 40 41 ]
(658.73 | 311.04) [ 0 19 14 18 11 7 38 39 31 34 27 41 ]
(389.34 | 312.68) [ 0 15 9 13 12 35 24 33 29 41 ]
(504.74 | 287.53) [ 0 17 28 37 22 26 41 ]


3217.75
(320.98 | -2043.26) [ 0 4 2 1 21 41 ]
(580.31 | 123.07) [ 0 8 6 13 19 26 22 37 28 33 41 ]
(332.47 | 245.85) [ 0 17 25 41 ]
(658.35 | 207.03) [ 0 7 5 11 14 38 39 31 34 27 41 ]
(390.20 | 152.74) [ 0 16 12 9 29 36 24 41 ]
(424.55 | 315.86) [ 0 3 23 32 41 ]
(370.89 | 265.39) [ 0 15 10 18 20 40 30 35 41 ]


3258.41
(233.86 | 253.86) [ 0 17 21 41 ]
(404.02 | 404.02) [ 0 5 25 41 ]
(627.19 | -225.14) [ 0 2 4 19 26 22 37 24 41 ]
(371.69 | 189.42) [ 0 20 10 13 14 15 35 33 30 40 41 ]
(387.05 | 260.35) [ 0 9 12 16 28 36 29 41 ]
(654.96 | 229.88) [ 0 7 6 8 11 18 38 39 31 34 27 41 ]
(439.64 | 273.03) [ 0 3 1 32 23 41 ]


3215.54
(235.87 | 255.87) [ 0 19 21 41 ]
(439.51 | 77.27) [ 0 3 17 32 27 23 41 ]
(409.32 | -16.41) [ 0 8 10 16 30 28 36 41 ]
(604.92 | 277.51) [ 0 1 2 4 26 22 37 24 41 ]
(409.49 | 299.47) [ 0 7 5 6 25 41 ]
(370.12 | 291.17) [ 0 15 9 13 20 40 33 29 35 41 ]
(626.32 | 308.30) [ 0 14 12 11 18 38 39 31 34 41 ]


3234.62
(332.47 | 352.47) [ 0 17 25 41 ]
(541.74 | 192.97) [ 0 3 12 7 23 27 32 41 ]
(368.42 | 52.65) [ 0 10 16 20 36 30 40 41 ]
(320.98 | 141.59) [ 0 4 2 1 21 41 ]
(388.65 | 296.35) [ 0 15 9 13 35 24 33 29 41 ]
(576.34 | 289.51) [ 0 8 5 6 28 37 22 26 41 ]
(626.02 | 295.29) [ 0 19 14 11 18 38 39 31 34 41 ]


3218.65
(307.46 | 448.44) [ 0 3 21 41 ]
(332.47 | 352.47) [ 0 17 25 41 ]
(370.21 | -54.67) [ 0 20 14 13 9 15 40 33 29 35 41 ]
(428.99 | 276.64) [ 0 6 5 7 32 27 23 41 ]
(604.92 | 259.72) [ 0 4 2 1 24 37 22 26 41 ]
(625.29 | 280.23) [ 0 18 11 12 19 38 39 31 34 41 ]
(409.32 | 289.34) [ 0 8 10 16 36 28 30 41 ]


3215.26
(233.86 | 253.86) [ 0 17 21 41 ]
(585.37 | 266.62) [ 0 1 2 26 22 37 28 41 ]
(455.48 | 227.96) [ 0 3 4 32 23 41 ]
(389.34 | 289.64) [ 0 12 13 9 15 35 24 33 29 41 ]
(368.42 | 287.17) [ 0 10 16 20 36 30 40 41 ]
(404.07 | 322.15) [ 0 8 5 6 25 41 ]
(658.73 | 323.19) [ 0 19 14 18 11 7 38 39 31 34 27 41 ]


3214.76
(320.98 | -2173.84) [ 0 1 2 4 21 41 ]
(406.06 | 840.91) [ 0 3 25 41 ]
(390.22 | 240.57) [ 0 16 10 19 24 36 30 41 ]
(504.74 | 268.82) [ 0 17 28 37 22 26 41 ]
(645.47 | 300.57) [ 0 14 18 11 6 8 38 39 31 34 41 ]
(437.17 | 314.81) [ 0 12 5 7 32 27 23 41 ]
(370.12 | 299.12) [ 0 20 13 9 15 35 29 33 40 41 ]


3209.33
(320.98 | -1930.85) [ 0 4 2 1 21 41 ]
(365.95 | 192.60) [ 0 20 10 9 29 30 40 41 ]
(332.47 | 272.55) [ 0 17 25 41 ]
(424.55 | 299.91) [ 0 3 32 23 41 ]
(577.69 | 293.71) [ 0 8 5 6 33 28 37 22 26 41 ]
(662.82 | 281.19) [ 0 7 11 18 13 14 12 38 39 31 34 27 41 ]
(384.88 | 293.10) [ 0 19 15 16 35 24 36 41 ]


3199.88
(233.86 | 253.86) [ 0 17 21 41 ]
(419.99 | 223.36) [ 0 8 11 13 9 15 35 29 33 28 41 ]
(604.92 | 271.82) [ 0 1 2 4 24 37 22 26 41 ]
(425.56 | 302.92) [ 0 3 23 27 32 41 ]
(368.42 | 296.41) [ 0 10 16 20 30 40 36 41 ]
(409.49 | 318.73) [ 0 7 5 6 25 41 ]
(617.65 | 316.88) [ 0 18 12 14 19 38 39 31 34 41 ]


3239.80
(235.87 | 255.87) [ 0 19 21 41 ]
(628.03 | 109.29) [ 0 18 11 12 14 38 39 31 34 27 41 ]
(603.30 | 224.79) [ 0 17 2 1 26 22 37 24 41 ]
(416.40 | 275.00) [ 0 9 16 8 29 36 28 41 ]
(455.48 | 317.10) [ 0 3 4 23 32 41 ]
(409.49 | 319.66) [ 0 7 5 6 25 41 ]
(371.22 | 293.57) [ 0 15 13 10 20 35 33 30 40 41 ]


3190.92
(322.55 | 295.58) [ 0 3 1 21 41 ]
(602.60 | 143.12) [ 0 17 4 2 26 22 37 24 41 ]
(409.49 | 310.65) [ 0 7 5 6 25 41 ]
(409.32 | 285.01) [ 0 8 10 16 30 28 36 41 ]
(370.12 | 318.54) [ 0 20 13 9 15 40 33 29 35 41 ]
(626.02 | 318.36) [ 0 19 14 11 18 38 39 31 34 41 ]
(390.81 | 317.31) [ 0 12 32 27 23 41 ]


3201.68
(233.86 | 253.86) [ 0 17 21 41 ]
(627.97 | -1378.66) [ 0 19 14 10 11 18 38 39 31 34 27 41 ]
(410.77 | 285.01) [ 0 16 12 8 30 28 36 41 ]
(604.92 | 302.77) [ 0 4 2 1 26 22 37 24 41 ]
(424.55 | 306.23) [ 0 3 23 32 41 ]
(409.49 | 292.62) [ 0 6 5 7 25 41 ]
(370.12 | 292.94) [ 0 15 9 13 20 35 29 33 40 41 ]


3225.60
(307.46 | 474.65) [ 0 3 21 41 ]
(332.47 | 352.47) [ 0 17 25 41 ]
(577.74 | -91.19) [ 0 6 5 20 26 22 37 40 41 ]
(374.08 | 189.27) [ 0 9 13 10 16 30 36 33 29 41 ]
(442.82 | 310.05) [ 0 1 2 4 28 24 41 ]
(638.24 | 289.60) [ 0 18 11 14 15 19 38 39 31 34 35 41 ]
(432.78 | 322.36) [ 0 12 8 7 23 27 32 41 ]


3206.60
(233.86 | 253.86) [ 0 17 21 41 ]
(619.36 | 162.72) [ 0 18 12 14 19 38 39 31 34 27 41 ]
(424.55 | 288.11) [ 0 3 32 23 41 ]
(604.92 | 285.26) [ 0 4 2 1 26 22 37 24 41 ]
(419.78 | 298.42) [ 0 11 6 5 7 25 41 ]
(407.92 | 309.72) [ 0 20 10 8 28 40 30 41 ]
(376.21 | 289.57) [ 0 15 9 13 16 33 36 29 35 41 ]


3216.16
(320.98 | -2014.24) [ 0 1 2 4 21 41 ]
(332.47 | 352.47) [ 0 17 25 41 ]
(581.58 | 205.37) [ 0 6 5 19 28 37 22 26 41 ]
(368.42 | 293.34) [ 0 20 16 10 30 40 36 41 ]
(424.55 | 318.36) [ 0 3 23 32 41 ]
(389.34 | 302.72) [ 0 15 9 13 12 35 24 33 29 41 ]
(658.82 | 293.22) [ 0 14 18 11 8 7 38 39 31 34 27 41 ]


3217.60
(233.86 | 73.66) [ 0 17 21 41 ]
(626.02 | 324.57) [ 0 19 14 11 18 38 39 31 34 41 ]
(604.92 | 269.46) [ 0 1 2 4 24 37 22 26 41 ]
(413.56 | 277.09) [ 0 6 5 12 15 25 41 ]
(374.08 | 256.82) [ 0 9 13 10 16 30 36 33 29 41 ]
(419.60 | 276.04) [ 0 7 8 20 35 28 40 41 ]
(425.56 | 319.66) [ 0 3 23 27 32 41 ]


3231.30
(233.86 | 253.86) [ 0 17 21 41 ]
(416.40 | 269.94) [ 0 8 16 9 29 36 28 41 ]
(406.06 | 335.83) [ 0 3 25 41 ]
(604.92 | 315.17) [ 0 1 2 4 26 22 37 24 41 ]
(661.32 | 307.69) [ 0 14 11 6 5 7 38 39 31 34 27 41 ]
(371.22 | 296.15) [ 0 15 13 10 20 35 33 40 30 41 ]
(397.52 | 273.60) [ 0 19 12 18 32 23 41 ]


3199.23
(235.87 | 255.87) [ 0 19 21 41 ]
(658.82 | 147.46) [ 0 14 18 11 8 7 38 39 31 34 27 41 ]
(387.05 | 273.87) [ 0 9 12 16 29 36 28 41 ]
(371.22 | 239.94) [ 0 15 13 10 20 35 33 40 30 41 ]
(439.64 | 285.05) [ 0 3 1 32 23 41 ]
(602.60 | 248.88) [ 0 2 4 17 26 22 37 24 41 ]
(404.02 | 303.90) [ 0 6 5 25 41 ]


3182.17
(233.86 | 233.86) [ 0 17 21 41 ]
(604.92 | 242.40) [ 0 4 2 1 24 37 22 26 41 ]
(404.07 | 248.40) [ 0 6 5 8 25 41 ]
(385.94 | 309.20) [ 0 12 10 16 30 28 36 41 ]
(424.55 | 309.53) [ 0 3 23 32 41 ]
(658.73 | 306.60) [ 0 19 14 18 11 7 38 39 31 34 27 41 ]
(370.12 | 315.06) [ 0 20 13 9 15 40 33 29 35 41 ]


3248.01
(357.66 | 377.66) [ 0 20 25 41 ]
(235.87 | 255.87) [ 0 19 21 41 ]
(439.64 | 187.26) [ 0 3 1 32 23 41 ]
(374.60 | 253.29) [ 0 9 13 10 12 30 36 33 29 41 ]
(416.32 | 291.05) [ 0 15 16 18 8 35 28 40 41 ]
(661.32 | 284.97) [ 0 14 11 6 5 7 38 39 31 34 27 41 ]
(602.60 | 280.02) [ 0 17 4 2 24 37 22 26 41 ]


3207.10
(233.86 | 233.86) [ 0 17 21 41 ]
(425.56 | 198.47) [ 0 3 23 27 32 41 ]
(362.84 | 193.99) [ 0 9 12 20 29 30 40 41 ]
(626.26 | 194.23) [ 0 19 14 10 11 18 38 39 31 34 41 ]
(604.92 | 282.10) [ 0 4 2 1 24 37 22 26 41 ]
(424.17 | 281.68) [ 0 8 13 15 16 35 36 28 33 41 ]
(409.49 | 315.65) [ 0 6 5 7 25 41 ]


3194.31
(304.77 | 550.48) [ 0 1 21 41 ]
(332.47 | 352.47) [ 0 17 25 41 ]
(437.17 | 236.29) [ 0 7 5 12 32 27 23 41 ]
(370.08 | 161.60) [ 0 20 16 9 40 36 29 41 ]
(421.14 | 246.92) [ 0 15 13 10 6 8 30 28 33 35 41 ]
(622.66 | 303.09) [ 0 3 2 4 24 37 22 26 41 ]
(626.02 | 313.33) [ 0 19 14 11 18 38 39 31 34 41 ]


3234.13
(413.54 | -1465.70) [ 0 14 5 8 25 41 ]
(320.98 | 09.56) [ 0 4 2 1 21 41 ]
(391.89 | -86.99) [ 0 15 13 12 16 35 24 36 33 41 ]
(365.63 | 260.76) [ 0 10 9 19 29 40 30 41 ]
(504.74 | 262.03) [ 0 17 28 37 22 26 41 ]
(424.55 | 299.18) [ 0 3 32 23 41 ]
(652.81 | 317.13) [ 0 20 18 11 6 7 38 39 31 34 27 41 ]


3217.43
(320.98 | -2075.90) [ 0 1 2 4 21 41 ]
(388.83 | 113.95) [ 0 17 37 28 24 41 ]
(368.42 | 262.48) [ 0 10 16 20 36 30 40 41 ]
(408.63 | 313.17) [ 0 8 5 18 25 41 ]
(362.79 | 290.31) [ 0 15 9 13 12 35 29 33 41 ]
(822.23 | 287.95) [ 0 7 6 11 14 19 26 22 34 31 39 38 41 ]
(425.56 | 291.90) [ 0 3 23 27 32 41 ]


3170.82
(320.98 | -2304.87) [ 0 1 2 4 21 41 ]
(332.47 | 352.47) [ 0 17 25 41 ]
(368.42 | 311.38) [ 0 20 16 10 30 40 36 41 ]
(658.73 | 279.76) [ 0 19 14 18 11 7 27 34 31 39 38 41 ]
(424.55 | 318.90) [ 0 3 32 23 41 ]
(576.34 | 299.23) [ 0 8 5 6 28 37 22 26 41 ]
(389.34 | 307.82) [ 0 15 9 13 12 29 33 24 35 41 ]


3193.12
(320.98 | -2129.50) [ 0 4 2 1 21 41 ]
(504.74 | 277.32) [ 0 17 26 22 37 28 41 ]
(390.22 | 304.15) [ 0 19 10 16 24 36 30 41 ]
(658.45 | 318.39) [ 0 7 6 11 18 12 14 38 39 31 34 27 41 ]
(404.06 | 313.20) [ 0 5 8 25 41 ]
(424.55 | 316.61) [ 0 3 32 23 41 ]
(370.12 | 314.07) [ 0 20 13 9 15 40 33 29 35 41 ]


3214.71
(332.47 | 352.47) [ 0 17 25 41 ]
(320.98 | -1795.89) [ 0 1 2 4 21 41 ]
(581.34 | 27.27) [ 0 12 13 11 6 8 33 28 37 22 26 41 ]
(390.22 | 284.35) [ 0 16 10 19 24 36 30 41 ]
(366.66 | 303.73) [ 0 20 9 15 35 29 40 41 ]
(658.50 | 304.14) [ 0 14 18 5 7 38 39 31 34 27 41 ]
(424.55 | 307.50) [ 0 3 23 32 41 ]


3188.15
(322.55 | -1223.02) [ 0 1 3 21 41 ]
(437.17 | 186.26) [ 0 12 5 7 23 27 32 41 ]
(332.47 | 235.74) [ 0 17 25 41 ]
(370.08 | 219.34) [ 0 9 16 20 29 36 40 41 ]
(421.14 | 206.93) [ 0 8 6 10 13 15 35 33 28 30 41 ]
(598.72 | 320.01) [ 0 2 4 26 22 37 24 41 ]
(626.02 | 318.36) [ 0 19 14 11 18 38 39 31 34 41 ]


3203.02
(307.46 | 327.46) [ 0 3 21 41 ]
(332.47 | 352.47) [ 0 17 25 41 ]
(437.17 | 17.58) [ 0 7 5 12 32 27 23 41 ]
(374.08 | 240.95) [ 0 9 13 10 16 30 36 33 29 41 ]
(604.92 | 269.13) [ 0 4 2 1 26 22 37 24 41 ]
(420.91 | 281.61) [ 0 8 6 15 20 35 28 40 41 ]
(626.02 | 313.03) [ 0 19 14 11 18 38 39 31 34 41 ]


3226.71
(320.98 | -2087.78) [ 0 1 2 4 21 41 ]
(406.06 | 406.06) [ 0 3 25 41 ]
(517.80 | 263.52) [ 0 17 24 37 22 26 41 ]
(428.99 | 305.52) [ 0 7 5 6 32 27 23 41 ]
(374.08 | 267.36) [ 0 9 13 10 16 30 36 33 29 41 ]
(421.15 | 279.17) [ 0 20 15 11 8 40 28 35 41 ]
(617.65 | 292.90) [ 0 18 12 14 19 38 39 31 34 41 ]


3170.89
(320.98 | -1054.90) [ 0 4 2 1 21 41 ]
(404.07 | 290.33) [ 0 8 5 6 25 41 ]
(504.74 | 268.31) [ 0 17 28 37 22 26 41 ]
(424.55 | 315.92) [ 0 3 23 32 41 ]
(391.89 | 308.58) [ 0 15 13 12 16 35 24 36 33 41 ]
(658.73 | 316.67) [ 0 19 14 18 11 7 38 39 31 34 27 41 ]
(365.95 | 311.76) [ 0 20 10 9 29 40 30 41 ]


3205.44
(235.87 | 255.87) [ 0 19 21 41 ]
(440.65 | 141.23) [ 0 1 3 23 27 32 41 ]
(413.68 | 121.61) [ 0 8 10 9 30 28 29 41 ]
(602.60 | 242.39) [ 0 17 4 2 24 37 22 26 41 ]
(376.82 | 273.78) [ 0 20 16 13 15 35 33 36 40 41 ]
(409.49 | 317.28) [ 0 6 5 7 25 41 ]
(626.32 | 317.36) [ 0 14 12 11 18 38 39 31 34 41 ]


3210.62
(320.98 | -1898.66) [ 0 4 2 1 21 41 ]
(425.56 | 187.23) [ 0 3 23 27 32 41 ]
(427.83 | 113.91) [ 0 7 12 9 15 35 24 29 41 ]
(332.47 | 286.14) [ 0 17 25 41 ]
(368.42 | 291.04) [ 0 10 16 20 30 40 36 41 ]
(589.34 | 319.89) [ 0 13 5 6 8 26 22 37 28 33 41 ]
(626.02 | 320.14) [ 0 19 14 11 18 38 39 31 34 41 ]


3235.39
(332.47 | 352.47) [ 0 17 25 41 ]
(365.90 | -7198.78) [ 0 20 16 12 29 36 40 41 ]
(433.06 | -864.73) [ 0 5 10 13 15 35 24 30 33 41 ]
(320.98 | 156.80) [ 0 4 2 1 21 41 ]
(591.41 | 282.38) [ 0 7 6 8 9 28 37 22 26 41 ]
(425.56 | 276.12) [ 0 3 23 27 32 41 ]
(626.02 | 307.62) [ 0 19 14 11 18 38 39 31 34 41 ]


3208.31
(233.86 | 253.86) [ 0 17 21 41 ]
(419.12 | -230.11) [ 0 15 14 13 10 8 30 28 33 35 41 ]
(425.56 | 198.39) [ 0 3 23 27 32 41 ]
(604.92 | 221.73) [ 0 1 2 4 26 22 37 24 41 ]
(625.29 | 218.77) [ 0 18 11 12 19 38 39 31 34 41 ]
(370.08 | 204.64) [ 0 20 16 9 40 36 29 41 ]
(409.49 | 293.30) [ 0 7 5 6 25 41 ]


3216.23
(233.86 | 253.86) [ 0 17 21 41 ]
(409.31 | -4539.03) [ 0 19 5 6 25 41 ]
(591.86 | 289.58) [ 0 4 2 1 26 22 37 28 41 ]
(365.95 | 275.55) [ 0 20 10 9 29 30 40 41 ]
(424.55 | 317.28) [ 0 3 32 23 41 ]
(658.82 | 303.81) [ 0 14 18 11 8 7 27 34 31 39 38 41 ]
(391.89 | 306.52) [ 0 15 13 12 16 33 36 24 35 41 ]


