2981.38
(368.41 | -1082.13) [ 0 11 9 22 24 31 ]
(594.45 | 189.50) [ 0 6 10 15 17 21 25 31 ]
(427.62 | 157.15) [ 0 3 4 19 18 31 ]
(506.55 | 88.57) [ 0 12 14 27 29 30 31 ]
(530.45 | 291.56) [ 0 1 2 26 16 31 ]
(473.91 | 319.32) [ 0 7 5 8 13 28 23 20 31 ]


2995.89
(413.21 | -3550.23) [ 0 7 10 15 22 25 31 ]
(538.51 | -436.22) [ 0 3 1 26 16 31 ]
(368.75 | 284.35) [ 0 11 9 24 18 31 ]
(612.93 | 279.07) [ 0 4 2 19 21 17 31 ]
(525.77 | 203.18) [ 0 12 14 20 30 29 27 31 ]
(436.71 | 316.71) [ 0 13 6 5 8 28 23 31 ]


3014.74
(376.51 | -4574.52) [ 0 7 5 9 22 24 31 ]
(507.95 | -5929.41) [ 0 12 27 29 30 20 31 ]
(432.48 | 125.73) [ 0 14 4 2 19 18 31 ]
(594.45 | 46.74) [ 0 6 10 15 25 21 17 31 ]
(538.51 | 192.63) [ 0 3 1 26 16 31 ]
(444.84 | 301.27) [ 0 13 8 11 28 23 31 ]


3030.37
(592.49 | -1687.99) [ 0 1 11 26 16 31 ]
(594.45 | 180.20) [ 0 6 10 15 25 21 17 31 ]
(424.14 | 283.60) [ 0 3 2 4 18 22 31 ]
(506.55 | 241.34) [ 0 14 12 27 29 30 31 ]
(473.91 | 314.70) [ 0 7 5 8 13 28 23 20 31 ]
(358.83 | 320.36) [ 0 9 24 19 31 ]


2981.38
(530.45 | 159.22) [ 0 1 2 16 26 31 ]
(368.41 | 247.72) [ 0 11 9 22 24 31 ]
(594.45 | 206.86) [ 0 6 10 15 25 21 17 31 ]
(506.55 | 207.89) [ 0 14 12 27 29 30 31 ]
(427.62 | 309.04) [ 0 3 4 19 18 31 ]
(473.91 | 320.79) [ 0 7 5 8 13 28 23 20 31 ]


3001.49
(582.73 | -3078.11) [ 0 9 15 10 25 21 17 31 ]
(384.01 | -1120.48) [ 0 11 7 24 22 31 ]
(506.55 | 163.32) [ 0 14 12 30 29 27 31 ]
(427.62 | 197.88) [ 0 3 4 19 18 31 ]
(530.45 | 295.38) [ 0 1 2 16 26 31 ]
(470.13 | 312.53) [ 0 13 6 5 8 28 23 20 31 ]


2971.01
(389.47 | -641.45) [ 0 3 24 18 31 ]
(502.69 | -1.75) [ 0 9 11 16 26 31 ]
(506.55 | 209.04) [ 0 14 12 27 29 30 31 ]
(403.94 | 255.40) [ 0 1 2 4 22 19 31 ]
(473.91 | 311.41) [ 0 7 5 8 13 28 23 20 31 ]
(594.45 | 307.65) [ 0 6 10 15 25 21 17 31 ]


3019.36
(429.83 | -1372.85) [ 0 14 3 18 24 31 ]
(507.95 | -830.29) [ 0 12 27 29 30 20 31 ]
(502.69 | 80.74) [ 0 9 11 26 16 31 ]
(403.94 | 259.23) [ 0 4 2 1 22 19 31 ]
(440.50 | 252.25) [ 0 7 5 8 13 28 23 31 ]
(594.45 | 303.17) [ 0 6 10 15 25 21 17 31 ]


3013.57
(545.53 | -2654.41) [ 0 1 2 12 16 26 31 ]
(503.65 | -1124.82) [ 0 14 27 29 30 31 ]
(594.45 | 220.73) [ 0 6 10 15 17 21 25 31 ]
(427.62 | 262.81) [ 0 3 4 19 18 31 ]
(368.41 | 294.12) [ 0 11 9 24 22 31 ]
(473.91 | 301.37) [ 0 7 5 8 13 28 23 20 31 ]


2985.69
(407.97 | -1785.76) [ 0 3 1 18 22 31 ]
(594.45 | -1913.12) [ 0 6 10 15 17 21 25 31 ]
(400.12 | 58.03) [ 0 2 4 19 24 31 ]
(502.69 | 225.07) [ 0 11 9 26 16 31 ]
(506.55 | 260.73) [ 0 12 14 30 29 27 31 ]
(473.91 | 327.51) [ 0 7 5 8 13 28 23 20 31 ]


2976.79
(536.93 | -4717.30) [ 0 1 2 4 16 26 31 ]
(392.88 | 312.36) [ 0 3 18 22 31 ]
(594.45 | 301.12) [ 0 6 10 15 17 21 25 31 ]
(473.91 | 298.03) [ 0 7 5 8 13 28 23 20 31 ]
(372.07 | 299.28) [ 0 11 9 24 19 31 ]
(506.55 | 295.81) [ 0 14 12 30 29 27 31 ]


3040.48
(695.60 | -13711.18) [ 0 3 2 10 25 21 17 31 ]
(375.51 | 235.95) [ 0 9 7 22 24 31 ]
(410.04 | 273.49) [ 0 1 4 19 18 31 ]
(506.55 | 254.61) [ 0 12 14 27 29 30 31 ]
(470.13 | 319.57) [ 0 13 6 5 8 28 23 20 31 ]
(502.65 | 320.99) [ 0 11 15 26 16 31 ]


3033.57
(427.62 | 220.92) [ 0 3 4 18 19 31 ]
(368.41 | 247.23) [ 0 11 9 24 22 31 ]
(597.36 | 244.53) [ 0 12 2 1 30 29 27 31 ]
(451.82 | 268.78) [ 0 14 16 26 31 ]
(594.45 | 279.39) [ 0 6 10 15 25 21 17 31 ]
(473.91 | 294.73) [ 0 7 5 8 13 28 23 20 31 ]


3005.84
(530.74 | -19321.23) [ 0 4 2 26 16 31 ]
(368.41 | -272.11) [ 0 9 11 24 22 31 ]
(473.91 | 100.72) [ 0 7 5 8 13 28 23 20 31 ]
(411.79 | 173.03) [ 0 1 3 18 19 31 ]
(594.45 | 274.63) [ 0 6 10 15 25 21 17 31 ]
(506.55 | 276.02) [ 0 12 14 30 29 27 31 ]


3011.83
(545.53 | -2148.92) [ 0 12 2 1 16 26 31 ]
(376.51 | 267.59) [ 0 7 5 9 24 22 31 ]
(427.62 | 329.07) [ 0 3 4 19 18 31 ]
(522.87 | 292.34) [ 0 14 27 29 30 20 31 ]
(594.45 | 302.68) [ 0 15 10 6 17 21 25 31 ]
(444.84 | 311.60) [ 0 11 8 13 28 23 31 ]


3033.58
(594.45 | -66.28) [ 0 15 10 6 17 21 25 31 ]
(432.74 | 25.35) [ 0 3 2 12 18 22 31 ]
(502.69 | 43.47) [ 0 11 9 16 26 31 ]
(406.14 | 272.89) [ 0 4 1 19 24 31 ]
(503.65 | 301.45) [ 0 14 30 29 27 31 ]
(473.91 | 320.58) [ 0 7 5 8 13 28 23 20 31 ]


2981.38
(427.62 | -3033.69) [ 0 3 4 19 18 31 ]
(530.45 | 142.10) [ 0 2 1 16 26 31 ]
(594.45 | -219.47) [ 0 15 10 6 25 21 17 31 ]
(368.41 | 256.85) [ 0 11 9 24 22 31 ]
(473.91 | 316.06) [ 0 7 5 8 13 28 23 20 31 ]
(506.55 | 262.91) [ 0 12 14 30 29 27 31 ]


2994.85
(612.93 | -3113.24) [ 0 4 2 17 21 19 31 ]
(378.44 | -2472.73) [ 0 7 6 5 18 22 31 ]
(538.51 | 81.80) [ 0 3 1 16 26 31 ]
(525.77 | 192.27) [ 0 14 12 20 30 29 27 31 ]
(444.84 | 298.89) [ 0 13 8 11 28 23 31 ]
(394.36 | 312.20) [ 0 9 15 10 25 24 31 ]


2997.34
(375.51 | -300.38) [ 0 9 7 22 24 31 ]
(414.48 | 299.98) [ 0 3 25 18 31 ]
(477.63 | 247.63) [ 0 8 5 6 10 28 23 20 31 ]
(619.13 | 261.40) [ 0 1 2 4 19 21 17 31 ]
(506.55 | 213.15) [ 0 12 14 27 29 30 31 ]
(504.04 | 299.08) [ 0 11 15 13 16 26 31 ]


3066.85
(641.40 | -3880.02) [ 0 2 4 14 17 21 19 31 ]
(585.73 | -262.72) [ 0 6 11 27 29 30 20 31 ]
(407.97 | 253.18) [ 0 1 3 22 18 31 ]
(436.90 | 257.72) [ 0 12 26 16 31 ]
(394.36 | 278.95) [ 0 10 15 9 25 24 31 ]
(440.50 | 305.62) [ 0 7 5 8 13 23 28 31 ]


2971.01
(389.47 | -670.11) [ 0 3 24 18 31 ]
(502.69 | -576.65) [ 0 9 11 26 16 31 ]
(473.91 | 173.79) [ 0 7 5 8 13 28 23 20 31 ]
(594.45 | 82.55) [ 0 6 10 15 25 21 17 31 ]
(403.94 | 274.79) [ 0 1 2 4 22 19 31 ]
(506.55 | 239.27) [ 0 12 14 27 29 30 31 ]


3039.30
(451.09 | -2446.24) [ 0 1 9 22 24 31 ]
(594.27 | 186.56) [ 0 5 6 10 17 21 25 31 ]
(502.65 | 297.94) [ 0 11 15 16 26 31 ]
(427.95 | 284.41) [ 0 3 2 4 18 19 31 ]
(437.57 | 295.95) [ 0 13 8 7 28 23 31 ]
(525.77 | 244.99) [ 0 12 14 20 30 29 27 31 ]


2976.79
(506.55 | -80.94) [ 0 12 14 30 29 27 31 ]
(392.88 | 312.23) [ 0 3 22 18 31 ]
(372.07 | 292.41) [ 0 11 9 24 19 31 ]
(594.45 | 265.43) [ 0 6 10 15 25 21 17 31 ]
(536.93 | 272.92) [ 0 1 2 4 26 16 31 ]
(473.91 | 305.93) [ 0 13 8 5 7 28 23 20 31 ]


2991.01
(369.70 | -3098.52) [ 0 9 11 22 19 31 ]
(536.93 | 101.66) [ 0 4 2 1 16 26 31 ]
(506.55 | -6.58) [ 0 12 14 27 29 30 31 ]
(594.45 | 246.85) [ 0 6 10 15 25 21 17 31 ]
(389.47 | 303.35) [ 0 3 24 18 31 ]
(473.91 | 306.20) [ 0 7 5 8 13 28 23 20 31 ]


3036.17
(369.07 | 747.21) [ 0 1 22 31 ]
(500.62 | -6730.47) [ 0 8 5 9 13 24 28 23 31 ]
(518.30 | -42.57) [ 0 7 11 26 16 31 ]
(427.95 | 200.69) [ 0 3 2 4 18 19 31 ]
(594.45 | 301.97) [ 0 6 10 15 25 21 17 31 ]
(525.77 | 268.54) [ 0 12 14 27 29 30 20 31 ]


2981.38
(530.45 | 232.93) [ 0 2 1 16 26 31 ]
(368.41 | 234.45) [ 0 9 11 22 24 31 ]
(594.45 | 133.99) [ 0 6 10 15 25 21 17 31 ]
(427.62 | 238.35) [ 0 3 4 19 18 31 ]
(473.91 | 294.32) [ 0 7 5 8 13 28 23 20 31 ]
(506.55 | 290.31) [ 0 12 14 30 29 27 31 ]


3008.33
(592.49 | -818.01) [ 0 1 11 16 26 31 ]
(594.45 | 279.01) [ 0 6 10 15 25 21 17 31 ]
(488.73 | 219.83) [ 0 12 27 29 30 31 ]
(469.20 | 238.18) [ 0 8 5 13 14 28 23 20 31 ]
(427.95 | 248.46) [ 0 3 2 4 19 18 31 ]
(375.51 | 297.10) [ 0 9 7 24 22 31 ]


2997.84
(595.22 | -2855.30) [ 0 13 5 6 10 17 21 25 31 ]
(375.51 | 262.51) [ 0 7 9 24 22 31 ]
(525.77 | 207.51) [ 0 12 14 20 30 29 27 31 ]
(530.45 | 287.60) [ 0 1 2 16 26 31 ]
(443.27 | 303.12) [ 0 8 15 11 28 23 31 ]
(427.62 | 240.94) [ 0 3 4 19 18 31 ]


3006.11
(554.40 | -10996.29) [ 0 14 1 26 16 31 ]
(507.95 | 236.31) [ 0 12 27 29 30 20 31 ]
(376.51 | 209.70) [ 0 9 5 7 24 22 31 ]
(594.45 | 281.80) [ 0 6 10 15 25 21 17 31 ]
(444.84 | 301.22) [ 0 13 8 11 28 23 31 ]
(427.95 | 282.39) [ 0 3 2 4 19 18 31 ]


2990.08
(368.75 | -2101.30) [ 0 11 9 18 24 31 ]
(538.51 | -2202.85) [ 0 3 1 16 26 31 ]
(612.93 | 127.16) [ 0 4 2 19 21 17 31 ]
(413.21 | 275.85) [ 0 7 10 15 25 22 31 ]
(470.13 | 282.04) [ 0 13 6 5 8 28 23 20 31 ]
(506.55 | 262.32) [ 0 14 12 30 29 27 31 ]


3016.71
(407.97 | -50.78) [ 0 1 3 18 22 31 ]
(414.03 | 130.65) [ 0 12 4 2 19 24 31 ]
(502.69 | 297.34) [ 0 9 11 16 26 31 ]
(473.91 | 295.66) [ 0 7 5 8 13 28 23 20 31 ]
(594.45 | 313.66) [ 0 6 10 15 25 21 17 31 ]
(503.65 | 305.05) [ 0 14 30 29 27 31 ]


3033.55
(592.49 | -7728.06) [ 0 11 1 26 16 31 ]
(506.55 | 53.77) [ 0 12 14 27 29 30 31 ]
(636.87 | 282.21) [ 0 4 2 3 19 21 17 31 ]
(373.16 | 295.60) [ 0 7 22 18 31 ]
(470.13 | 309.53) [ 0 13 6 5 8 20 23 28 31 ]
(394.36 | 321.45) [ 0 9 15 10 25 24 31 ]


2990.40
(514.68 | -884.93) [ 0 11 6 16 26 31 ]
(407.97 | -807.95) [ 0 1 3 22 18 31 ]
(612.93 | 214.60) [ 0 4 2 17 21 19 31 ]
(394.36 | 272.17) [ 0 9 15 10 25 24 31 ]
(473.91 | 305.56) [ 0 7 5 8 13 28 23 20 31 ]
(506.55 | 301.82) [ 0 12 14 27 29 30 31 ]


3025.50
(641.40 | -10767.18) [ 0 2 4 14 19 21 17 31 ]
(507.95 | -135.77) [ 0 12 27 29 30 20 31 ]
(378.44 | 87.53) [ 0 5 6 7 18 22 31 ]
(538.51 | 64.38) [ 0 3 1 26 16 31 ]
(394.36 | 266.01) [ 0 9 15 10 25 24 31 ]
(444.84 | 317.41) [ 0 13 8 11 23 28 31 ]


2995.79
(530.45 | -1316.43) [ 0 1 2 26 16 31 ]
(368.75 | 213.14) [ 0 11 9 18 24 31 ]
(506.55 | 185.99) [ 0 12 14 30 29 27 31 ]
(421.35 | 308.40) [ 0 4 3 22 19 31 ]
(474.25 | 306.73) [ 0 8 7 5 13 28 23 20 31 ]
(594.45 | 300.74) [ 0 6 10 15 25 21 17 31 ]


2972.00
(506.55 | 99.70) [ 0 14 12 27 29 30 31 ]
(427.95 | 169.44) [ 0 3 2 4 19 18 31 ]
(368.41 | 284.55) [ 0 9 11 24 22 31 ]
(594.45 | 273.22) [ 0 6 10 15 25 21 17 31 ]
(473.91 | 250.47) [ 0 7 5 8 13 28 23 20 31 ]
(520.73 | 323.30) [ 0 1 16 26 31 ]


3016.71
(502.69 | -945.76) [ 0 11 9 26 16 31 ]
(407.97 | -45.96) [ 0 3 1 18 22 31 ]
(414.03 | -2.06) [ 0 12 4 2 24 19 31 ]
(594.45 | 312.03) [ 0 6 10 15 25 21 17 31 ]
(473.91 | 322.05) [ 0 7 5 8 13 28 23 20 31 ]
(503.65 | 301.60) [ 0 14 27 29 30 31 ]


3033.33
(580.51 | -4356.77) [ 0 7 5 14 27 29 30 20 31 ]
(302.61 | 209.93) [ 0 12 24 22 31 ]
(592.49 | -151.86) [ 0 1 11 26 16 31 ]
(427.95 | 284.48) [ 0 4 2 3 19 18 31 ]
(435.32 | 289.81) [ 0 8 9 13 28 23 31 ]
(594.45 | 278.25) [ 0 6 10 15 25 21 17 31 ]


3000.35
(553.09 | 164.80) [ 0 14 15 12 30 29 27 31 ]
(530.45 | 289.82) [ 0 1 2 26 16 31 ]
(470.13 | 254.61) [ 0 8 5 6 13 28 23 20 31 ]
(375.51 | 263.35) [ 0 9 7 22 24 31 ]
(427.62 | 289.60) [ 0 3 4 19 18 31 ]
(583.55 | 304.93) [ 0 11 10 25 21 17 31 ]


3030.26
(376.51 | -2167.27) [ 0 9 5 7 22 24 31 ]
(584.63 | 227.37) [ 0 6 10 15 27 29 30 20 31 ]
(427.95 | 216.56) [ 0 4 2 3 18 19 31 ]
(535.60 | 212.30) [ 0 14 12 25 21 17 31 ]
(520.73 | 325.70) [ 0 1 16 26 31 ]
(444.84 | 325.30) [ 0 13 8 11 28 23 31 ]


3039.18
(427.62 | -7907.17) [ 0 3 4 19 18 31 ]
(368.41 | -5472.81) [ 0 11 9 22 24 31 ]
(545.53 | -214.85) [ 0 1 2 12 26 16 31 ]
(598.08 | 206.47) [ 0 15 10 5 7 25 21 17 31 ]
(522.87 | 242.00) [ 0 14 27 29 30 20 31 ]
(436.66 | 281.81) [ 0 13 6 8 28 23 31 ]


3064.00
(664.25 | -17902.48) [ 0 1 10 15 27 29 30 20 31 ]
(517.78 | -369.19) [ 0 12 17 21 25 31 ]
(375.51 | 288.06) [ 0 9 7 22 24 31 ]
(427.95 | 259.17) [ 0 3 2 4 18 19 31 ]
(436.71 | 287.61) [ 0 8 5 6 13 23 28 31 ]
(501.80 | 292.25) [ 0 11 14 16 26 31 ]


3013.57
(545.53 | 156.66) [ 0 12 2 1 26 16 31 ]
(368.41 | 199.28) [ 0 11 9 22 24 31 ]
(427.62 | 319.96) [ 0 3 4 19 18 31 ]
(594.45 | 305.22) [ 0 6 10 15 25 21 17 31 ]
(473.91 | 317.53) [ 0 7 5 8 13 28 23 20 31 ]
(503.65 | 301.60) [ 0 14 30 29 27 31 ]


3007.86
(520.73 | -1226.98) [ 0 1 26 16 31 ]
(373.42 | -214.30) [ 0 6 9 22 24 31 ]
(427.95 | -275.60) [ 0 3 2 4 19 18 31 ]
(584.64 | 215.27) [ 0 12 14 15 5 27 29 30 20 31 ]
(583.55 | 287.12) [ 0 11 10 25 21 17 31 ]
(437.57 | 279.36) [ 0 7 8 13 28 23 31 ]


3046.95
(488.73 | 223.32) [ 0 12 27 29 30 31 ]
(387.77 | 161.22) [ 0 7 11 18 22 31 ]
(423.72 | 142.95) [ 0 3 4 19 24 31 ]
(560.53 | 185.74) [ 0 1 2 14 16 26 31 ]
(594.45 | 155.39) [ 0 6 10 15 25 21 17 31 ]
(471.75 | 295.16) [ 0 8 5 9 13 28 23 20 31 ]


2991.50
(407.97 | -2306.51) [ 0 1 3 18 22 31 ]
(400.12 | 24.63) [ 0 4 2 19 24 31 ]
(502.69 | 94.21) [ 0 9 11 16 26 31 ]
(594.45 | 63.21) [ 0 15 10 6 17 21 25 31 ]
(525.77 | 237.98) [ 0 12 14 27 29 30 20 31 ]
(440.50 | 301.53) [ 0 7 5 8 13 28 23 31 ]


2970.26
(376.51 | -131.83) [ 0 9 5 7 24 22 31 ]
(520.73 | 288.82) [ 0 1 16 26 31 ]
(444.84 | 306.03) [ 0 13 8 11 23 28 31 ]
(594.45 | 288.86) [ 0 6 10 15 25 21 17 31 ]
(427.95 | 293.48) [ 0 3 2 4 19 18 31 ]
(525.77 | 260.46) [ 0 12 14 27 29 30 20 31 ]


2990.24
(612.93 | -1468.51) [ 0 2 4 19 21 17 31 ]
(407.97 | -276.32) [ 0 3 1 18 22 31 ]
(394.36 | 244.58) [ 0 9 15 10 25 24 31 ]
(470.13 | 279.99) [ 0 13 6 5 8 20 23 28 31 ]
(518.30 | 284.05) [ 0 11 7 16 26 31 ]
(506.55 | 294.52) [ 0 12 14 30 29 27 31 ]


3013.02
(592.49 | -2526.75) [ 0 1 11 26 16 31 ]
(488.73 | -1074.95) [ 0 12 27 29 30 31 ]
(355.49 | -67.85) [ 0 14 9 24 22 31 ]
(594.45 | 150.21) [ 0 6 10 15 25 21 17 31 ]
(427.95 | 194.87) [ 0 4 2 3 18 19 31 ]
(473.91 | 284.50) [ 0 7 5 8 13 28 23 20 31 ]


3039.15
(595.79 | -101.47) [ 0 1 2 15 16 26 31 ]
(375.51 | -152.75) [ 0 7 9 24 22 31 ]
(427.62 | 268.77) [ 0 3 4 19 18 31 ]
(470.13 | 212.43) [ 0 8 5 6 13 28 23 20 31 ]
(583.55 | 285.44) [ 0 11 10 17 21 25 31 ]
(506.55 | 264.15) [ 0 14 12 30 29 27 31 ]


2971.01
(389.47 | -2272.67) [ 0 3 24 18 31 ]
(502.69 | 314.59) [ 0 11 9 26 16 31 ]
(403.94 | 294.56) [ 0 1 2 4 22 19 31 ]
(594.45 | 282.31) [ 0 6 10 15 25 21 17 31 ]
(473.91 | 279.80) [ 0 7 5 8 13 28 23 20 31 ]
(506.55 | 297.85) [ 0 12 14 27 29 30 31 ]


3035.38
(589.84 | 76.58) [ 0 6 7 25 21 17 31 ]
(553.09 | 46.66) [ 0 12 15 14 27 29 30 31 ]
(403.76 | 344.98) [ 0 1 4 22 19 31 ]
(414.25 | 294.31) [ 0 2 3 24 18 31 ]
(471.75 | 305.85) [ 0 8 5 9 13 28 23 20 31 ]
(502.68 | 303.02) [ 0 10 11 16 26 31 ]


3001.96
(387.80 | -2904.73) [ 0 7 5 11 22 18 31 ]
(538.51 | 54.30) [ 0 3 1 16 26 31 ]
(400.12 | 248.53) [ 0 4 2 19 24 31 ]
(525.77 | 221.91) [ 0 12 14 27 29 30 20 31 ]
(594.45 | 275.43) [ 0 6 10 15 25 21 17 31 ]
(435.32 | 280.33) [ 0 8 9 13 28 23 31 ]


2976.79
(536.93 | -6622.48) [ 0 4 2 1 26 16 31 ]
(392.88 | 294.91) [ 0 3 18 22 31 ]
(594.45 | 243.88) [ 0 15 10 6 25 21 17 31 ]
(372.07 | 283.81) [ 0 9 11 24 19 31 ]
(473.91 | 278.48) [ 0 13 8 5 7 28 23 20 31 ]
(506.55 | 276.20) [ 0 12 14 27 29 30 31 ]


3067.21
(454.72 | -1569.81) [ 0 12 14 26 16 31 ]
(417.65 | 269.36) [ 0 3 2 18 22 31 ]
(573.75 | 236.25) [ 0 9 11 27 29 30 20 31 ]
(594.45 | 236.60) [ 0 6 10 15 25 21 17 31 ]
(440.50 | 274.89) [ 0 7 5 8 13 28 23 31 ]
(406.14 | 287.34) [ 0 1 4 19 24 31 ]


3034.65
(376.60 | -4169.26) [ 0 9 15 5 22 24 31 ]
(592.49 | -1288.27) [ 0 1 11 16 26 31 ]
(427.95 | 236.68) [ 0 4 2 3 18 19 31 ]
(525.77 | 251.88) [ 0 12 14 27 29 30 20 31 ]
(437.57 | 288.71) [ 0 13 8 7 23 28 31 ]
(594.26 | 322.70) [ 0 6 10 25 21 17 31 ]


3032.55
(372.14 | -963.84) [ 0 5 9 14 24 22 31 ]
(592.49 | -1438.50) [ 0 11 1 16 26 31 ]
(507.95 | 256.90) [ 0 12 27 29 30 20 31 ]
(437.57 | 216.91) [ 0 13 8 7 23 28 31 ]
(427.95 | 187.23) [ 0 3 2 4 19 18 31 ]
(594.45 | 130.89) [ 0 6 10 15 25 21 17 31 ]


2990.40
(407.97 | -633.18) [ 0 1 3 22 18 31 ]
(514.68 | -617.31) [ 0 6 11 16 26 31 ]
(612.93 | -698.71) [ 0 2 4 17 21 19 31 ]
(473.91 | 188.56) [ 0 7 5 8 13 28 23 20 31 ]
(394.36 | 224.68) [ 0 9 15 10 24 25 31 ]
(506.55 | 270.86) [ 0 12 14 27 29 30 31 ]


3001.38
(594.45 | 241.01) [ 0 6 10 15 25 21 17 31 ]
(396.16 | 263.85) [ 0 2 1 22 24 31 ]
(502.69 | 264.22) [ 0 9 11 16 26 31 ]
(427.62 | 238.18) [ 0 3 4 19 18 31 ]
(473.91 | 302.17) [ 0 7 5 8 13 28 23 20 31 ]
(506.55 | 301.34) [ 0 12 14 30 29 27 31 ]


3048.51
(596.87 | -2023.83) [ 0 11 6 19 21 17 31 ]
(417.65 | 79.16) [ 0 3 2 18 22 31 ]
(585.33 | 107.95) [ 0 12 15 5 14 27 29 30 20 31 ]
(437.57 | 270.50) [ 0 7 8 13 23 28 31 ]
(394.33 | 286.05) [ 0 9 10 24 25 31 ]
(536.76 | 290.19) [ 0 4 1 16 26 31 ]


3054.83
(355.49 | -4179.22) [ 0 9 14 24 22 31 ]
(488.73 | -370.57) [ 0 12 30 29 27 31 ]
(593.20 | -282.88) [ 0 1 10 15 26 16 31 ]
(427.95 | 102.44) [ 0 4 2 3 18 19 31 ]
(473.91 | 177.24) [ 0 7 5 8 13 28 23 20 31 ]
(595.55 | 252.72) [ 0 6 11 17 21 25 31 ]


3031.83
(451.82 | -1170.17) [ 0 14 16 26 31 ]
(616.58 | -2660.55) [ 0 1 2 12 27 29 30 20 31 ]
(427.62 | 271.77) [ 0 3 4 19 18 31 ]
(594.45 | 200.79) [ 0 15 10 6 25 21 17 31 ]
(376.51 | 281.39) [ 0 9 5 7 24 22 31 ]
(444.84 | 293.97) [ 0 13 8 11 23 28 31 ]


2971.01
(389.47 | 288.89) [ 0 3 24 18 31 ]
(594.45 | 311.94) [ 0 6 10 15 25 21 17 31 ]
(502.69 | 300.85) [ 0 9 11 16 26 31 ]
(506.55 | 288.29) [ 0 14 12 30 29 27 31 ]
(403.94 | 294.26) [ 0 4 2 1 22 19 31 ]
(473.91 | 296.79) [ 0 7 5 8 13 28 23 20 31 ]


3107.96
(351.28 | 351.28) [ 0 9 24 31 ]
(592.49 | -20065.30) [ 0 1 11 16 26 31 ]
(574.85 | 56.40) [ 0 13 8 5 7 22 28 30 20 31 ]
(594.45 | 211.26) [ 0 6 10 15 25 21 17 31 ]
(427.95 | 242.06) [ 0 3 2 4 18 19 31 ]
(506.94 | 271.12) [ 0 14 12 23 29 27 31 ]


3059.19
(514.32 | -608.68) [ 0 13 8 11 26 16 31 ]
(583.68 | -68.19) [ 0 5 10 15 14 20 30 29 27 31 ]
(686.47 | 165.76) [ 0 6 4 2 25 21 17 31 ]
(367.42 | 291.04) [ 0 12 28 23 31 ]
(375.51 | 307.66) [ 0 9 7 24 22 31 ]
(411.79 | 297.98) [ 0 3 1 18 19 31 ]


2990.24
(387.77 | -3935.26) [ 0 7 11 18 22 31 ]
(538.51 | -73.48) [ 0 1 3 26 16 31 ]
(612.93 | 272.24) [ 0 4 2 19 21 17 31 ]
(470.13 | 235.91) [ 0 13 6 5 8 20 23 28 31 ]
(394.36 | 316.03) [ 0 9 15 10 25 24 31 ]
(506.55 | 293.41) [ 0 12 14 30 29 27 31 ]


3001.39
(417.65 | -359.10) [ 0 2 3 22 18 31 ]
(406.14 | 250.67) [ 0 1 4 19 24 31 ]
(502.69 | 251.78) [ 0 11 9 16 26 31 ]
(594.45 | 210.39) [ 0 6 10 15 25 21 17 31 ]
(506.55 | 247.45) [ 0 12 14 27 29 30 31 ]
(473.91 | 306.93) [ 0 7 5 8 13 28 23 20 31 ]


2976.79
(536.93 | -4754.58) [ 0 1 2 4 16 26 31 ]
(594.45 | -532.64) [ 0 6 10 15 17 21 25 31 ]
(372.07 | -3.96) [ 0 9 11 24 19 31 ]
(392.88 | 332.86) [ 0 3 22 18 31 ]
(473.91 | 277.76) [ 0 7 5 8 13 28 23 20 31 ]
(506.55 | 264.89) [ 0 12 14 27 29 30 31 ]


3049.67
(433.24 | -7713.43) [ 0 14 3 18 22 31 ]
(436.90 | -105.96) [ 0 12 16 26 31 ]
(589.38 | 200.46) [ 0 7 5 11 20 30 29 27 31 ]
(436.66 | 298.67) [ 0 8 6 13 28 23 31 ]
(619.13 | 295.43) [ 0 1 2 4 19 21 17 31 ]
(394.36 | 306.74) [ 0 9 15 10 25 24 31 ]


2971.01
(502.69 | -728.96) [ 0 11 9 26 16 31 ]
(389.47 | 265.20) [ 0 3 18 24 31 ]
(403.94 | 296.34) [ 0 1 2 4 22 19 31 ]
(506.55 | 264.39) [ 0 12 14 30 29 27 31 ]
(594.45 | 273.55) [ 0 6 10 15 25 21 17 31 ]
(473.91 | 300.09) [ 0 7 5 8 13 28 23 20 31 ]


2984.04
(536.93 | -9087.42) [ 0 1 2 4 16 26 31 ]
(525.77 | 59.32) [ 0 14 12 27 29 30 20 31 ]
(396.69 | 321.70) [ 0 3 18 19 31 ]
(434.56 | 328.07) [ 0 13 15 11 23 28 31 ]
(375.51 | 331.36) [ 0 9 7 24 22 31 ]
(594.57 | 323.92) [ 0 8 5 6 10 25 21 17 31 ]


3030.43
(392.88 | -73.70) [ 0 3 22 18 31 ]
(582.81 | -304.88) [ 0 15 6 5 20 30 29 27 31 ]
(437.57 | 139.80) [ 0 7 8 13 28 23 31 ]
(501.80 | 205.85) [ 0 14 11 16 26 31 ]
(619.13 | 252.59) [ 0 1 2 4 17 21 19 31 ]
(396.25 | 258.27) [ 0 12 10 9 25 24 31 ]


3040.69
(626.41 | -19841.47) [ 0 1 2 12 17 21 25 31 ]
(572.66 | -1907.57) [ 0 14 10 15 20 30 29 27 31 ]
(427.62 | 223.74) [ 0 3 4 19 18 31 ]
(436.71 | 294.65) [ 0 8 5 6 13 28 23 31 ]
(375.51 | 298.35) [ 0 9 7 22 24 31 ]
(501.78 | 321.79) [ 0 11 16 26 31 ]


3011.36
(507.95 | -1424.12) [ 0 12 27 29 30 20 31 ]
(592.49 | -723.75) [ 0 1 11 16 26 31 ]
(427.95 | 281.53) [ 0 4 2 3 18 19 31 ]
(432.01 | 231.78) [ 0 14 13 8 23 28 31 ]
(376.51 | 279.83) [ 0 9 5 7 22 24 31 ]
(594.45 | 293.32) [ 0 6 10 15 25 21 17 31 ]


2970.26
(525.77 | 225.51) [ 0 12 14 20 30 29 27 31 ]
(444.84 | 242.77) [ 0 11 8 13 28 23 31 ]
(427.95 | 210.15) [ 0 3 2 4 18 19 31 ]
(376.51 | 210.30) [ 0 7 5 9 22 24 31 ]
(520.73 | 334.48) [ 0 1 16 26 31 ]
(594.45 | 315.00) [ 0 6 10 15 25 21 17 31 ]


3011.90
(376.51 | -3257.68) [ 0 7 5 9 24 22 31 ]
(507.95 | -696.47) [ 0 12 27 29 30 20 31 ]
(560.53 | 18.82) [ 0 1 2 14 26 16 31 ]
(427.62 | 242.64) [ 0 3 4 19 18 31 ]
(594.45 | 264.66) [ 0 6 10 15 25 21 17 31 ]
(444.84 | 272.38) [ 0 13 8 11 28 23 31 ]


3031.50
(502.69 | -4053.93) [ 0 9 11 26 16 31 ]
(379.45 | -1646.03) [ 0 7 5 8 13 18 22 31 ]
(400.12 | 150.55) [ 0 2 4 19 24 31 ]
(469.03 | 308.09) [ 0 1 3 28 23 31 ]
(594.45 | 301.39) [ 0 6 10 15 25 21 17 31 ]
(525.77 | 259.77) [ 0 12 14 27 29 30 20 31 ]


3033.58
(432.74 | -2186.92) [ 0 3 2 12 18 22 31 ]
(594.45 | 266.90) [ 0 6 10 15 25 21 17 31 ]
(536.76 | 306.30) [ 0 4 1 16 26 31 ]
(372.07 | 281.99) [ 0 11 9 19 24 31 ]
(473.91 | 320.85) [ 0 7 5 8 13 28 23 20 31 ]
(503.65 | 303.74) [ 0 14 27 29 30 31 ]


3019.80
(525.77 | -300.61) [ 0 12 14 27 29 30 20 31 ]
(594.45 | 137.66) [ 0 6 10 15 25 21 17 31 ]
(548.19 | 257.52) [ 0 2 3 16 26 31 ]
(376.51 | 268.53) [ 0 7 5 9 24 22 31 ]
(444.84 | 211.72) [ 0 13 8 11 23 28 31 ]
(410.04 | 256.82) [ 0 1 4 19 18 31 ]


3015.45
(420.40 | -9142.32) [ 0 4 3 24 18 31 ]
(506.55 | 67.71) [ 0 12 14 27 29 30 31 ]
(530.45 | 264.51) [ 0 2 1 16 26 31 ]
(369.70 | 255.93) [ 0 11 9 22 19 31 ]
(594.45 | 298.71) [ 0 6 10 15 25 21 17 31 ]
(473.91 | 319.72) [ 0 7 5 8 13 28 23 20 31 ]


3061.36
(482.90 | -6440.41) [ 0 3 7 24 18 31 ]
(594.45 | 189.60) [ 0 6 10 15 25 21 17 31 ]
(403.94 | 294.37) [ 0 4 2 1 22 19 31 ]
(506.55 | 244.86) [ 0 12 14 27 29 30 31 ]
(501.78 | 334.06) [ 0 11 16 26 31 ]
(471.75 | 324.98) [ 0 13 9 5 8 28 23 20 31 ]


2979.64
(525.77 | 47.72) [ 0 12 14 27 29 30 20 31 ]
(427.62 | 214.81) [ 0 3 4 18 19 31 ]
(530.45 | 273.02) [ 0 1 2 26 16 31 ]
(376.51 | 271.32) [ 0 9 5 7 24 22 31 ]
(444.84 | 301.48) [ 0 11 8 13 28 23 31 ]
(594.45 | 291.22) [ 0 6 10 15 25 21 17 31 ]


2981.38
(368.41 | -264.81) [ 0 9 11 22 24 31 ]
(473.91 | 234.50) [ 0 13 8 5 7 20 23 28 31 ]
(594.45 | 150.62) [ 0 6 10 15 25 21 17 31 ]
(530.45 | 238.28) [ 0 2 1 16 26 31 ]
(506.55 | 244.74) [ 0 12 14 30 29 27 31 ]
(427.62 | 320.24) [ 0 3 4 18 19 31 ]


2976.79
(536.93 | -9810.04) [ 0 1 2 4 16 26 31 ]
(392.88 | 297.33) [ 0 3 22 18 31 ]
(594.45 | 201.37) [ 0 6 10 15 25 21 17 31 ]
(473.91 | 327.34) [ 0 7 5 8 13 20 23 28 31 ]
(372.07 | 300.78) [ 0 9 11 19 24 31 ]
(506.55 | 295.12) [ 0 12 14 27 29 30 31 ]


3007.21
(536.76 | -6364.58) [ 0 1 4 26 16 31 ]
(417.65 | 267.49) [ 0 2 3 22 18 31 ]
(594.45 | 256.83) [ 0 6 10 15 25 21 17 31 ]
(372.07 | 260.47) [ 0 9 11 19 24 31 ]
(525.77 | 225.62) [ 0 12 14 27 29 30 20 31 ]
(440.50 | 289.91) [ 0 7 5 8 13 23 28 31 ]


3089.05
(592.03 | -1407.52) [ 0 1 11 26 31 ]
(427.95 | 177.64) [ 0 3 2 4 19 18 31 ]
(506.55 | 66.33) [ 0 14 12 30 29 27 31 ]
(594.45 | 223.51) [ 0 6 10 15 25 21 17 31 ]
(375.51 | 272.24) [ 0 7 9 24 22 31 ]
(532.55 | 322.90) [ 0 8 5 13 28 23 16 20 31 ]


2981.38
(530.45 | 191.39) [ 0 2 1 26 16 31 ]
(368.41 | 268.09) [ 0 9 11 24 22 31 ]
(506.55 | 220.08) [ 0 14 12 27 29 30 31 ]
(594.45 | 242.37) [ 0 6 10 15 25 21 17 31 ]
(473.91 | 309.83) [ 0 7 5 8 13 28 23 20 31 ]
(427.62 | 321.08) [ 0 3 4 19 18 31 ]


3061.89
(373.42 | -8650.46) [ 0 6 9 22 24 31 ]
(545.53 | -304.90) [ 0 1 2 12 16 26 31 ]
(427.62 | 208.81) [ 0 3 4 19 18 31 ]
(434.78 | 292.32) [ 0 11 10 13 23 28 31 ]
(532.70 | 289.17) [ 0 14 25 21 17 31 ]
(587.85 | 287.11) [ 0 8 7 5 15 27 29 30 20 31 ]


3001.49
(518.30 | -742.12) [ 0 7 11 26 16 31 ]
(427.62 | 250.64) [ 0 3 4 19 18 31 ]
(367.57 | 252.86) [ 0 9 15 10 24 22 31 ]
(470.13 | 303.64) [ 0 8 5 6 13 28 23 20 31 ]
(611.32 | 271.51) [ 0 2 1 25 21 17 31 ]
(506.55 | 292.73) [ 0 12 14 30 29 27 31 ]


3021.26
(518.30 | -3243.87) [ 0 11 7 16 26 31 ]
(407.97 | -1995.52) [ 0 3 1 22 18 31 ]
(626.85 | 50.30) [ 0 2 4 12 17 21 19 31 ]
(394.36 | 305.82) [ 0 10 15 9 24 25 31 ]
(503.65 | 267.70) [ 0 14 30 29 27 31 ]
(470.13 | 293.91) [ 0 8 5 6 13 28 23 20 31 ]


3033.48
(386.32 | 386.32) [ 0 3 18 31 ]
(527.28 | 109.68) [ 0 1 2 4 23 28 19 31 ]
(375.51 | 193.72) [ 0 9 7 24 22 31 ]
(504.04 | 220.33) [ 0 13 15 11 26 16 31 ]
(525.77 | 154.72) [ 0 14 12 27 29 30 20 31 ]
(594.57 | 292.61) [ 0 10 6 5 8 25 21 17 31 ]


3032.05
(502.68 | -3774.37) [ 0 11 10 26 16 31 ]
(582.05 | -219.68) [ 0 8 5 15 14 27 29 30 20 31 ]
(617.81 | -129.12) [ 0 1 2 4 17 21 25 31 ]
(375.97 | 258.76) [ 0 6 7 22 19 31 ]
(424.08 | 266.40) [ 0 12 9 13 28 23 31 ]
(389.47 | 324.56) [ 0 3 24 18 31 ]


3040.88
(386.32 | 750.15) [ 0 3 18 31 ]
(520.40 | -56.90) [ 0 5 6 7 22 28 23 20 31 ]
(512.75 | -268.18) [ 0 8 15 11 16 26 31 ]
(619.13 | -131.49) [ 0 4 2 1 19 21 17 31 ]
(395.75 | 272.56) [ 0 13 9 10 25 24 31 ]
(506.55 | 249.45) [ 0 12 14 30 29 27 31 ]


3029.67
(433.24 | -5990.40) [ 0 14 3 22 18 31 ]
(507.95 | -117.12) [ 0 12 20 30 29 27 31 ]
(518.33 | 265.59) [ 0 11 5 7 16 26 31 ]
(619.13 | 229.18) [ 0 1 2 4 17 21 19 31 ]
(394.36 | 285.68) [ 0 10 15 9 25 24 31 ]
(436.66 | 297.67) [ 0 8 6 13 28 23 31 ]


2976.79
(536.93 | -8141.57) [ 0 4 2 1 16 26 31 ]
(392.88 | 92.65) [ 0 3 22 18 31 ]
(594.45 | 218.17) [ 0 15 10 6 25 21 17 31 ]
(506.55 | 211.23) [ 0 12 14 30 29 27 31 ]
(372.07 | 261.50) [ 0 11 9 24 19 31 ]
(473.91 | 319.74) [ 0 7 5 8 13 28 23 20 31 ]


3029.53
(429.83 | -16207.94) [ 0 3 14 24 18 31 ]
(507.95 | -867.05) [ 0 12 20 30 29 27 31 ]
(619.13 | 168.92) [ 0 1 2 4 19 21 17 31 ]
(502.69 | 159.25) [ 0 11 9 16 26 31 ]
(413.21 | 163.81) [ 0 15 10 7 22 25 31 ]
(436.71 | 287.49) [ 0 13 6 5 8 28 23 31 ]


3048.24
(483.67 | -672.93) [ 0 9 13 24 28 23 31 ]
(530.45 | -452.88) [ 0 2 1 26 16 31 ]
(427.62 | 229.50) [ 0 3 4 19 18 31 ]
(585.33 | 276.29) [ 0 12 15 5 14 27 29 30 20 31 ]
(366.65 | 292.75) [ 0 11 7 22 31 ]
(594.52 | 290.00) [ 0 8 6 10 25 21 17 31 ]


2988.48
(375.51 | 91.34) [ 0 7 9 24 22 31 ]
(530.45 | 164.07) [ 0 2 1 26 16 31 ]
(427.62 | 156.82) [ 0 3 4 19 18 31 ]
(434.56 | 268.50) [ 0 11 15 13 23 28 31 ]
(594.57 | 266.07) [ 0 8 5 6 10 25 21 17 31 ]
(525.77 | 273.27) [ 0 12 14 20 30 29 27 31 ]


3014.07
(592.49 | -15854.64) [ 0 1 11 16 26 31 ]
(517.78 | 52.16) [ 0 12 25 21 17 31 ]
(583.68 | -111.08) [ 0 5 10 15 14 27 29 30 20 31 ]
(375.51 | 289.71) [ 0 9 7 22 24 31 ]
(427.95 | 281.86) [ 0 3 2 4 19 18 31 ]
(436.66 | 312.99) [ 0 13 6 8 23 28 31 ]


3017.07
(592.49 | -11252.92) [ 0 1 11 26 16 31 ]
(594.27 | -51.45) [ 0 10 6 5 17 21 25 31 ]
(375.51 | 286.34) [ 0 7 9 24 22 31 ]
(427.95 | 272.85) [ 0 4 2 3 19 18 31 ]
(525.77 | 255.79) [ 0 12 14 27 29 30 20 31 ]
(441.08 | 305.64) [ 0 8 15 13 28 23 31 ]


3016.05
(368.41 | 60.17) [ 0 11 9 24 22 31 ]
(595.77 | -56.47) [ 0 15 10 6 19 21 17 31 ]
(414.48 | 299.13) [ 0 3 25 18 31 ]
(536.93 | 288.05) [ 0 4 2 1 16 26 31 ]
(506.55 | 283.50) [ 0 12 14 30 29 27 31 ]
(473.91 | 318.82) [ 0 7 5 8 13 28 23 20 31 ]


