2921.89
(326.97 | 326.97) [ 0 13 28 31 ]
(516.65 | -2105.04) [ 0 1 4 19 26 16 31 ]
(654.02 | 149.71) [ 0 9 6 7 30 24 21 31 ]
(522.03 | 216.88) [ 0 3 2 18 17 25 22 31 ]
(308.35 | 284.73) [ 0 15 10 14 11 29 31 ]
(513.87 | 277.69) [ 0 12 5 8 23 27 20 31 ]


2920.97
(251.32 | 271.32) [ 0 13 29 31 ]
(420.28 | 564.16) [ 0 1 16 31 ]
(435.82 | 99.78) [ 0 3 4 2 19 18 28 31 ]
(505.44 | 212.34) [ 0 12 9 8 20 27 23 31 ]
(602.80 | 233.09) [ 0 5 6 7 24 21 22 31 ]
(605.32 | 294.43) [ 0 15 10 14 11 25 17 30 26 31 ]


2944.49
(316.64 | 336.64) [ 0 11 19 31 ]
(586.07 | 09.11) [ 0 5 12 13 20 27 28 31 ]
(637.78 | 237.54) [ 0 7 6 8 15 21 24 30 31 ]
(526.12 | 255.94) [ 0 2 4 3 22 25 17 18 31 ]
(452.41 | 282.45) [ 0 1 26 16 23 31 ]
(305.48 | 271.31) [ 0 9 14 10 29 31 ]


2918.01
(379.24 | 399.24) [ 0 6 19 31 ]
(498.99 | 26.60) [ 0 11 12 14 13 16 26 28 31 ]
(592.61 | 217.89) [ 0 9 10 15 21 24 30 31 ]
(526.12 | 241.93) [ 0 2 4 3 18 17 25 22 31 ]
(492.29 | 273.97) [ 0 7 5 8 20 27 23 31 ]
(288.75 | 280.83) [ 0 1 29 31 ]


2947.58
(251.32 | 271.32) [ 0 13 29 31 ]
(449.23 | 635.69) [ 0 2 16 31 ]
(626.39 | 229.57) [ 0 7 6 9 22 21 24 31 ]
(421.44 | 233.82) [ 0 1 4 3 28 18 19 31 ]
(605.32 | 253.87) [ 0 11 14 10 15 25 17 30 26 31 ]
(513.87 | 284.17) [ 0 8 5 12 20 27 23 31 ]


2926.04
(326.97 | 326.97) [ 0 13 28 31 ]
(352.99 | 649.14) [ 0 4 19 31 ]
(522.32 | -56.48) [ 0 2 3 1 22 25 17 18 31 ]
(455.41 | 97.64) [ 0 12 14 9 29 16 27 31 ]
(530.57 | 159.93) [ 0 11 10 5 26 23 20 31 ]
(637.78 | 248.52) [ 0 7 6 8 15 21 24 30 31 ]


2924.90
(326.97 | 326.97) [ 0 13 28 31 ]
(328.16 | 527.66) [ 0 1 19 31 ]
(511.52 | -497.61) [ 0 14 10 5 20 16 29 31 ]
(637.78 | -789.44) [ 0 7 6 8 15 21 24 30 31 ]
(526.12 | 116.69) [ 0 3 4 2 22 25 17 18 31 ]
(474.35 | 244.00) [ 0 11 12 9 27 23 26 31 ]


2923.95
(326.97 | 326.97) [ 0 13 28 31 ]
(352.99 | 480.24) [ 0 4 19 31 ]
(509.57 | 118.94) [ 0 5 10 14 29 23 20 31 ]
(474.32 | 215.33) [ 0 11 12 9 26 16 27 31 ]
(522.32 | 288.49) [ 0 1 3 2 18 17 25 22 31 ]
(637.78 | 288.88) [ 0 7 6 8 15 21 24 30 31 ]


2953.65
(251.32 | 251.32) [ 0 13 29 31 ]
(552.52 | -2158.48) [ 0 2 3 16 26 28 18 31 ]
(539.79 | 201.94) [ 0 7 6 5 25 17 22 31 ]
(590.48 | 198.80) [ 0 15 9 14 11 21 24 30 31 ]
(506.26 | 210.63) [ 0 8 10 12 20 27 23 31 ]
(353.28 | 274.56) [ 0 4 1 19 31 ]


2960.23
(379.70 | 399.70) [ 0 13 20 31 ]
(354.56 | -3564.12) [ 0 12 9 8 29 31 ]
(602.80 | 185.02) [ 0 5 6 7 24 21 22 31 ]
(435.82 | 211.31) [ 0 3 4 2 28 18 19 31 ]
(442.02 | 283.36) [ 0 1 16 23 27 31 ]
(605.32 | 258.05) [ 0 15 10 14 11 25 17 30 26 31 ]


2943.99
(359.27 | 182.49) [ 0 5 10 14 29 31 ]
(367.68 | 206.62) [ 0 2 4 3 19 31 ]
(472.55 | 284.38) [ 0 13 28 27 20 31 ]
(452.41 | 295.53) [ 0 1 26 16 23 31 ]
(540.03 | 287.65) [ 0 7 6 8 22 25 17 18 31 ]
(592.04 | 254.74) [ 0 15 9 12 11 21 24 30 31 ]


2955.34
(352.99 | 352.99) [ 0 4 19 31 ]
(326.97 | 326.97) [ 0 13 28 31 ]
(463.10 | -75329.22) [ 0 12 14 9 15 27 16 29 31 ]
(580.58 | -797.84) [ 0 1 3 2 25 17 30 18 31 ]
(530.57 | 274.71) [ 0 5 10 11 26 23 20 31 ]
(601.13 | 276.01) [ 0 8 6 7 24 21 22 31 ]


2933.00
(382.85 | 402.85) [ 0 13 16 31 ]
(626.39 | -307.63) [ 0 7 6 9 24 21 22 31 ]
(435.82 | 105.97) [ 0 2 4 3 19 18 28 31 ]
(513.87 | 166.48) [ 0 12 5 8 20 27 23 31 ]
(605.32 | 211.17) [ 0 15 10 14 11 25 17 30 26 31 ]
(288.75 | 289.90) [ 0 1 29 31 ]


2908.21
(505.01 | -70.49) [ 0 5 10 14 20 23 31 ]
(637.78 | 218.80) [ 0 15 8 6 7 21 24 30 31 ]
(526.12 | 258.36) [ 0 2 4 3 18 17 25 22 31 ]
(336.22 | 233.61) [ 0 13 19 28 31 ]
(474.32 | 214.58) [ 0 9 12 11 26 16 27 31 ]
(288.75 | 285.26) [ 0 1 29 31 ]


2922.65
(522.03 | -2805.60) [ 0 2 3 22 25 17 18 31 ]
(496.11 | -1537.04) [ 0 7 6 5 20 16 29 31 ]
(326.97 | 242.16) [ 0 13 28 31 ]
(353.28 | 250.79) [ 0 1 4 19 31 ]
(531.65 | 103.88) [ 0 11 12 14 8 27 23 26 31 ]
(592.61 | 238.91) [ 0 9 10 15 21 24 30 31 ]


2900.40
(290.73 | 310.73) [ 0 13 19 31 ]
(487.33 | -90.73) [ 0 1 28 26 16 31 ]
(654.02 | 200.24) [ 0 7 6 9 21 24 30 31 ]
(526.12 | 190.31) [ 0 2 4 3 18 17 25 22 31 ]
(308.35 | 245.11) [ 0 15 10 14 11 29 31 ]
(513.87 | 244.97) [ 0 12 5 8 20 27 23 31 ]


2922.85
(288.75 | 412.17) [ 0 1 29 31 ]
(465.58 | 248.85) [ 0 13 20 26 28 31 ]
(508.65 | 209.94) [ 0 12 10 8 16 23 27 31 ]
(541.70 | 284.03) [ 0 7 6 5 18 17 25 22 31 ]
(590.48 | 276.70) [ 0 15 9 14 11 21 24 30 31 ]
(367.68 | 287.67) [ 0 3 4 2 19 31 ]


2954.51
(299.12 | -5394.52) [ 0 12 14 9 29 31 ]
(501.16 | -5215.81) [ 0 13 11 28 27 20 31 ]
(559.91 | -15.82) [ 0 10 5 7 22 25 17 18 31 ]
(367.68 | 167.79) [ 0 3 4 2 19 31 ]
(634.24 | 283.06) [ 0 8 6 15 21 24 30 31 ]
(452.41 | 300.53) [ 0 1 23 16 26 31 ]


2909.05
(290.73 | 290.73) [ 0 13 19 31 ]
(507.98 | 07.11) [ 0 5 10 11 20 27 23 31 ]
(637.78 | -2.64) [ 0 7 6 8 15 21 24 30 31 ]
(487.33 | 259.68) [ 0 1 16 26 28 31 ]
(526.12 | 277.58) [ 0 3 4 2 18 17 25 22 31 ]
(299.12 | 296.65) [ 0 12 14 9 29 31 ]


2944.49
(328.16 | 533.63) [ 0 1 19 31 ]
(586.07 | -423.80) [ 0 13 12 5 28 27 20 31 ]
(637.78 | 238.03) [ 0 7 6 8 15 21 24 30 31 ]
(305.48 | 251.52) [ 0 10 14 9 29 31 ]
(440.89 | 292.68) [ 0 11 26 16 23 31 ]
(526.12 | 284.46) [ 0 2 4 3 22 25 17 18 31 ]


2943.04
(367.68 | -1762.09) [ 0 2 4 3 19 31 ]
(320.51 | 340.51) [ 0 8 29 31 ]
(585.02 | -97.20) [ 0 9 10 15 30 24 25 31 ]
(521.64 | 158.19) [ 0 13 14 12 11 28 27 20 31 ]
(575.78 | 243.28) [ 0 7 6 5 18 17 21 22 31 ]
(452.41 | 282.84) [ 0 1 26 16 23 31 ]


2936.29
(420.28 | 746.75) [ 0 1 16 31 ]
(299.12 | -1431.77) [ 0 12 14 9 29 31 ]
(402.20 | 123.29) [ 0 13 20 27 23 31 ]
(602.80 | 258.19) [ 0 5 6 7 24 21 22 31 ]
(656.09 | 257.99) [ 0 11 10 8 15 25 17 30 26 31 ]
(435.82 | 274.67) [ 0 2 4 3 19 18 28 31 ]


2945.22
(326.97 | 326.97) [ 0 13 28 31 ]
(531.05 | -8909.96) [ 0 2 4 3 19 26 16 31 ]
(506.26 | -151.52) [ 0 8 10 12 20 27 23 31 ]
(541.70 | 81.20) [ 0 7 6 5 18 17 25 22 31 ]
(590.48 | 242.34) [ 0 11 14 9 15 21 24 30 31 ]
(288.75 | 291.20) [ 0 1 29 31 ]


2898.80
(367.68 | -2002.75) [ 0 2 4 3 19 31 ]
(251.32 | 251.32) [ 0 13 29 31 ]
(487.33 | -93.05) [ 0 1 28 26 16 31 ]
(585.02 | 226.45) [ 0 9 10 15 25 24 30 31 ]
(513.34 | 174.88) [ 0 5 14 12 11 20 27 23 31 ]
(574.11 | 260.79) [ 0 7 6 8 22 21 17 18 31 ]


2920.85
(326.97 | 326.97) [ 0 13 28 31 ]
(491.53 | -1165.09) [ 0 1 19 26 16 31 ]
(654.02 | -150.83) [ 0 9 6 7 21 24 30 31 ]
(513.87 | 190.42) [ 0 12 5 8 20 27 23 31 ]
(526.12 | 251.22) [ 0 3 4 2 18 17 25 22 31 ]
(308.35 | 264.02) [ 0 11 14 10 15 29 31 ]


2949.86
(326.97 | 326.97) [ 0 13 28 31 ]
(516.36 | -1703.54) [ 0 4 19 26 16 31 ]
(522.32 | -265.62) [ 0 2 3 1 18 17 25 22 31 ]
(505.44 | -301.28) [ 0 12 9 8 20 27 23 31 ]
(630.43 | 255.08) [ 0 5 6 7 21 24 30 31 ]
(308.35 | 284.56) [ 0 15 10 14 11 29 31 ]


2898.80
(251.32 | 271.32) [ 0 13 29 31 ]
(574.11 | -764.88) [ 0 8 6 7 22 21 17 18 31 ]
(487.33 | 106.72) [ 0 1 28 26 16 31 ]
(585.02 | 156.35) [ 0 9 10 15 30 24 25 31 ]
(513.34 | 209.64) [ 0 11 12 14 5 20 27 23 31 ]
(367.68 | 290.85) [ 0 3 4 2 19 31 ]


2924.90
(511.52 | 105.14) [ 0 5 10 14 20 16 29 31 ]
(637.78 | 322.38) [ 0 15 8 6 7 21 24 30 31 ]
(326.97 | 286.65) [ 0 13 28 31 ]
(328.16 | 332.69) [ 0 1 19 31 ]
(474.35 | 338.25) [ 0 11 12 9 27 23 26 31 ]
(526.12 | 264.03) [ 0 3 4 2 22 25 17 18 31 ]


2936.99
(363.01 | -609.84) [ 0 6 10 29 31 ]
(593.37 | -2.61) [ 0 12 14 9 15 21 24 30 31 ]
(502.16 | 191.08) [ 0 1 3 22 25 17 18 31 ]
(478.51 | 184.73) [ 0 13 11 28 26 16 31 ]
(367.65 | 262.32) [ 0 4 2 19 31 ]
(492.29 | 272.64) [ 0 7 5 8 20 27 23 31 ]


2904.77
(290.73 | 310.73) [ 0 13 19 31 ]
(487.33 | -2683.76) [ 0 1 28 26 16 31 ]
(526.12 | -683.05) [ 0 2 4 3 18 17 25 22 31 ]
(630.43 | -433.81) [ 0 5 6 7 21 24 30 31 ]
(506.26 | 216.23) [ 0 8 10 12 20 27 23 31 ]
(303.92 | 277.59) [ 0 15 9 14 11 29 31 ]


2920.97
(251.32 | 271.32) [ 0 13 29 31 ]
(420.28 | 616.80) [ 0 1 16 31 ]
(602.80 | -25992.25) [ 0 7 6 5 24 21 22 31 ]
(605.32 | 171.07) [ 0 11 14 10 15 26 30 17 25 31 ]
(505.44 | 51.35) [ 0 8 9 12 20 27 23 31 ]
(435.82 | 282.67) [ 0 3 4 2 19 18 28 31 ]


2954.80
(379.70 | 399.70) [ 0 13 20 31 ]
(317.71 | 523.89) [ 0 2 29 31 ]
(507.83 | -143.32) [ 0 8 9 12 27 23 16 31 ]
(421.44 | 217.19) [ 0 1 4 3 19 18 28 31 ]
(605.32 | 203.17) [ 0 11 14 10 15 25 17 30 26 31 ]
(602.80 | 267.64) [ 0 5 6 7 24 21 22 31 ]


2943.04
(320.51 | 320.51) [ 0 8 29 31 ]
(521.64 | -2180.99) [ 0 11 12 14 13 20 27 28 31 ]
(585.02 | 196.69) [ 0 9 10 15 25 24 30 31 ]
(367.68 | 209.36) [ 0 3 4 2 19 31 ]
(575.78 | 270.64) [ 0 5 6 7 22 21 17 18 31 ]
(452.41 | 272.12) [ 0 1 23 16 26 31 ]


2914.46
(367.68 | -1852.77) [ 0 2 4 3 19 31 ]
(288.75 | 515.60) [ 0 1 29 31 ]
(457.86 | -468.59) [ 0 13 23 16 28 31 ]
(541.03 | -3.46) [ 0 5 14 12 11 20 27 26 31 ]
(585.02 | 38.86) [ 0 9 10 15 30 24 25 31 ]
(574.11 | 186.60) [ 0 8 6 7 22 21 17 18 31 ]


2926.57
(251.32 | 271.32) [ 0 13 29 31 ]
(626.39 | -1764.16) [ 0 9 6 7 22 21 24 31 ]
(513.87 | 161.28) [ 0 8 5 12 20 27 23 31 ]
(502.88 | 273.58) [ 0 1 3 16 26 28 31 ]
(367.65 | 279.03) [ 0 4 2 19 31 ]
(564.45 | 286.57) [ 0 11 14 10 15 25 17 30 18 31 ]


2938.52
(359.91 | 441.80) [ 0 8 19 31 ]
(442.02 | -76.50) [ 0 1 16 23 27 31 ]
(520.93 | 141.54) [ 0 11 10 15 13 20 26 28 31 ]
(526.12 | 215.74) [ 0 3 4 2 18 17 25 22 31 ]
(630.43 | 266.19) [ 0 5 6 7 21 24 30 31 ]
(299.12 | 283.95) [ 0 12 14 9 29 31 ]


2920.85
(326.97 | 326.97) [ 0 13 28 31 ]
(491.53 | -3694.20) [ 0 1 19 26 16 31 ]
(526.12 | -77.62) [ 0 3 4 2 18 17 25 22 31 ]
(654.02 | 244.58) [ 0 7 6 9 30 24 21 31 ]
(308.35 | 268.63) [ 0 15 10 14 11 29 31 ]
(513.87 | 284.10) [ 0 8 5 12 23 27 20 31 ]


2939.80
(326.97 | 326.97) [ 0 13 28 31 ]
(515.55 | -366.94) [ 0 2 22 25 17 18 31 ]
(630.43 | -92.99) [ 0 5 6 7 21 24 30 31 ]
(516.68 | 32.69) [ 0 3 4 1 19 26 16 31 ]
(506.26 | 238.83) [ 0 8 10 12 23 27 20 31 ]
(303.92 | 255.08) [ 0 15 9 14 11 29 31 ]


2943.04
(320.51 | 340.51) [ 0 8 29 31 ]
(521.64 | 184.70) [ 0 13 14 12 11 20 27 28 31 ]
(575.78 | 129.35) [ 0 5 6 7 18 17 21 22 31 ]
(585.02 | 265.52) [ 0 9 10 15 30 24 25 31 ]
(367.68 | 284.13) [ 0 2 4 3 19 31 ]
(452.41 | 288.60) [ 0 1 26 16 23 31 ]


2949.14
(326.97 | 326.97) [ 0 13 28 31 ]
(575.78 | -5145.66) [ 0 7 6 5 18 17 21 22 31 ]
(476.44 | -1205.76) [ 0 2 3 29 16 20 31 ]
(353.28 | 271.04) [ 0 1 4 19 31 ]
(585.02 | 257.58) [ 0 15 10 9 25 24 30 31 ]
(531.65 | 248.28) [ 0 8 14 12 11 26 23 27 31 ]


2936.15
(367.68 | -2096.57) [ 0 2 4 3 19 31 ]
(326.97 | 326.97) [ 0 13 28 31 ]
(494.76 | 69.94) [ 0 5 6 20 27 29 31 ]
(562.29 | 271.13) [ 0 14 10 8 7 18 17 25 22 31 ]
(452.41 | 282.01) [ 0 1 26 16 23 31 ]
(592.04 | 272.60) [ 0 15 9 12 11 30 24 21 31 ]


2933.00
(382.85 | 402.85) [ 0 13 16 31 ]
(626.39 | 188.96) [ 0 7 6 9 22 21 24 31 ]
(435.82 | 239.88) [ 0 2 4 3 28 18 19 31 ]
(513.87 | 240.89) [ 0 12 5 8 20 27 23 31 ]
(605.32 | 252.49) [ 0 15 10 14 11 25 17 30 26 31 ]
(288.75 | 286.56) [ 0 1 29 31 ]


2958.47
(295.76 | 295.76) [ 0 14 29 31 ]
(328.16 | 401.40) [ 0 1 19 31 ]
(553.96 | 123.30) [ 0 8 10 13 28 16 23 31 ]
(522.43 | 253.07) [ 0 7 6 5 20 27 26 31 ]
(526.12 | 255.86) [ 0 3 4 2 18 17 25 22 31 ]
(592.04 | 268.42) [ 0 15 9 12 11 21 24 30 31 ]


2925.68
(320.51 | 340.51) [ 0 8 29 31 ]
(575.78 | -18.67) [ 0 5 6 7 22 21 17 18 31 ]
(585.02 | 192.09) [ 0 9 10 15 30 24 25 31 ]
(514.67 | 250.61) [ 0 13 14 12 11 20 26 28 31 ]
(367.68 | 243.35) [ 0 3 4 2 19 31 ]
(442.02 | 264.97) [ 0 1 16 23 27 31 ]


2936.42
(290.73 | 310.73) [ 0 13 19 31 ]
(359.34 | -3398.27) [ 0 5 14 9 29 31 ]
(495.29 | -2233.89) [ 0 1 28 16 23 31 ]
(526.12 | 63.58) [ 0 3 4 2 18 17 25 22 31 ]
(637.78 | 248.53) [ 0 7 6 8 15 21 24 30 31 ]
(487.16 | 214.95) [ 0 10 12 11 26 27 20 31 ]


2898.80
(288.75 | 358.09) [ 0 1 29 31 ]
(449.90 | 118.21) [ 0 13 16 26 28 31 ]
(585.02 | 169.61) [ 0 15 10 9 30 24 25 31 ]
(367.68 | 258.05) [ 0 2 4 3 19 31 ]
(513.34 | 172.97) [ 0 5 14 12 11 23 27 20 31 ]
(574.11 | 296.61) [ 0 8 6 7 18 17 21 22 31 ]


2898.80
(251.32 | 271.32) [ 0 13 29 31 ]
(513.34 | 200.46) [ 0 5 14 12 11 23 27 20 31 ]
(585.02 | 265.00) [ 0 15 10 9 30 24 25 31 ]
(487.33 | 268.44) [ 0 1 16 26 28 31 ]
(574.11 | 250.79) [ 0 8 6 7 22 21 17 18 31 ]
(367.68 | 266.10) [ 0 3 4 2 19 31 ]


2929.89
(290.73 | 310.73) [ 0 13 19 31 ]
(510.15 | 204.99) [ 0 5 10 14 20 27 23 31 ]
(496.36 | 261.03) [ 0 9 12 11 28 26 16 31 ]
(637.78 | 265.01) [ 0 15 8 6 7 21 24 30 31 ]
(526.12 | 281.25) [ 0 3 4 2 22 25 17 18 31 ]
(288.75 | 277.91) [ 0 1 29 31 ]


2925.55
(290.73 | 310.73) [ 0 13 19 31 ]
(359.27 | -2204.18) [ 0 5 10 14 29 31 ]
(495.29 | -2.44) [ 0 1 28 16 23 31 ]
(526.12 | 197.16) [ 0 2 4 3 18 17 25 22 31 ]
(637.78 | 274.36) [ 0 7 6 8 15 21 24 30 31 ]
(476.36 | 263.49) [ 0 11 12 9 20 27 26 31 ]


2956.90
(326.97 | 326.97) [ 0 13 28 31 ]
(544.29 | -270.90) [ 0 5 6 16 26 19 31 ]
(518.16 | 39.29) [ 0 11 12 14 8 7 20 27 23 31 ]
(526.12 | 267.60) [ 0 3 4 2 22 25 17 18 31 ]
(592.61 | 289.66) [ 0 9 10 15 21 24 30 31 ]
(288.75 | 279.92) [ 0 1 29 31 ]


2925.81
(251.32 | 271.32) [ 0 13 29 31 ]
(522.03 | -316.97) [ 0 2 3 18 17 25 22 31 ]
(383.27 | 208.75) [ 0 5 6 7 19 31 ]
(506.26 | 31.25) [ 0 8 10 12 20 27 23 31 ]
(512.45 | 221.63) [ 0 4 1 16 26 28 31 ]
(590.48 | 254.33) [ 0 11 14 9 15 21 24 30 31 ]


2911.04
(288.75 | 830.05) [ 0 1 29 31 ]
(626.39 | -126.91) [ 0 7 6 9 22 21 24 31 ]
(564.45 | 177.09) [ 0 15 10 14 11 18 30 17 25 31 ]
(513.87 | 276.12) [ 0 12 5 8 23 27 20 31 ]
(449.90 | 285.23) [ 0 13 28 26 16 31 ]
(367.68 | 314.80) [ 0 2 4 3 19 31 ]


2900.40
(328.16 | 699.60) [ 0 1 19 31 ]
(513.87 | 83.28) [ 0 8 5 12 23 27 20 31 ]
(449.90 | 132.41) [ 0 13 16 26 28 31 ]
(654.02 | 211.15) [ 0 9 6 7 21 24 30 31 ]
(526.12 | 275.66) [ 0 3 4 2 22 25 17 18 31 ]
(308.35 | 263.43) [ 0 15 10 14 11 29 31 ]


2966.55
(442.02 | -1567.51) [ 0 1 27 23 16 31 ]
(584.46 | -1275.12) [ 0 9 14 10 30 24 25 31 ]
(529.64 | -191.68) [ 0 11 12 15 8 29 26 20 31 ]
(326.97 | 298.52) [ 0 13 28 31 ]
(575.78 | 225.33) [ 0 7 6 5 18 17 21 22 31 ]
(367.68 | 283.71) [ 0 3 4 2 19 31 ]


2985.22
(326.97 | 326.97) [ 0 13 28 31 ]
(558.16 | -8571.98) [ 0 8 10 12 16 26 19 31 ]
(526.12 | 206.27) [ 0 2 4 3 22 25 17 18 31 ]
(343.86 | 259.86) [ 0 5 6 7 29 31 ]
(439.63 | 300.17) [ 0 1 20 27 23 31 ]
(590.48 | 276.67) [ 0 11 14 9 15 21 24 30 31 ]


2939.74
(251.32 | 271.32) [ 0 13 29 31 ]
(352.99 | 583.06) [ 0 4 19 31 ]
(565.08 | -1115.89) [ 0 7 6 5 28 27 20 31 ]
(516.16 | -828.28) [ 0 11 14 10 8 23 16 26 31 ]
(591.86 | 232.21) [ 0 12 9 15 21 24 30 31 ]
(522.32 | 234.20) [ 0 2 3 1 22 25 17 18 31 ]


2898.80
(513.34 | 136.76) [ 0 5 14 12 11 20 27 23 31 ]
(574.11 | 258.51) [ 0 7 6 8 22 21 17 18 31 ]
(449.90 | 246.21) [ 0 13 28 26 16 31 ]
(585.02 | 263.25) [ 0 9 10 15 30 24 25 31 ]
(367.68 | 283.54) [ 0 3 4 2 19 31 ]
(288.75 | 280.02) [ 0 1 29 31 ]


2951.82
(290.73 | 310.73) [ 0 13 19 31 ]
(305.48 | -3255.38) [ 0 10 14 9 29 31 ]
(584.22 | 158.70) [ 0 8 5 12 20 27 28 31 ]
(652.87 | 218.30) [ 0 11 15 6 7 21 24 30 31 ]
(526.12 | 230.64) [ 0 3 4 2 22 25 17 18 31 ]
(452.41 | 279.30) [ 0 1 26 16 23 31 ]


2937.37
(420.28 | 737.49) [ 0 1 16 31 ]
(251.32 | 271.32) [ 0 13 29 31 ]
(600.89 | -557.66) [ 0 11 14 9 15 25 17 30 26 31 ]
(506.26 | -101.83) [ 0 8 10 12 20 27 23 31 ]
(602.80 | 122.16) [ 0 5 6 7 24 21 22 31 ]
(435.82 | 276.93) [ 0 2 4 3 19 18 28 31 ]


2906.61
(290.73 | 310.73) [ 0 13 19 31 ]
(493.02 | -233.08) [ 0 7 6 5 20 16 31 ]
(575.37 | 197.79) [ 0 11 12 14 8 27 23 26 28 31 ]
(592.61 | 271.48) [ 0 9 10 15 30 24 21 31 ]
(526.12 | 270.77) [ 0 3 4 2 22 25 17 18 31 ]
(288.75 | 283.69) [ 0 1 29 31 ]


2948.09
(326.97 | 326.97) [ 0 13 28 31 ]
(516.36 | -809.11) [ 0 4 19 26 16 31 ]
(343.86 | 221.03) [ 0 7 6 5 29 31 ]
(592.61 | 68.39) [ 0 15 10 9 21 24 30 31 ]
(522.32 | 218.14) [ 0 1 3 2 18 17 25 22 31 ]
(505.96 | 240.36) [ 0 8 14 12 11 23 27 20 31 ]


2929.59
(290.73 | 310.73) [ 0 13 19 31 ]
(359.27 | -1844.82) [ 0 5 10 14 29 31 ]
(512.45 | 144.73) [ 0 1 4 16 26 28 31 ]
(522.03 | 215.85) [ 0 2 3 22 25 17 18 31 ]
(493.06 | 137.95) [ 0 8 6 7 20 27 23 31 ]
(592.04 | 261.99) [ 0 11 12 9 15 21 24 30 31 ]


2926.46
(367.68 | -2008.31) [ 0 2 4 3 19 31 ]
(472.55 | -108.66) [ 0 13 20 27 28 31 ]
(299.12 | 242.07) [ 0 12 14 9 29 31 ]
(634.58 | 263.66) [ 0 15 5 6 21 24 30 31 ]
(560.12 | 249.47) [ 0 11 10 8 7 18 17 25 22 31 ]
(452.41 | 276.64) [ 0 1 23 16 26 31 ]


2923.15
(290.73 | 310.73) [ 0 13 19 31 ]
(288.75 | 495.92) [ 0 1 29 31 ]
(502.40 | 73.99) [ 0 11 9 10 28 26 16 31 ]
(520.90 | -140.67) [ 0 7 5 14 12 20 27 23 31 ]
(526.12 | 273.56) [ 0 3 4 2 18 17 25 22 31 ]
(634.24 | 268.97) [ 0 8 6 15 21 24 30 31 ]


2920.56
(290.73 | 290.73) [ 0 13 19 31 ]
(634.58 | -15833.67) [ 0 6 5 15 30 24 21 31 ]
(517.98 | -399.61) [ 0 12 14 8 7 23 27 20 31 ]
(502.40 | 238.78) [ 0 11 9 10 16 26 28 31 ]
(526.12 | 182.38) [ 0 2 4 3 18 17 25 22 31 ]
(288.75 | 293.80) [ 0 1 29 31 ]


2946.13
(326.97 | 326.97) [ 0 13 28 31 ]
(442.02 | -144.78) [ 0 1 16 23 27 31 ]
(473.85 | 125.05) [ 0 3 4 2 25 18 19 31 ]
(741.66 | 128.94) [ 0 11 9 5 15 20 26 30 24 31 ]
(308.42 | 140.27) [ 0 12 14 10 29 31 ]
(573.22 | 276.84) [ 0 7 6 8 22 21 17 31 ]


2930.93
(326.97 | 326.97) [ 0 13 28 31 ]
(522.03 | 93.47) [ 0 2 3 18 17 25 22 31 ]
(464.71 | 211.73) [ 0 10 14 12 27 16 29 31 ]
(654.02 | 204.31) [ 0 7 6 9 21 24 30 31 ]
(353.28 | 240.07) [ 0 1 4 19 31 ]
(529.92 | 283.97) [ 0 11 15 5 8 20 23 26 31 ]


2949.55
(326.97 | 326.97) [ 0 13 28 31 ]
(580.74 | -1284.53) [ 0 7 8 10 11 20 26 19 31 ]
(526.12 | 279.09) [ 0 3 4 2 18 17 25 22 31 ]
(442.02 | 273.97) [ 0 1 16 23 27 31 ]
(299.12 | 265.18) [ 0 9 14 12 29 31 ]
(634.58 | 282.11) [ 0 15 5 6 21 24 30 31 ]


2947.58
(251.32 | 271.32) [ 0 13 29 31 ]
(449.23 | 489.68) [ 0 2 16 31 ]
(626.39 | 215.22) [ 0 9 6 7 24 21 22 31 ]
(605.32 | 252.81) [ 0 11 14 10 15 25 17 30 26 31 ]
(421.44 | 277.35) [ 0 1 4 3 19 18 28 31 ]
(513.87 | 280.82) [ 0 12 5 8 23 27 20 31 ]


2933.00
(382.85 | 402.85) [ 0 13 16 31 ]
(626.39 | 15.06) [ 0 9 6 7 24 21 22 31 ]
(435.82 | 166.24) [ 0 2 4 3 19 18 28 31 ]
(513.87 | 229.39) [ 0 12 5 8 20 27 23 31 ]
(605.32 | 247.54) [ 0 15 10 14 11 25 17 30 26 31 ]
(288.75 | 291.90) [ 0 1 29 31 ]


2942.10
(353.31 | -1796.44) [ 0 1 4 3 19 31 ]
(317.71 | 328.89) [ 0 2 29 31 ]
(457.86 | -75.19) [ 0 13 28 16 23 31 ]
(476.36 | 212.17) [ 0 11 12 9 20 27 26 31 ]
(562.29 | 248.56) [ 0 7 8 10 14 18 17 25 22 31 ]
(634.58 | 276.60) [ 0 6 5 15 21 24 30 31 ]


2933.39
(295.76 | 295.76) [ 0 14 29 31 ]
(328.16 | 440.74) [ 0 1 19 31 ]
(526.12 | 191.73) [ 0 3 4 2 18 17 25 22 31 ]
(556.01 | 232.20) [ 0 8 12 11 13 16 26 28 31 ]
(494.73 | 257.48) [ 0 7 6 5 23 27 20 31 ]
(592.61 | 241.55) [ 0 15 10 9 21 24 30 31 ]


2953.11
(316.64 | 336.64) [ 0 11 19 31 ]
(357.62 | -6776.82) [ 0 8 14 12 13 29 31 ]
(526.12 | -458.66) [ 0 3 4 2 18 17 25 22 31 ]
(558.11 | 259.01) [ 0 7 6 5 20 26 28 31 ]
(592.61 | 254.62) [ 0 9 10 15 30 24 21 31 ]
(442.02 | 293.60) [ 0 1 16 23 27 31 ]


2945.22
(288.75 | 592.68) [ 0 1 29 31 ]
(541.70 | -54.80) [ 0 5 6 7 18 17 25 22 31 ]
(531.05 | -149.17) [ 0 2 4 3 16 26 19 31 ]
(590.48 | 41.36) [ 0 15 9 14 11 21 24 30 31 ]
(326.97 | 237.50) [ 0 13 28 31 ]
(506.26 | 271.79) [ 0 8 10 12 20 27 23 31 ]


2931.12
(290.73 | 310.73) [ 0 13 19 31 ]
(364.45 | -4032.98) [ 0 7 8 10 14 29 31 ]
(592.04 | 259.34) [ 0 11 12 9 15 21 24 30 31 ]
(555.76 | 274.69) [ 0 6 5 20 26 28 31 ]
(526.12 | 272.98) [ 0 2 4 3 22 25 17 18 31 ]
(442.02 | 280.60) [ 0 1 16 23 27 31 ]


2938.33
(367.68 | -1695.98) [ 0 3 4 2 19 31 ]
(560.02 | -3262.65) [ 0 13 5 28 27 20 31 ]
(585.02 | 175.06) [ 0 9 10 15 30 24 25 31 ]
(299.09 | 251.48) [ 0 11 12 14 29 31 ]
(574.11 | 277.21) [ 0 7 6 8 22 21 17 18 31 ]
(452.41 | 278.92) [ 0 1 26 16 23 31 ]


2913.00
(251.32 | 251.32) [ 0 13 29 31 ]
(420.28 | 801.93) [ 0 1 16 31 ]
(626.39 | -2776.75) [ 0 7 6 9 24 21 22 31 ]
(605.32 | -1263.67) [ 0 15 10 14 11 25 17 30 26 31 ]
(435.82 | 220.42) [ 0 2 4 3 19 18 28 31 ]
(513.87 | 232.76) [ 0 12 5 8 20 27 23 31 ]


2944.72
(455.28 | -1026.77) [ 0 12 14 10 20 27 31 ]
(650.73 | -215.31) [ 0 7 5 9 21 24 30 31 ]
(288.75 | 312.37) [ 0 1 29 31 ]
(527.61 | 247.98) [ 0 11 15 6 8 23 16 26 31 ]
(336.22 | 259.68) [ 0 13 19 28 31 ]
(526.12 | 264.70) [ 0 3 4 2 22 25 17 18 31 ]


2936.54
(353.31 | -1625.47) [ 0 3 4 1 19 31 ]
(317.71 | 435.20) [ 0 2 29 31 ]
(479.66 | -2148.22) [ 0 13 16 26 28 18 31 ]
(505.96 | 96.00) [ 0 8 14 12 11 20 27 23 31 ]
(574.89 | 236.50) [ 0 5 6 7 22 21 17 31 ]
(585.02 | 277.93) [ 0 9 10 15 30 24 25 31 ]


2922.37
(367.68 | -1910.58) [ 0 3 4 2 19 31 ]
(562.02 | -509.99) [ 0 15 30 24 21 31 ]
(506.26 | -93.50) [ 0 8 10 12 23 27 20 31 ]
(495.95 | 176.53) [ 0 11 14 9 13 28 26 16 31 ]
(541.70 | 229.45) [ 0 5 6 7 22 25 17 18 31 ]
(288.75 | 286.69) [ 0 1 29 31 ]


2917.43
(290.73 | 290.73) [ 0 13 19 31 ]
(305.48 | -4300.90) [ 0 10 14 9 29 31 ]
(522.03 | -371.96) [ 0 2 3 18 17 25 22 31 ]
(512.45 | 132.30) [ 0 1 4 16 26 28 31 ]
(652.87 | 140.91) [ 0 11 15 6 7 21 24 30 31 ]
(513.87 | 284.17) [ 0 8 5 12 20 27 23 31 ]


2927.52
(634.58 | -249.18) [ 0 6 5 15 30 24 21 31 ]
(457.86 | 154.41) [ 0 13 28 16 23 31 ]
(562.29 | -227.13) [ 0 7 8 10 14 22 25 17 18 31 ]
(367.68 | 184.18) [ 0 3 4 2 19 31 ]
(476.36 | 163.04) [ 0 11 12 9 20 27 26 31 ]
(288.75 | 269.92) [ 0 1 29 31 ]


2916.88
(367.68 | -1777.19) [ 0 2 4 3 19 31 ]
(251.32 | 271.32) [ 0 13 29 31 ]
(574.11 | -339.99) [ 0 8 6 7 18 17 21 22 31 ]
(576.72 | 129.81) [ 0 5 14 12 11 20 26 28 31 ]
(585.02 | 268.07) [ 0 15 10 9 25 24 30 31 ]
(442.02 | 266.37) [ 0 1 16 23 27 31 ]


2921.35
(290.73 | 310.73) [ 0 13 19 31 ]
(352.51 | -2746.87) [ 0 8 10 14 11 29 31 ]
(558.11 | 244.17) [ 0 5 6 7 20 26 28 31 ]
(526.12 | 218.92) [ 0 2 4 3 22 25 17 18 31 ]
(591.86 | 277.32) [ 0 15 9 12 21 24 30 31 ]
(442.02 | 288.20) [ 0 1 16 23 27 31 ]


2956.19
(359.34 | -960.01) [ 0 5 14 9 29 31 ]
(290.73 | 310.73) [ 0 13 19 31 ]
(529.82 | -47.27) [ 0 10 12 11 20 27 28 31 ]
(526.12 | 261.61) [ 0 2 4 3 18 17 25 22 31 ]
(637.78 | 287.02) [ 0 7 6 8 15 21 24 30 31 ]
(452.41 | 277.94) [ 0 1 23 16 26 31 ]


2922.85
(508.65 | 59.16) [ 0 8 10 12 16 23 27 31 ]
(558.11 | 176.85) [ 0 7 6 5 20 26 28 31 ]
(328.16 | 311.16) [ 0 1 19 31 ]
(590.48 | 323.76) [ 0 15 9 14 11 30 24 21 31 ]
(526.12 | 270.15) [ 0 2 4 3 18 17 25 22 31 ]
(251.32 | 289.66) [ 0 13 29 31 ]


2961.07
(290.73 | 310.73) [ 0 13 19 31 ]
(591.11 | -51.30) [ 0 12 5 7 20 27 28 31 ]
(368.09 | 222.44) [ 0 11 14 6 8 29 31 ]
(526.12 | 267.82) [ 0 2 4 3 18 17 25 22 31 ]
(592.61 | 273.26) [ 0 15 10 9 21 24 30 31 ]
(452.41 | 281.75) [ 0 1 23 16 26 31 ]


2930.57
(352.99 | 352.99) [ 0 4 19 31 ]
(491.49 | -3420.53) [ 0 9 13 28 26 16 31 ]
(652.39 | 154.62) [ 0 15 10 6 21 24 30 31 ]
(522.32 | 239.81) [ 0 2 3 1 22 25 17 18 31 ]
(492.29 | 266.10) [ 0 7 5 8 20 27 23 31 ]
(299.09 | 240.65) [ 0 11 12 14 29 31 ]


2933.82
(526.12 | -288.84) [ 0 3 4 2 18 17 25 22 31 ]
(465.58 | 290.81) [ 0 13 28 26 20 31 ]
(650.09 | 230.39) [ 0 11 9 5 15 21 24 30 31 ]
(381.60 | 279.51) [ 0 8 6 7 19 31 ]
(442.02 | 275.32) [ 0 1 16 23 27 31 ]
(308.42 | 280.81) [ 0 12 14 10 29 31 ]


2945.07
(290.73 | 310.73) [ 0 13 19 31 ]
(581.62 | -5876.15) [ 0 1 28 30 26 16 31 ]
(513.87 | -517.45) [ 0 8 5 12 20 27 23 31 ]
(626.39 | 220.91) [ 0 9 6 7 24 21 22 31 ]
(524.12 | 242.48) [ 0 3 4 2 18 17 25 31 ]
(308.35 | 261.80) [ 0 15 10 14 11 29 31 ]


2920.85
(326.97 | 326.97) [ 0 13 28 31 ]
(526.12 | -556.28) [ 0 2 4 3 22 25 17 18 31 ]
(654.02 | 204.97) [ 0 7 6 9 30 24 21 31 ]
(491.53 | 253.57) [ 0 1 19 26 16 31 ]
(308.35 | 276.90) [ 0 15 10 14 11 29 31 ]
(513.87 | 284.10) [ 0 12 5 8 23 27 20 31 ]


2916.84
(326.97 | 326.97) [ 0 13 28 31 ]
(491.53 | -1993.31) [ 0 1 19 26 16 31 ]
(652.87 | 208.58) [ 0 11 15 6 7 21 24 30 31 ]
(305.48 | 221.67) [ 0 9 14 10 29 31 ]
(526.12 | 264.02) [ 0 3 4 2 18 17 25 22 31 ]
(513.87 | 281.18) [ 0 8 5 12 20 27 23 31 ]


2924.90
(326.97 | 326.97) [ 0 13 28 31 ]
(328.16 | 850.32) [ 0 1 19 31 ]
(511.52 | -2943.13) [ 0 5 10 14 29 16 20 31 ]
(526.12 | 148.48) [ 0 3 4 2 22 25 17 18 31 ]
(474.35 | 265.07) [ 0 9 12 11 26 23 27 31 ]
(637.78 | 284.51) [ 0 7 6 8 15 21 24 30 31 ]


2927.52
(364.45 | 139.75) [ 0 7 8 10 14 29 31 ]
(526.12 | 188.30) [ 0 2 4 3 18 17 25 22 31 ]
(457.86 | 323.92) [ 0 13 28 16 23 31 ]
(634.58 | 330.66) [ 0 6 5 15 21 24 30 31 ]
(328.16 | 276.63) [ 0 1 19 31 ]
(476.36 | 282.28) [ 0 11 12 9 20 27 26 31 ]


2921.62
(326.97 | 326.97) [ 0 13 28 31 ]
(328.16 | 529.34) [ 0 1 19 31 ]
(496.11 | -225.38) [ 0 5 6 7 20 16 29 31 ]
(526.12 | -187.72) [ 0 2 4 3 22 25 17 18 31 ]
(531.65 | 164.79) [ 0 8 14 12 11 27 23 26 31 ]
(592.61 | 271.90) [ 0 9 10 15 21 24 30 31 ]


2944.48
(290.73 | 310.73) [ 0 13 19 31 ]
(578.33 | -1346.14) [ 0 11 10 5 28 27 20 31 ]
(637.78 | 194.72) [ 0 7 6 8 15 30 24 21 31 ]
(299.12 | 273.18) [ 0 9 14 12 29 31 ]
(526.12 | 268.75) [ 0 3 4 2 22 25 17 18 31 ]
(452.41 | 286.97) [ 0 1 23 16 26 31 ]


2966.46
(290.73 | 290.73) [ 0 13 19 31 ]
(583.50 | -7946.83) [ 0 7 8 10 11 28 27 20 31 ]
(634.58 | 64.20) [ 0 15 5 6 30 24 21 31 ]
(526.12 | 220.09) [ 0 3 4 2 18 17 25 22 31 ]
(299.12 | 262.61) [ 0 12 14 9 29 31 ]
(452.41 | 275.17) [ 0 1 26 16 23 31 ]


2937.79
(383.27 | -1739.47) [ 0 7 6 5 19 31 ]
(472.55 | -4640.43) [ 0 13 28 27 20 31 ]
(593.37 | -1490.22) [ 0 15 9 14 12 21 24 30 31 ]
(526.12 | 208.06) [ 0 2 4 3 18 17 25 22 31 ]
(513.74 | 264.51) [ 0 8 10 11 23 16 26 31 ]
(288.75 | 265.52) [ 0 1 29 31 ]


2893.10
(288.75 | 712.31) [ 0 1 29 31 ]
(575.78 | 160.84) [ 0 5 6 7 18 17 21 22 31 ]
(449.90 | 222.06) [ 0 13 28 26 16 31 ]
(505.96 | 291.42) [ 0 8 14 12 11 23 27 20 31 ]
(585.02 | 297.08) [ 0 9 10 15 30 24 25 31 ]
(367.68 | 298.41) [ 0 2 4 3 19 31 ]


2924.77
(290.73 | 310.73) [ 0 13 19 31 ]
(526.12 | 88.77) [ 0 2 4 3 22 25 17 18 31 ]
(506.26 | 249.92) [ 0 12 10 8 20 27 23 31 ]
(590.48 | 245.56) [ 0 11 14 9 15 30 24 21 31 ]
(542.43 | 236.67) [ 0 5 6 7 28 26 16 31 ]
(288.75 | 263.79) [ 0 1 29 31 ]


2929.89
(251.32 | 271.32) [ 0 13 29 31 ]
(328.16 | 429.44) [ 0 1 19 31 ]
(510.15 | 152.42) [ 0 5 10 14 20 27 23 31 ]
(637.78 | 186.69) [ 0 7 6 8 15 21 24 30 31 ]
(526.12 | 200.64) [ 0 2 4 3 18 17 25 22 31 ]
(496.36 | 235.40) [ 0 11 12 9 28 26 16 31 ]


