4841.38
(457.07 | -362.05) [ 0 15 29 59 45 61 ]
(583.03 | -392.47) [ 0 8 10 20 28 40 60 50 38 61 ]
(451.75 | -377.39) [ 0 13 14 22 44 43 52 61 ]
(435.51 | -303.07) [ 0 5 25 35 55 61 ]
(454.07 | 01.51) [ 0 30 12 9 42 58 39 61 ]
(525.27 | 05.51) [ 0 6 7 24 32 36 37 61 ]
(451.85 | 17.49) [ 0 23 21 18 48 54 53 61 ]
(451.51 | -126.25) [ 0 19 26 16 31 46 51 61 ]
(295.89 | -46.87) [ 0 17 11 27 47 41 57 61 ]
(575.43 | -56.10) [ 0 2 4 3 1 49 33 56 34 61 ]


4836.26
(435.51 | 04.78) [ 0 5 25 55 35 61 ]
(600.95 | -633.85) [ 0 8 10 12 30 38 50 60 40 61 ]
(575.43 | -223.07) [ 0 1 3 4 2 49 33 56 34 61 ]
(457.07 | -324.22) [ 0 15 29 45 59 61 ]
(459.32 | -60.57) [ 0 23 24 18 53 54 48 61 ]
(451.75 | -94.37) [ 0 22 14 13 52 43 44 61 ]
(443.65 | -83.97) [ 0 20 16 21 31 46 51 61 ]
(524.27 | -57.72) [ 0 9 7 6 37 36 32 61 ]
(295.89 | -41.39) [ 0 17 11 27 47 41 57 61 ]
(452.42 | -97.30) [ 0 19 26 28 39 58 42 61 ]


4992.42
(593.18 | -832.27) [ 0 19 15 22 49 33 56 52 61 ]
(470.47 | -487.14) [ 0 29 30 45 59 61 ]
(419.65 | -313.78) [ 0 21 27 16 46 35 61 ]
(452.81 | -167.58) [ 0 20 13 26 43 32 44 61 ]
(467.38 | -144.02) [ 0 5 23 48 54 53 61 ]
(445.43 | -145.94) [ 0 25 12 9 55 39 42 61 ]
(583.27 | -185.76) [ 0 8 10 28 18 40 60 50 38 61 ]
(514.73 | -186.84) [ 0 6 7 24 34 36 37 61 ]
(296.32 | -207.97) [ 0 14 11 17 57 41 47 61 ]
(469.19 | -192.29) [ 0 1 3 4 2 51 58 31 61 ]


4805.38
(469.19 | -573.78) [ 0 2 4 3 1 31 58 51 61 ]
(459.32 | -473.72) [ 0 18 24 23 48 54 53 61 ]
(435.51 | -223.26) [ 0 5 25 35 55 61 ]
(457.07 | -345.80) [ 0 29 15 45 59 61 ]
(451.75 | -316.61) [ 0 22 14 13 52 43 44 61 ]
(600.09 | -115.98) [ 0 30 20 10 8 40 60 50 38 61 ]
(528.45 | -121.53) [ 0 6 7 21 37 36 32 61 ]
(295.89 | -153.34) [ 0 17 11 27 47 41 57 61 ]
(445.53 | -246.94) [ 0 16 12 9 39 46 42 61 ]
(562.58 | -321.95) [ 0 19 26 28 49 33 56 34 61 ]


4919.27
(405.48 | -323.74) [ 0 25 11 8 41 55 61 ]
(422.09 | -65.44) [ 0 19 7 5 57 35 42 61 ]
(575.43 | -87.15) [ 0 1 3 4 2 34 56 33 49 61 ]
(593.73 | -300.05) [ 0 30 27 20 40 60 50 38 61 ]
(457.07 | -147.47) [ 0 15 29 45 59 61 ]
(459.32 | -171.49) [ 0 23 24 18 53 54 48 61 ]
(399.14 | -140.36) [ 0 9 16 17 39 46 47 61 ]
(449.32 | -105.92) [ 0 10 28 21 31 58 51 61 ]
(451.75 | -140.79) [ 0 22 14 13 44 43 52 61 ]
(525.94 | -184.91) [ 0 26 12 6 32 36 37 61 ]


4820.52
(403.39 | -332.70) [ 0 28 27 9 39 58 57 61 ]
(525.62 | -277.75) [ 0 19 7 5 37 36 52 61 ]
(426.25 | 24.59) [ 0 26 12 6 35 31 42 61 ]
(389.37 | -9.74) [ 0 17 21 25 51 55 47 61 ]
(449.87 | -188.91) [ 0 13 14 22 32 43 44 61 ]
(575.43 | -166.11) [ 0 2 4 3 1 34 56 33 49 61 ]
(457.07 | -191.88) [ 0 29 15 45 59 61 ]
(600.09 | -131.06) [ 0 30 20 10 8 40 60 50 38 61 ]
(394.13 | -77.59) [ 0 16 11 46 41 61 ]
(459.32 | -173.60) [ 0 23 24 18 53 54 48 61 ]


4795.90
(457.07 | -2638.18) [ 0 29 15 59 45 61 ]
(435.64 | -249.15) [ 0 5 16 35 46 61 ]
(459.32 | -326.14) [ 0 23 24 18 53 54 48 61 ]
(467.34 | -297.26) [ 0 2 4 3 1 39 58 31 61 ]
(451.75 | -365.73) [ 0 22 14 13 44 43 52 61 ]
(524.27 | 11.85) [ 0 6 7 9 32 36 37 61 ]
(600.09 | -110.18) [ 0 30 20 10 8 40 60 50 38 61 ]
(441.95 | -16.18) [ 0 21 12 25 51 55 42 61 ]
(295.89 | -51.74) [ 0 27 11 17 47 41 57 61 ]
(562.58 | -165.11) [ 0 28 26 19 34 56 33 49 61 ]


4859.56
(435.51 | -12037.62) [ 0 25 5 55 35 61 ]
(451.75 | -466.49) [ 0 22 14 13 52 43 44 61 ]
(465.29 | -466.43) [ 0 1 3 4 2 51 46 31 61 ]
(303.94 | -330.91) [ 0 27 11 8 17 57 41 47 61 ]
(444.24 | -126.97) [ 0 9 12 28 42 58 39 61 ]
(561.65 | -316.42) [ 0 16 26 19 34 56 33 49 61 ]
(578.94 | -394.75) [ 0 10 20 15 40 60 50 38 61 ]
(459.32 | -411.66) [ 0 23 24 18 48 54 53 61 ]
(470.47 | -288.77) [ 0 30 29 45 59 61 ]
(528.45 | -65.75) [ 0 6 7 21 32 36 37 61 ]


4853.61
(575.43 | -374.61) [ 0 2 4 3 1 49 33 56 34 61 ]
(445.42 | -784.04) [ 0 12 14 16 39 46 42 61 ]
(296.38 | -109.42) [ 0 17 11 9 57 41 47 61 ]
(457.07 | -88.35) [ 0 29 15 59 45 61 ]
(600.09 | -232.76) [ 0 8 10 20 30 38 50 60 40 61 ]
(459.32 | -266.55) [ 0 18 24 23 48 54 53 61 ]
(530.86 | -216.57) [ 0 27 7 6 37 36 32 61 ]
(435.51 | -211.61) [ 0 5 25 55 35 61 ]
(440.51 | -49.66) [ 0 21 28 22 31 58 51 61 ]
(453.04 | -94.78) [ 0 19 13 26 44 43 52 61 ]


4925.17
(608.09 | -448.82) [ 0 2 4 3 1 34 32 33 54 61 ]
(428.75 | -1122.57) [ 0 5 23 35 46 61 ]
(449.42 | -334.25) [ 0 27 14 13 52 43 44 61 ]
(457.07 | -453.70) [ 0 29 15 59 45 61 ]
(615.24 | -300.54) [ 0 10 7 30 37 40 60 61 ]
(441.95 | 04.28) [ 0 21 12 25 51 55 42 61 ]
(556.22 | 31.31) [ 0 19 6 26 36 56 49 61 ]
(439.73 | -176.79) [ 0 22 28 9 31 58 39 61 ]
(299.52 | -157.18) [ 0 24 11 17 57 41 47 61 ]
(509.19 | -222.94) [ 0 18 16 20 8 38 50 53 48 61 ]


4962.67
(450.80 | 29.14) [ 0 6 5 35 58 61 ]
(296.32 | -465.01) [ 0 14 11 17 57 41 47 61 ]
(450.91 | -366.40) [ 0 23 13 19 43 32 44 61 ]
(456.07 | -308.13) [ 0 15 28 59 45 61 ]
(454.26 | -405.50) [ 0 18 16 21 48 46 51 61 ]
(535.12 | -132.66) [ 0 7 26 22 37 36 52 61 ]
(511.17 | -274.65) [ 0 8 20 12 29 42 38 50 53 61 ]
(446.95 | -96.94) [ 0 9 25 27 31 39 55 61 ]
(575.43 | -107.61) [ 0 2 4 3 1 49 33 56 34 61 ]
(585.63 | -114.36) [ 0 30 24 10 40 60 54 61 ]


4824.66
(457.07 | -497.91) [ 0 29 15 45 59 61 ]
(392.30 | -310.60) [ 0 21 11 27 51 41 57 61 ]
(451.75 | -150.96) [ 0 13 14 22 44 43 52 61 ]
(589.53 | -100.95) [ 0 8 10 20 25 40 60 50 38 61 ]
(524.00 | -337.10) [ 0 19 7 5 37 36 32 61 ]
(459.32 | -417.60) [ 0 23 24 18 48 54 53 61 ]
(394.43 | -335.89) [ 0 17 9 30 39 55 47 61 ]
(575.43 | -87.84) [ 0 2 4 3 1 49 33 56 34 61 ]
(394.58 | -28.10) [ 0 16 28 58 46 61 ]
(426.25 | -52.20) [ 0 6 12 26 35 31 42 61 ]


4822.80
(457.07 | -1126.42) [ 0 29 15 45 59 61 ]
(435.51 | -376.70) [ 0 25 5 35 55 61 ]
(575.43 | -317.25) [ 0 1 3 4 2 49 33 56 34 61 ]
(534.82 | -379.16) [ 0 22 7 6 52 36 37 61 ]
(447.53 | -272.69) [ 0 27 14 13 44 43 32 61 ]
(459.32 | -96.54) [ 0 23 24 18 48 54 53 61 ]
(600.09 | -189.05) [ 0 8 10 20 30 40 60 50 38 61 ]
(296.38 | -112.98) [ 0 17 11 9 47 41 57 61 ]
(442.16 | -148.42) [ 0 21 12 16 51 46 42 61 ]
(454.49 | -113.89) [ 0 19 26 28 39 58 31 61 ]


4871.85
(435.51 | -627.27) [ 0 25 5 55 35 61 ]
(457.07 | -422.38) [ 0 29 15 59 45 61 ]
(644.93 | -251.94) [ 0 2 4 3 1 34 32 33 50 38 61 ]
(443.65 | -238.08) [ 0 21 16 20 31 46 51 61 ]
(556.22 | -260.90) [ 0 26 6 19 36 56 49 61 ]
(451.75 | -147.53) [ 0 22 14 13 44 43 52 61 ]
(303.94 | -4.01) [ 0 27 11 8 17 57 41 47 61 ]
(459.32 | -195.42) [ 0 18 24 23 53 54 48 61 ]
(444.24 | -290.05) [ 0 9 12 28 42 58 39 61 ]
(615.24 | -306.71) [ 0 10 7 30 37 40 60 61 ]


4797.72
(575.43 | -7182.33) [ 0 1 3 4 2 34 56 33 49 61 ]
(392.37 | -728.40) [ 0 28 25 55 58 61 ]
(457.07 | -162.11) [ 0 15 29 45 59 61 ]
(392.30 | -102.20) [ 0 21 11 27 57 41 51 61 ]
(451.75 | -28.88) [ 0 22 14 13 44 43 52 61 ]
(426.25 | 52.83) [ 0 6 12 26 35 31 42 61 ]
(600.09 | -181.76) [ 0 30 20 10 8 40 60 50 38 61 ]
(459.32 | -99.01) [ 0 18 24 23 53 54 48 61 ]
(524.00 | 15.16) [ 0 5 7 19 37 36 32 61 ]
(399.14 | -73.38) [ 0 17 16 9 39 46 47 61 ]


4934.38
(473.81 | -880.38) [ 0 5 29 45 59 61 ]
(389.30 | -892.18) [ 0 25 15 55 58 61 ]
(525.89 | -319.64) [ 0 9 7 6 52 36 37 61 ]
(412.31 | -296.22) [ 0 21 11 17 47 41 39 61 ]
(587.59 | -315.24) [ 0 8 10 20 26 40 60 50 38 61 ]
(410.93 | -202.43) [ 0 12 14 28 35 31 42 61 ]
(454.49 | -230.81) [ 0 30 19 13 43 32 44 61 ]
(459.32 | -240.39) [ 0 18 24 23 53 54 48 61 ]
(405.30 | -224.96) [ 0 16 22 27 51 46 57 61 ]
(575.43 | -175.20) [ 0 1 3 4 2 49 33 56 34 61 ]


4971.63
(435.85 | -549.17) [ 0 23 5 35 55 61 ]
(600.00 | -1183.80) [ 0 30 26 8 40 60 50 38 61 ]
(463.62 | -789.41) [ 0 24 28 22 53 54 48 61 ]
(453.99 | -233.54) [ 0 10 25 9 31 58 39 61 ]
(530.07 | -243.13) [ 0 21 7 6 52 36 37 61 ]
(457.07 | -220.24) [ 0 15 29 59 45 61 ]
(295.89 | -127.27) [ 0 27 11 17 47 41 57 61 ]
(458.10 | -50.02) [ 0 19 13 20 18 44 32 43 61 ]
(575.43 | -270.40) [ 0 2 4 3 1 49 33 56 34 61 ]
(441.61 | -174.77) [ 0 16 14 12 51 46 42 61 ]


4952.96
(450.80 | 01.98) [ 0 6 5 58 35 61 ]
(575.43 | -17104.46) [ 0 1 3 4 2 34 56 33 49 61 ]
(457.07 | -12413.20) [ 0 15 29 59 45 61 ]
(451.68 | -1176.30) [ 0 18 23 9 53 54 48 61 ]
(588.21 | -740.50) [ 0 14 19 30 40 60 50 38 61 ]
(456.43 | -95.63) [ 0 16 10 24 31 46 39 61 ]
(534.64 | -170.92) [ 0 7 28 22 37 36 52 61 ]
(452.81 | -69.19) [ 0 26 13 20 44 32 43 61 ]
(303.94 | -40.58) [ 0 17 8 11 27 47 41 57 61 ]
(441.95 | -157.13) [ 0 21 12 25 42 55 51 61 ]


4866.87
(412.83 | -187.83) [ 0 9 11 17 39 41 47 61 ]
(457.07 | -215.82) [ 0 29 15 45 59 61 ]
(575.43 | -215.51) [ 0 2 4 3 1 49 33 56 34 61 ]
(534.82 | -151.28) [ 0 22 7 6 52 36 37 61 ]
(599.72 | -148.47) [ 0 8 25 30 40 60 50 38 61 ]
(399.13 | -136.30) [ 0 19 26 16 55 46 61 ]
(459.32 | -196.66) [ 0 23 24 18 53 54 48 61 ]
(404.80 | -88.05) [ 0 28 27 21 51 58 57 61 ]
(454.97 | 37.75) [ 0 10 13 14 44 43 32 61 ]
(428.78 | 33.19) [ 0 5 12 20 35 31 42 61 ]


4864.81
(575.43 | -487.84) [ 0 1 3 4 2 49 33 56 34 61 ]
(441.37 | -169.62) [ 0 9 25 18 31 39 55 61 ]
(457.07 | -172.53) [ 0 29 15 59 45 61 ]
(431.26 | -106.68) [ 0 16 26 19 35 46 61 ]
(525.27 | -96.92) [ 0 24 7 6 32 36 37 61 ]
(583.03 | -98.38) [ 0 8 10 20 28 40 60 50 38 61 ]
(451.75 | -78.01) [ 0 13 14 22 52 43 44 61 ]
(456.35 | 72.96) [ 0 21 12 30 42 58 51 61 ]
(295.89 | -22.48) [ 0 27 11 17 47 41 57 61 ]
(467.38 | -287.87) [ 0 5 23 48 54 53 61 ]


4849.86
(435.51 | -951.35) [ 0 25 5 35 55 61 ]
(457.07 | -264.43) [ 0 15 29 45 59 61 ]
(575.43 | -262.83) [ 0 2 4 3 1 49 33 56 34 61 ]
(459.32 | -104.62) [ 0 23 24 18 48 54 53 61 ]
(439.73 | -51.25) [ 0 9 28 22 31 58 39 61 ]
(295.89 | -145.41) [ 0 27 11 17 57 41 47 61 ]
(602.27 | -181.04) [ 0 30 19 10 8 40 60 50 38 61 ]
(528.45 | -127.70) [ 0 21 7 6 37 36 32 61 ]
(451.38 | -131.69) [ 0 13 12 16 51 46 42 61 ]
(444.80 | -165.39) [ 0 20 14 26 44 43 52 61 ]


4931.49
(596.47 | -750.11) [ 0 19 13 20 18 40 60 50 38 61 ]
(455.50 | -174.91) [ 0 16 23 53 54 48 61 ]
(457.07 | -233.62) [ 0 29 15 45 59 61 ]
(404.80 | -270.21) [ 0 21 27 28 51 58 57 61 ]
(525.27 | -77.17) [ 0 24 7 6 32 36 37 61 ]
(424.69 | -67.63) [ 0 5 12 22 35 31 42 61 ]
(400.43 | -124.59) [ 0 17 9 30 39 46 47 61 ]
(405.48 | -122.39) [ 0 25 11 8 41 55 61 ]
(446.36 | -121.64) [ 0 10 14 26 52 43 44 61 ]
(575.43 | -161.12) [ 0 1 3 4 2 49 33 56 34 61 ]


4885.49
(586.85 | -485.75) [ 0 5 30 40 60 50 38 61 ]
(457.07 | -736.32) [ 0 29 15 59 45 61 ]
(459.15 | -884.62) [ 0 25 7 10 55 35 61 ]
(598.17 | -371.93) [ 0 2 4 3 1 33 37 32 34 61 ]
(447.49 | -159.27) [ 0 21 28 20 31 58 51 61 ]
(303.94 | -191.63) [ 0 17 8 11 27 57 41 47 61 ]
(459.32 | -265.16) [ 0 23 24 18 53 54 48 61 ]
(445.53 | -247.56) [ 0 16 12 9 42 46 39 61 ]
(556.22 | -283.44) [ 0 26 6 19 49 56 36 61 ]
(451.75 | -292.54) [ 0 22 14 13 52 43 44 61 ]


4883.83
(420.50 | -289.82) [ 0 5 30 35 31 42 61 ]
(462.06 | -192.92) [ 0 23 24 12 53 54 48 61 ]
(575.43 | -222.04) [ 0 2 4 3 1 34 56 33 49 61 ]
(451.75 | -189.33) [ 0 13 14 22 52 43 44 61 ]
(589.53 | -354.76) [ 0 25 20 10 8 40 60 50 38 61 ]
(465.35 | -358.12) [ 0 11 15 59 45 61 ]
(399.13 | -178.95) [ 0 19 26 16 55 46 61 ]
(386.36 | -138.66) [ 0 29 21 17 47 41 51 61 ]
(530.33 | -134.50) [ 0 6 7 18 32 36 37 61 ]
(403.39 | -148.10) [ 0 9 27 28 57 58 39 61 ]


4950.26
(457.07 | -624.81) [ 0 15 29 59 45 61 ]
(400.01 | -533.54) [ 0 19 6 25 55 41 61 ]
(528.34 | -582.83) [ 0 26 24 7 32 36 37 61 ]
(460.25 | -404.86) [ 0 18 27 23 53 54 48 61 ]
(575.43 | -181.46) [ 0 2 4 3 1 49 33 56 34 61 ]
(586.85 | -203.95) [ 0 5 30 40 60 50 38 61 ]
(397.69 | -113.62) [ 0 17 28 21 51 58 47 61 ]
(456.85 | -86.17) [ 0 14 13 10 44 43 52 61 ]
(404.76 | -54.83) [ 0 9 16 22 57 46 39 61 ]
(423.01 | -97.08) [ 0 12 11 20 8 35 31 42 61 ]


4984.88
(465.34 | -1545.81) [ 0 1 3 4 2 31 55 51 61 ]
(595.93 | -474.50) [ 0 26 25 19 49 33 40 56 61 ]
(396.98 | -422.86) [ 0 15 11 45 41 61 ]
(478.31 | -304.15) [ 0 17 21 30 59 34 47 61 ]
(534.82 | -295.59) [ 0 6 7 22 52 36 37 61 ]
(403.39 | -392.44) [ 0 9 27 28 39 58 57 61 ]
(454.97 | -360.99) [ 0 14 13 10 44 32 43 61 ]
(558.30 | -147.70) [ 0 24 29 20 54 60 50 61 ]
(488.46 | -37.66) [ 0 8 16 23 46 38 53 61 ]
(448.39 | -12.97) [ 0 5 12 18 48 42 35 61 ]


4819.52
(575.43 | -417.86) [ 0 2 4 3 1 34 56 33 49 61 ]
(412.83 | -125.50) [ 0 17 11 9 47 41 39 61 ]
(457.07 | -346.22) [ 0 15 29 59 45 61 ]
(451.75 | -370.41) [ 0 22 14 13 52 43 44 61 ]
(459.32 | -269.39) [ 0 23 24 18 53 54 48 61 ]
(524.00 | -14.74) [ 0 5 7 19 37 36 32 61 ]
(387.99 | -128.60) [ 0 25 16 46 55 61 ]
(426.25 | -181.82) [ 0 26 12 6 35 31 42 61 ]
(404.80 | -259.91) [ 0 21 27 28 51 58 57 61 ]
(600.09 | -277.87) [ 0 8 10 20 30 38 50 60 40 61 ]


4949.82
(457.07 | -386.30) [ 0 15 29 45 59 61 ]
(446.21 | -370.82) [ 0 28 14 12 31 58 39 61 ]
(295.89 | -370.21) [ 0 27 11 17 57 41 47 61 ]
(513.40 | -306.86) [ 0 24 26 22 37 36 52 61 ]
(600.22 | -483.76) [ 0 8 16 30 40 60 50 38 61 ]
(451.68 | -418.79) [ 0 9 23 18 53 54 48 61 ]
(462.55 | -356.74) [ 0 6 13 20 44 32 43 61 ]
(575.43 | -270.48) [ 0 2 4 3 1 49 33 56 34 61 ]
(437.28 | -312.97) [ 0 19 7 5 35 46 61 ]
(450.11 | -226.87) [ 0 25 10 21 51 55 42 61 ]


4900.07
(443.27 | -568.65) [ 0 30 19 13 34 32 43 61 ]
(580.80 | -373.33) [ 0 2 4 3 1 50 60 33 49 61 ]
(457.07 | -390.19) [ 0 29 15 45 59 61 ]
(459.32 | -193.17) [ 0 23 24 18 53 54 48 61 ]
(398.68 | -267.94) [ 0 25 27 21 51 55 57 61 ]
(396.69 | -170.08) [ 0 28 22 17 39 58 47 61 ]
(428.78 | -106.60) [ 0 5 12 20 35 31 42 61 ]
(525.89 | -50.72) [ 0 6 7 9 52 36 37 61 ]
(602.80 | -222.50) [ 0 10 14 26 44 56 40 61 ]
(446.77 | -247.18) [ 0 8 11 16 41 38 46 61 ]


4842.45
(457.07 | -358.67) [ 0 29 15 45 59 61 ]
(459.32 | -114.25) [ 0 18 24 23 48 54 53 61 ]
(415.44 | -59.58) [ 0 5 25 35 31 42 61 ]
(575.43 | -79.33) [ 0 2 4 3 1 34 56 33 49 61 ]
(395.56 | 17.36) [ 0 11 22 17 47 41 51 61 ]
(399.13 | 15.21) [ 0 16 26 19 55 46 61 ]
(600.09 | -165.61) [ 0 8 10 20 30 40 60 50 38 61 ]
(403.39 | 37.29) [ 0 28 27 9 57 58 39 61 ]
(528.45 | 37.61) [ 0 6 7 21 32 36 37 61 ]
(448.57 | -129.36) [ 0 13 12 14 52 43 44 61 ]


4918.59
(474.45 | -308.82) [ 0 8 11 23 53 54 48 61 ]
(457.07 | -72.36) [ 0 15 29 59 45 61 ]
(424.69 | -432.80) [ 0 5 12 22 42 31 35 61 ]
(575.43 | -528.62) [ 0 1 3 4 2 49 33 56 34 61 ]
(453.91 | -226.29) [ 0 14 13 20 32 43 44 61 ]
(595.82 | -127.83) [ 0 30 24 10 38 50 60 40 61 ]
(387.29 | -26.25) [ 0 21 27 28 57 41 51 61 ]
(531.95 | -9.73) [ 0 6 7 18 52 36 37 61 ]
(399.14 | -149.45) [ 0 9 16 17 39 46 47 61 ]
(398.85 | -66.38) [ 0 19 25 26 58 55 61 ]


4827.62
(415.78 | -358.92) [ 0 5 23 35 31 42 61 ]
(457.07 | -404.47) [ 0 15 29 45 59 61 ]
(396.91 | -423.31) [ 0 9 28 17 47 58 39 61 ]
(469.61 | -331.88) [ 0 30 24 18 53 54 48 61 ]
(392.30 | -210.49) [ 0 21 11 27 51 41 57 61 ]
(534.82 | -214.42) [ 0 22 7 6 37 36 52 61 ]
(446.69 | -174.40) [ 0 13 12 14 44 32 43 61 ]
(582.65 | -140.30) [ 0 8 10 20 16 40 60 50 38 61 ]
(396.36 | -226.24) [ 0 19 25 26 55 46 61 ]
(575.43 | -190.71) [ 0 2 4 3 1 49 33 56 34 61 ]


4831.63
(435.51 | -147.85) [ 0 5 25 35 55 61 ]
(460.05 | -240.63) [ 0 2 4 3 1 44 43 32 61 ]
(532.47 | -267.62) [ 0 6 7 27 52 36 37 61 ]
(305.23 | -125.47) [ 0 17 11 13 57 41 47 61 ]
(459.32 | -102.98) [ 0 18 24 23 53 54 48 61 ]
(435.81 | -87.40) [ 0 22 16 21 31 46 51 61 ]
(457.07 | -179.81) [ 0 15 29 59 45 61 ]
(561.84 | -112.91) [ 0 14 26 19 49 33 56 34 61 ]
(600.09 | -162.61) [ 0 8 10 20 30 40 60 50 38 61 ]
(444.24 | -141.62) [ 0 9 12 28 39 58 42 61 ]


4867.16
(457.07 | -272.77) [ 0 29 15 45 59 61 ]
(534.82 | -321.03) [ 0 6 7 22 37 36 52 61 ]
(435.51 | -283.96) [ 0 5 25 35 55 61 ]
(575.43 | -352.42) [ 0 2 4 3 1 34 56 33 49 61 ]
(433.00 | -232.58) [ 0 18 16 9 31 46 51 61 ]
(457.48 | -335.73) [ 0 17 24 23 48 54 53 61 ]
(294.65 | -165.49) [ 0 27 11 21 47 41 57 61 ]
(446.69 | -163.11) [ 0 14 12 13 32 43 44 61 ]
(600.09 | -259.71) [ 0 8 10 20 30 38 50 60 40 61 ]
(452.42 | -181.86) [ 0 19 26 28 42 58 39 61 ]


4817.35
(457.07 | -312.00) [ 0 15 29 59 45 61 ]
(396.91 | -408.43) [ 0 9 28 17 47 58 39 61 ]
(525.27 | -233.02) [ 0 6 7 24 32 36 37 61 ]
(582.65 | -248.05) [ 0 8 10 20 16 40 60 50 38 61 ]
(422.92 | -139.49) [ 0 5 12 18 35 31 42 61 ]
(575.43 | -104.51) [ 0 2 4 3 1 34 56 33 49 61 ]
(392.30 | -18.99) [ 0 21 11 27 57 41 51 61 ]
(456.69 | -178.51) [ 0 30 23 53 54 48 61 ]
(451.75 | -213.18) [ 0 22 14 13 44 43 52 61 ]
(396.36 | -93.57) [ 0 19 25 26 55 46 61 ]


4872.35
(435.51 | -2885.31) [ 0 5 25 55 35 61 ]
(463.51 | -435.22) [ 0 29 12 24 54 53 42 61 ]
(296.32 | -318.08) [ 0 17 11 14 47 41 57 61 ]
(534.82 | -194.24) [ 0 22 7 6 37 36 52 61 ]
(575.43 | -174.71) [ 0 1 3 4 2 49 33 56 34 61 ]
(458.98 | -190.29) [ 0 26 15 45 59 61 ]
(600.09 | -263.42) [ 0 8 10 20 30 40 60 50 38 61 ]
(454.26 | 14.21) [ 0 18 16 21 51 46 48 61 ]
(442.53 | 20.04) [ 0 9 27 28 31 58 39 61 ]
(450.91 | -341.90) [ 0 23 13 19 44 43 32 61 ]


4873.42
(534.64 | -378.57) [ 0 7 28 22 37 36 52 61 ]
(394.60 | -383.55) [ 0 30 9 17 47 58 39 61 ]
(587.21 | -299.39) [ 0 23 20 10 8 40 60 50 38 61 ]
(387.99 | -243.36) [ 0 25 16 55 46 61 ]
(575.43 | -336.35) [ 0 1 3 4 2 34 56 33 49 61 ]
(457.07 | -220.25) [ 0 29 15 59 45 61 ]
(426.25 | -180.47) [ 0 26 12 6 35 31 42 61 ]
(392.30 | -193.74) [ 0 27 11 21 57 41 51 61 ]
(469.82 | -132.33) [ 0 19 5 24 53 54 48 61 ]
(448.11 | -140.63) [ 0 18 14 13 32 43 44 61 ]


4996.74
(575.43 | -397.85) [ 0 2 4 3 1 49 33 56 34 61 ]
(446.53 | -38303.81) [ 0 25 13 12 44 43 32 61 ]
(447.06 | -336.33) [ 0 26 14 10 35 58 61 ]
(529.77 | -270.56) [ 0 6 7 17 37 36 52 61 ]
(469.61 | -136.68) [ 0 30 24 18 53 54 48 61 ]
(452.51 | -216.44) [ 0 9 5 19 42 39 55 61 ]
(457.07 | -301.33) [ 0 15 29 59 45 61 ]
(586.46 | -219.16) [ 0 8 20 27 28 40 60 50 38 61 ]
(296.50 | -145.33) [ 0 23 11 47 41 57 61 ]
(435.81 | -230.04) [ 0 22 16 21 31 46 51 61 ]


4928.96
(435.51 | 117.96) [ 0 5 25 35 55 61 ]
(531.76 | -5001.90) [ 0 1 3 4 2 32 36 37 61 ]
(444.14 | -850.09) [ 0 28 14 12 39 58 42 61 ]
(552.58 | -804.86) [ 0 9 26 22 34 56 33 49 61 ]
(457.07 | -504.84) [ 0 29 15 45 59 61 ]
(303.94 | -156.67) [ 0 27 11 8 17 47 41 57 61 ]
(456.37 | -91.75) [ 0 13 19 30 44 43 52 61 ]
(443.65 | -281.00) [ 0 20 16 21 31 46 51 61 ]
(459.32 | -291.74) [ 0 23 24 18 48 54 53 61 ]
(604.63 | -113.45) [ 0 6 7 10 40 60 50 38 61 ]


4795.97
(435.51 | 34.32) [ 0 5 25 35 55 61 ]
(295.89 | -398.44) [ 0 27 11 17 57 41 47 61 ]
(457.07 | -480.77) [ 0 15 29 59 45 61 ]
(442.16 | -469.69) [ 0 21 12 16 42 46 51 61 ]
(459.32 | -260.99) [ 0 23 24 18 53 54 48 61 ]
(600.09 | -231.14) [ 0 30 20 10 8 40 60 50 38 61 ]
(451.75 | -77.11) [ 0 22 14 13 52 43 44 61 ]
(524.27 | 30.09) [ 0 6 7 9 37 36 32 61 ]
(575.43 | -49.42) [ 0 2 4 3 1 49 33 56 34 61 ]
(454.49 | 00.97) [ 0 19 26 28 31 58 39 61 ]


4819.82
(457.07 | -490.10) [ 0 15 29 45 59 61 ]
(420.50 | -126.04) [ 0 5 30 35 31 42 61 ]
(459.32 | -72.32) [ 0 18 24 23 48 54 53 61 ]
(583.03 | -58.79) [ 0 28 20 10 8 40 60 50 38 61 ]
(575.43 | -135.14) [ 0 2 4 3 1 34 56 33 49 61 ]
(451.75 | -108.45) [ 0 13 14 22 52 43 44 61 ]
(398.85 | -55.85) [ 0 19 25 26 55 58 61 ]
(394.27 | 44.55) [ 0 17 16 21 47 46 51 61 ]
(529.59 | 77.90) [ 0 6 7 12 32 36 37 61 ]
(410.02 | -11.77) [ 0 11 27 9 57 41 39 61 ]


4791.11
(426.25 | -87.60) [ 0 6 12 26 42 31 35 61 ]
(575.43 | -953.31) [ 0 2 4 3 1 34 56 33 49 61 ]
(457.07 | -318.20) [ 0 15 29 59 45 61 ]
(396.91 | -240.78) [ 0 17 28 9 47 58 39 61 ]
(392.30 | -115.26) [ 0 21 11 27 51 41 57 61 ]
(459.32 | -333.75) [ 0 23 24 18 53 54 48 61 ]
(451.75 | -199.89) [ 0 13 14 22 44 43 52 61 ]
(387.99 | -218.45) [ 0 16 25 55 46 61 ]
(600.09 | -185.40) [ 0 30 20 10 8 40 60 50 38 61 ]
(524.00 | -281.25) [ 0 19 7 5 37 36 32 61 ]


4901.48
(458.98 | -54.28) [ 0 15 26 45 59 61 ]
(575.43 | -406.68) [ 0 2 4 3 1 34 56 33 49 61 ]
(459.32 | -258.80) [ 0 23 24 18 53 54 48 61 ]
(397.69 | -266.39) [ 0 17 28 21 51 58 47 61 ]
(596.29 | -74.50) [ 0 5 10 20 40 60 50 38 61 ]
(534.82 | -81.90) [ 0 22 7 6 37 36 52 61 ]
(449.84 | -210.74) [ 0 30 19 14 44 32 43 61 ]
(418.54 | -164.15) [ 0 25 13 12 35 31 42 61 ]
(408.23 | -243.10) [ 0 9 27 16 39 46 57 61 ]
(402.33 | -105.12) [ 0 8 11 29 41 55 61 ]


4849.77
(457.07 | 114.71) [ 0 15 29 45 59 61 ]
(562.58 | -196.93) [ 0 19 26 28 49 33 56 34 61 ]
(398.68 | -388.74) [ 0 21 27 25 51 55 57 61 ]
(394.60 | -209.05) [ 0 17 9 30 39 58 47 61 ]
(451.75 | -154.15) [ 0 22 14 13 52 43 44 61 ]
(430.20 | -107.52) [ 0 5 12 10 35 31 42 61 ]
(394.13 | -74.34) [ 0 11 16 41 46 61 ]
(459.32 | -78.09) [ 0 18 24 23 53 54 48 61 ]
(609.68 | -82.25) [ 0 8 20 7 6 40 60 50 38 61 ]
(531.76 | -60.07) [ 0 2 4 3 1 32 36 37 61 ]


4908.20
(433.46 | -218.29) [ 0 5 30 46 35 61 ]
(550.89 | -2477.36) [ 0 16 26 19 36 56 49 61 ]
(598.17 | -298.01) [ 0 2 4 3 1 34 32 37 33 61 ]
(446.18 | -228.53) [ 0 12 28 21 51 58 42 61 ]
(457.07 | -203.52) [ 0 29 15 45 59 61 ]
(448.22 | 37.47) [ 0 23 25 53 54 48 61 ]
(582.61 | -36.83) [ 0 17 8 10 20 18 40 60 50 38 61 ]
(298.31 | -78.29) [ 0 24 11 27 57 41 47 61 ]
(461.55 | -135.21) [ 0 6 7 9 55 39 31 61 ]
(451.75 | -107.17) [ 0 22 14 13 52 43 44 61 ]


4835.53
(457.07 | -522.52) [ 0 15 29 45 59 61 ]
(435.64 | -503.35) [ 0 5 16 46 35 61 ]
(469.04 | -629.59) [ 0 1 3 4 2 31 39 55 61 ]
(524.27 | -121.13) [ 0 6 7 9 37 36 32 61 ]
(587.21 | -146.77) [ 0 23 20 10 8 40 60 50 38 61 ]
(558.88 | -78.95) [ 0 19 25 26 49 33 56 34 61 ]
(446.18 | 21.74) [ 0 12 28 21 42 58 51 61 ]
(469.61 | 06.36) [ 0 30 24 18 53 54 48 61 ]
(451.75 | -62.37) [ 0 13 14 22 44 43 52 61 ]
(295.89 | 19.65) [ 0 17 11 27 47 41 57 61 ]


4842.71
(575.43 | -343.06) [ 0 1 3 4 2 49 33 56 34 61 ]
(459.32 | -335.29) [ 0 18 24 23 53 54 48 61 ]
(394.27 | -202.63) [ 0 17 16 21 47 46 51 61 ]
(587.59 | -189.28) [ 0 8 10 20 26 40 60 50 38 61 ]
(457.07 | -202.16) [ 0 15 29 45 59 61 ]
(534.82 | -75.58) [ 0 22 7 6 37 36 52 61 ]
(410.02 | -45.31) [ 0 9 27 11 39 41 57 61 ]
(454.49 | -91.14) [ 0 30 19 13 43 32 44 61 ]
(410.93 | -80.05) [ 0 28 14 12 35 31 42 61 ]
(398.77 | -143.37) [ 0 25 5 55 58 61 ]


4926.64
(467.38 | -234.92) [ 0 5 23 48 54 53 61 ]
(457.07 | -530.56) [ 0 15 29 59 45 61 ]
(575.43 | -346.20) [ 0 2 4 3 1 34 56 33 49 61 ]
(526.89 | -283.30) [ 0 6 7 24 37 36 52 61 ]
(431.26 | 54.97) [ 0 19 26 16 46 35 61 ]
(303.94 | -95.75) [ 0 27 11 8 17 47 41 57 61 ]
(443.44 | -195.52) [ 0 28 20 22 42 58 39 61 ]
(597.15 | -120.23) [ 0 30 10 9 40 60 50 38 61 ]
(437.41 | -201.09) [ 0 25 21 18 31 55 51 61 ]
(446.69 | -201.81) [ 0 13 12 14 32 43 44 61 ]


4893.94
(575.43 | -298.20) [ 0 2 4 3 1 49 33 56 34 61 ]
(586.07 | -446.74) [ 0 8 28 29 40 60 50 38 61 ]
(459.32 | -213.93) [ 0 23 24 18 53 54 48 61 ]
(469.71 | -82.44) [ 0 15 30 45 59 61 ]
(393.48 | -90.11) [ 0 17 9 25 39 58 47 61 ]
(537.96 | -73.11) [ 0 6 7 10 37 36 32 61 ]
(392.30 | -157.78) [ 0 21 11 27 57 41 51 61 ]
(399.13 | -92.92) [ 0 19 26 16 46 55 61 ]
(428.78 | -47.18) [ 0 5 12 20 35 31 42 61 ]
(451.75 | -63.87) [ 0 22 14 13 44 43 52 61 ]


4956.14
(620.54 | -2911.81) [ 0 1 3 4 2 34 60 50 61 ]
(457.07 | -2465.39) [ 0 15 29 59 45 61 ]
(403.98 | -544.20) [ 0 21 27 16 51 46 57 61 ]
(469.18 | -310.88) [ 0 23 24 20 53 54 48 61 ]
(394.60 | -99.20) [ 0 17 9 30 39 58 47 61 ]
(435.51 | -93.12) [ 0 5 25 35 55 61 ]
(451.75 | -156.17) [ 0 22 14 13 52 43 44 61 ]
(599.63 | -123.35) [ 0 19 26 28 49 33 40 56 61 ]
(433.56 | -158.24) [ 0 12 11 10 8 41 38 31 42 61 ]
(530.33 | -69.71) [ 0 6 7 18 32 36 37 61 ]


4823.62
(457.07 | -160.17) [ 0 15 29 45 59 61 ]
(567.67 | -90.96) [ 0 19 7 5 34 56 33 49 61 ]
(531.76 | -340.18) [ 0 2 4 3 1 32 36 37 61 ]
(398.68 | -457.29) [ 0 21 27 25 57 55 51 61 ]
(459.32 | -331.61) [ 0 18 24 23 48 54 53 61 ]
(396.91 | -166.07) [ 0 9 28 17 47 58 39 61 ]
(600.09 | -169.11) [ 0 30 20 10 8 40 60 50 38 61 ]
(394.13 | -26.31) [ 0 16 11 46 41 61 ]
(451.75 | -217.27) [ 0 13 14 22 44 43 52 61 ]
(426.25 | -105.18) [ 0 6 12 26 35 31 42 61 ]


4867.82
(413.91 | -166.82) [ 0 2 4 3 1 46 41 61 ]
(457.07 | -354.43) [ 0 15 29 59 45 61 ]
(514.73 | -305.21) [ 0 24 7 6 34 36 37 61 ]
(422.92 | -174.77) [ 0 5 12 18 35 31 42 61 ]
(389.37 | -228.06) [ 0 17 21 25 51 55 47 61 ]
(451.75 | -33.86) [ 0 22 14 13 44 43 52 61 ]
(456.69 | -130.58) [ 0 23 30 53 54 48 61 ]
(582.65 | -157.15) [ 0 8 10 20 16 40 60 50 38 61 ]
(595.35 | -66.34) [ 0 11 26 19 49 33 56 32 61 ]
(403.39 | -28.99) [ 0 28 27 9 57 58 39 61 ]


4946.27
(440.56 | -212.15) [ 0 30 5 35 55 61 ]
(575.43 | -599.72) [ 0 2 4 3 1 49 33 56 34 61 ]
(518.63 | -406.61) [ 0 25 6 19 37 36 32 61 ]
(467.91 | -485.16) [ 0 10 13 7 44 43 52 61 ]
(298.31 | -521.07) [ 0 24 11 27 47 41 57 61 ]
(457.07 | -727.86) [ 0 29 15 45 59 61 ]
(439.36 | -138.64) [ 0 17 28 9 31 58 39 61 ]
(458.98 | -456.85) [ 0 23 22 18 53 54 48 61 ]
(588.42 | -170.39) [ 0 21 26 20 8 40 60 50 38 61 ]
(441.61 | -147.71) [ 0 16 14 12 51 46 42 61 ]


4835.83
(457.07 | -315.00) [ 0 15 29 45 59 61 ]
(575.43 | -292.27) [ 0 1 3 4 2 34 56 33 49 61 ]
(459.32 | -369.88) [ 0 18 24 23 53 54 48 61 ]
(395.53 | -63.50) [ 0 17 11 14 47 41 51 61 ]
(528.45 | -81.49) [ 0 6 7 21 32 36 37 61 ]
(387.99 | -42.12) [ 0 16 25 55 46 61 ]
(403.39 | -253.11) [ 0 28 27 9 39 58 57 61 ]
(587.59 | -127.79) [ 0 8 10 20 26 40 60 50 38 61 ]
(424.69 | -68.26) [ 0 5 12 22 35 31 42 61 ]
(456.37 | -209.09) [ 0 30 19 13 44 43 52 61 ]


4801.88
(396.91 | -196.65) [ 0 17 28 9 39 58 47 61 ]
(575.43 | -322.51) [ 0 1 3 4 2 49 33 56 34 61 ]
(457.07 | -340.82) [ 0 29 15 59 45 61 ]
(582.65 | -169.27) [ 0 16 20 10 8 40 60 50 38 61 ]
(459.32 | -146.54) [ 0 23 24 18 53 54 48 61 ]
(420.50 | -103.84) [ 0 30 5 35 31 42 61 ]
(451.75 | -189.62) [ 0 13 14 22 44 43 52 61 ]
(392.30 | -67.35) [ 0 27 11 21 57 41 51 61 ]
(396.36 | -163.03) [ 0 19 25 26 55 46 61 ]
(529.59 | -193.88) [ 0 12 7 6 32 36 37 61 ]


4892.93
(457.07 | -7239.29) [ 0 29 15 45 59 61 ]
(430.20 | -285.80) [ 0 10 12 5 42 31 35 61 ]
(587.83 | -179.79) [ 0 17 8 20 11 40 60 50 38 61 ]
(386.17 | -63.02) [ 0 25 21 18 51 41 47 61 ]
(456.69 | -108.20) [ 0 23 30 53 54 48 61 ]
(575.43 | -191.73) [ 0 2 4 3 1 49 33 56 34 61 ]
(399.13 | -115.28) [ 0 19 26 16 46 55 61 ]
(403.39 | -158.24) [ 0 9 27 28 39 58 57 61 ]
(525.27 | 61.76) [ 0 6 7 24 37 36 32 61 ]
(451.75 | -95.49) [ 0 22 14 13 44 43 52 61 ]


4857.74
(440.51 | -313.07) [ 0 21 28 22 31 58 51 61 ]
(457.07 | -271.32) [ 0 29 15 59 45 61 ]
(575.43 | -198.48) [ 0 1 3 4 2 49 33 56 34 61 ]
(525.89 | -241.05) [ 0 9 7 6 52 36 37 61 ]
(295.89 | -213.92) [ 0 17 11 27 57 41 47 61 ]
(454.49 | -156.05) [ 0 30 19 13 32 43 44 61 ]
(445.42 | -208.10) [ 0 12 14 16 39 46 42 61 ]
(435.51 | -240.77) [ 0 5 25 35 55 61 ]
(587.21 | -229.02) [ 0 8 10 20 23 40 60 50 38 61 ]
(460.34 | -210.41) [ 0 24 26 18 48 54 53 61 ]


4836.61
(457.07 | -293.07) [ 0 29 15 59 45 61 ]
(435.51 | -224.40) [ 0 25 5 55 35 61 ]
(316.34 | -401.45) [ 0 7 11 27 57 41 47 61 ]
(451.75 | -277.57) [ 0 13 14 22 44 43 52 61 ]
(437.05 | 70.05) [ 0 17 9 30 31 58 39 61 ]
(442.16 | -13.77) [ 0 16 12 21 51 46 42 61 ]
(459.32 | -98.56) [ 0 23 24 18 53 54 48 61 ]
(556.22 | -17.71) [ 0 19 6 26 36 56 49 61 ]
(598.17 | -78.74) [ 0 2 4 3 1 34 32 37 33 61 ]
(583.03 | -145.21) [ 0 8 10 20 28 38 50 60 40 61 ]


4928.83
(561.63 | -2641.05) [ 0 21 7 6 37 56 54 61 ]
(513.69 | -406.15) [ 0 2 4 3 1 32 36 34 61 ]
(457.07 | -213.88) [ 0 15 29 59 45 61 ]
(296.32 | -275.17) [ 0 14 11 17 57 41 47 61 ]
(435.51 | -195.92) [ 0 25 5 35 55 61 ]
(451.60 | -193.50) [ 0 13 27 22 52 43 44 61 ]
(600.09 | -600.01) [ 0 8 10 20 30 40 60 50 38 61 ]
(459.13 | -315.59) [ 0 18 16 9 39 46 48 61 ]
(517.47 | -221.20) [ 0 12 24 23 42 53 33 49 61 ]
(456.34 | -284.39) [ 0 28 26 19 31 58 51 61 ]


4956.64
(453.87 | -248.11) [ 0 10 13 26 32 43 44 61 ]
(469.82 | -111.04) [ 0 19 5 24 48 54 53 61 ]
(449.62 | -134.41) [ 0 28 20 14 42 58 51 61 ]
(575.43 | -131.32) [ 0 2 4 3 1 49 33 56 34 61 ]
(462.52 | -304.67) [ 0 21 29 12 59 45 61 ]
(303.94 | -122.00) [ 0 27 11 8 17 57 41 47 61 ]
(441.37 | 35.95) [ 0 18 25 9 31 39 55 61 ]
(534.82 | -161.77) [ 0 6 7 22 37 36 52 61 ]
(413.79 | -219.64) [ 0 16 15 46 35 61 ]
(571.45 | -234.04) [ 0 23 30 40 60 50 38 61 ]


4905.35
(602.98 | -390.36) [ 0 1 3 4 2 49 33 56 32 61 ]
(457.07 | -216.26) [ 0 29 15 59 45 61 ]
(410.02 | 20.93) [ 0 9 27 11 39 41 57 61 ]
(514.73 | -171.98) [ 0 6 7 24 34 36 37 61 ]
(472.70 | -141.75) [ 0 18 8 20 23 48 54 53 61 ]
(389.37 | -205.46) [ 0 25 21 17 51 55 47 61 ]
(456.37 | -199.12) [ 0 13 19 30 44 43 52 61 ]
(424.69 | -179.01) [ 0 5 12 22 35 31 42 61 ]
(394.58 | -217.59) [ 0 28 16 58 46 61 ]
(582.85 | -219.96) [ 0 10 14 26 40 60 50 38 61 ]


4943.40
(595.67 | -91.87) [ 0 10 14 26 40 56 37 61 ]
(424.69 | -141.19) [ 0 5 12 22 42 31 35 61 ]
(454.49 | -175.70) [ 0 13 19 30 32 43 44 61 ]
(520.37 | -384.67) [ 0 6 7 20 34 36 52 61 ]
(457.07 | -389.26) [ 0 15 29 45 59 61 ]
(461.41 | -292.37) [ 0 24 16 18 48 54 46 61 ]
(403.39 | -244.74) [ 0 28 27 9 39 58 57 61 ]
(389.37 | -141.89) [ 0 17 21 25 51 55 47 61 ]
(580.80 | 00.73) [ 0 2 4 3 1 49 33 60 50 61 ]
(476.15 | -50.09) [ 0 8 11 23 38 53 41 61 ]


4839.47
(457.07 | -2871.13) [ 0 29 15 45 59 61 ]
(575.43 | -3884.23) [ 0 1 3 4 2 34 56 33 49 61 ]
(457.48 | -690.07) [ 0 17 24 23 53 54 48 61 ]
(389.89 | -339.80) [ 0 25 21 18 47 55 51 61 ]
(451.75 | -239.14) [ 0 13 14 22 52 43 44 61 ]
(600.09 | -132.64) [ 0 8 10 20 30 40 60 50 38 61 ]
(394.13 | -78.61) [ 0 11 16 46 41 61 ]
(403.39 | -116.03) [ 0 28 27 9 57 58 39 61 ]
(524.00 | -68.62) [ 0 19 7 5 37 36 32 61 ]
(426.25 | -134.76) [ 0 6 12 26 35 31 42 61 ]


4877.40
(575.43 | -355.05) [ 0 2 4 3 1 34 56 33 49 61 ]
(457.07 | -362.21) [ 0 15 29 59 45 61 ]
(389.37 | -403.20) [ 0 25 21 17 47 55 51 61 ]
(420.50 | -340.58) [ 0 5 30 35 31 42 61 ]
(583.57 | -265.77) [ 0 28 22 20 8 40 60 50 38 61 ]
(403.27 | -115.88) [ 0 12 14 16 46 58 61 ]
(410.02 | -122.01) [ 0 11 27 9 39 41 57 61 ]
(459.32 | -212.00) [ 0 23 24 18 48 54 53 61 ]
(455.76 | -72.29) [ 0 10 13 26 52 43 44 61 ]
(523.10 | -124.91) [ 0 19 6 7 32 36 37 61 ]


4806.13
(575.43 | -2477.15) [ 0 1 3 4 2 49 33 56 34 61 ]
(393.30 | -271.59) [ 0 25 9 17 39 55 47 61 ]
(404.80 | -128.59) [ 0 28 27 21 57 58 51 61 ]
(524.00 | -76.02) [ 0 5 7 19 32 36 37 61 ]
(459.32 | -166.54) [ 0 23 24 18 53 54 48 61 ]
(457.07 | -122.99) [ 0 29 15 45 59 61 ]
(451.75 | -38.84) [ 0 13 14 22 44 43 52 61 ]
(600.09 | -115.50) [ 0 30 20 10 8 40 60 50 38 61 ]
(426.25 | -11.43) [ 0 6 12 26 35 31 42 61 ]
(394.13 | 04.11) [ 0 16 11 41 46 61 ]


4908.17
(594.81 | -183.81) [ 0 18 7 30 37 60 48 61 ]
(599.16 | -405.64) [ 0 5 26 56 40 33 49 61 ]
(451.75 | -501.83) [ 0 22 14 13 52 43 44 61 ]
(389.37 | -235.58) [ 0 17 21 25 47 55 51 61 ]
(513.69 | -163.80) [ 0 1 3 4 2 32 36 34 61 ]
(457.07 | -345.81) [ 0 15 29 45 59 61 ]
(403.39 | -402.64) [ 0 28 27 9 39 58 57 61 ]
(425.73 | -207.57) [ 0 19 6 11 35 41 61 ]
(448.63 | -54.19) [ 0 12 10 8 16 46 38 31 42 61 ]
(504.57 | -112.76) [ 0 23 24 20 50 53 54 61 ]


4859.63
(457.07 | -241.72) [ 0 15 29 45 59 61 ]
(444.48 | -350.71) [ 0 10 14 26 32 43 44 61 ]
(575.43 | -393.53) [ 0 1 3 4 2 49 33 56 34 61 ]
(534.82 | -367.33) [ 0 22 7 6 37 36 52 61 ]
(392.30 | -619.56) [ 0 21 11 27 57 41 51 61 ]
(400.43 | -261.52) [ 0 17 9 30 39 46 47 61 ]
(602.97 | -56.63) [ 0 19 5 20 8 40 60 50 38 61 ]
(420.44 | -94.76) [ 0 16 12 13 35 31 42 61 ]
(459.32 | -216.01) [ 0 23 24 18 53 54 48 61 ]
(392.37 | 36.17) [ 0 25 28 58 55 61 ]


4972.11
(460.05 | -1843.54) [ 0 1 3 4 2 44 32 43 61 ]
(403.63 | -360.16) [ 0 25 14 17 39 55 47 61 ]
(394.70 | -247.28) [ 0 11 22 18 46 41 61 ]
(457.07 | -271.91) [ 0 15 29 59 45 61 ]
(610.72 | -258.59) [ 0 9 7 20 8 40 60 50 38 61 ]
(536.93 | -200.94) [ 0 10 13 6 37 36 52 61 ]
(404.80 | -274.21) [ 0 28 27 21 51 58 57 61 ]
(420.50 | -136.78) [ 0 5 30 35 31 42 61 ]
(462.06 | -157.95) [ 0 23 24 12 53 54 48 61 ]
(561.65 | -173.89) [ 0 19 26 16 49 33 56 34 61 ]


4884.40
(455.97 | -340.81) [ 0 28 12 13 31 58 39 61 ]
(435.51 | -334.39) [ 0 5 25 35 55 61 ]
(469.61 | -482.49) [ 0 18 24 30 53 54 48 61 ]
(575.43 | -469.83) [ 0 2 4 3 1 49 33 56 34 61 ]
(449.54 | -402.06) [ 0 19 14 23 52 43 44 61 ]
(457.07 | -171.32) [ 0 29 15 45 59 61 ]
(587.59 | -61.06) [ 0 8 10 20 26 40 60 50 38 61 ]
(433.53 | -65.40) [ 0 21 16 22 51 46 42 61 ]
(524.27 | -60.70) [ 0 6 7 9 37 36 32 61 ]
(295.89 | -110.42) [ 0 27 11 17 47 41 57 61 ]


4914.17
(457.07 | -271.07) [ 0 15 29 45 59 61 ]
(456.37 | -356.14) [ 0 30 19 13 44 43 52 61 ]
(459.32 | -201.91) [ 0 18 24 23 53 54 48 61 ]
(524.27 | -171.52) [ 0 9 7 6 32 36 37 61 ]
(403.98 | 50.48) [ 0 21 27 16 51 46 57 61 ]
(629.38 | 79.01) [ 0 8 10 20 26 38 40 56 34 61 ]
(401.98 | -272.68) [ 0 14 28 17 39 58 47 61 ]
(424.69 | -61.28) [ 0 5 12 22 35 31 42 61 ]
(580.80 | -48.04) [ 0 2 4 3 1 50 60 33 49 61 ]
(396.30 | -39.73) [ 0 25 11 41 55 61 ]


4882.26
(420.50 | -275.44) [ 0 30 5 35 31 42 61 ]
(386.36 | -2773.58) [ 0 29 21 17 47 41 51 61 ]
(575.43 | -619.50) [ 0 2 4 3 1 34 56 33 49 61 ]
(454.36 | -491.30) [ 0 15 16 45 59 61 ]
(524.27 | -234.91) [ 0 6 7 9 32 36 37 61 ]
(451.75 | -204.36) [ 0 13 14 22 52 43 44 61 ]
(396.36 | -142.13) [ 0 19 25 26 46 55 61 ]
(588.04 | -202.78) [ 0 11 20 10 8 40 60 50 38 61 ]
(462.06 | -148.05) [ 0 23 24 12 53 54 48 61 ]
(403.13 | -115.11) [ 0 18 28 27 39 58 57 61 ]


5015.29
(411.96 | -17922.04) [ 0 10 16 9 47 46 39 61 ]
(469.71 | -219.71) [ 0 30 15 59 45 61 ]
(590.26 | -706.35) [ 0 8 11 12 27 40 60 50 38 61 ]
(575.43 | -381.49) [ 0 2 4 3 1 34 56 33 49 61 ]
(405.30 | -478.10) [ 0 20 13 26 51 41 57 61 ]
(533.20 | 56.80) [ 0 6 7 22 32 36 37 61 ]
(421.39 | 56.98) [ 0 19 5 21 35 31 42 61 ]
(389.68 | -94.73) [ 0 29 25 58 55 61 ]
(459.32 | -180.00) [ 0 23 24 18 53 54 48 61 ]
(439.03 | -115.73) [ 0 14 28 17 44 43 52 61 ]


4830.04
(420.50 | -350.85) [ 0 5 30 42 31 35 61 ]
(403.39 | -920.23) [ 0 9 27 28 39 58 57 61 ]
(588.04 | -157.47) [ 0 8 10 20 11 38 50 60 40 61 ]
(457.07 | -148.15) [ 0 29 15 59 45 61 ]
(385.65 | -153.85) [ 0 17 21 25 47 41 51 61 ]
(575.43 | -226.07) [ 0 1 3 4 2 49 33 56 34 61 ]
(459.32 | -249.26) [ 0 23 24 18 48 54 53 61 ]
(534.82 | -109.84) [ 0 22 7 6 52 36 37 61 ]
(446.69 | -94.83) [ 0 14 12 13 44 32 43 61 ]
(399.13 | -177.95) [ 0 19 26 16 55 46 61 ]


4791.11
(451.75 | -458.05) [ 0 22 14 13 44 43 52 61 ]
(457.07 | -94.33) [ 0 29 15 59 45 61 ]
(426.25 | -72.68) [ 0 6 12 26 35 31 42 61 ]
(387.99 | -26.54) [ 0 25 16 55 46 61 ]
(600.09 | -191.51) [ 0 8 10 20 30 40 60 50 38 61 ]
(392.30 | -227.10) [ 0 27 11 21 51 41 57 61 ]
(396.91 | -223.65) [ 0 9 28 17 39 58 47 61 ]
(459.32 | -353.20) [ 0 23 24 18 53 54 48 61 ]
(524.00 | -248.31) [ 0 19 7 5 37 36 32 61 ]
(575.43 | -146.87) [ 0 2 4 3 1 49 33 56 34 61 ]


4976.06
(446.35 | 02.85) [ 0 5 23 35 58 61 ]
(437.15 | -748.74) [ 0 14 28 17 43 32 44 61 ]
(457.07 | -645.67) [ 0 29 15 45 59 61 ]
(456.43 | -285.29) [ 0 24 10 16 31 46 39 61 ]
(295.71 | -330.19) [ 0 22 11 27 47 41 57 61 ]
(465.26 | -143.55) [ 0 18 9 30 53 54 48 61 ]
(524.71 | -64.34) [ 0 19 6 7 52 36 37 61 ]
(575.43 | -137.00) [ 0 1 3 4 2 34 56 33 49 61 ]
(588.42 | -218.60) [ 0 8 20 26 21 40 60 50 38 61 ]
(449.54 | -201.55) [ 0 25 13 12 51 55 42 61 ]


4804.26
(575.43 | -229.81) [ 0 1 3 4 2 49 33 56 34 61 ]
(451.75 | -305.24) [ 0 13 14 22 44 43 52 61 ]
(404.92 | -76.62) [ 0 19 26 11 51 41 57 61 ]
(457.07 | -103.63) [ 0 29 15 45 59 61 ]
(600.09 | -130.36) [ 0 30 20 10 8 38 50 60 40 61 ]
(387.99 | -414.66) [ 0 25 16 46 55 61 ]
(459.32 | -343.07) [ 0 18 24 23 53 54 48 61 ]
(422.34 | -263.68) [ 0 5 12 27 35 31 42 61 ]
(396.91 | -332.00) [ 0 17 28 9 39 58 47 61 ]
(528.45 | -168.68) [ 0 6 7 21 32 36 37 61 ]


4811.09
(424.31 | -253.28) [ 0 5 7 19 35 31 42 61 ]
(451.75 | -559.82) [ 0 13 14 22 44 43 52 61 ]
(457.07 | -446.41) [ 0 15 29 59 45 61 ]
(403.98 | -342.18) [ 0 16 27 21 51 46 57 61 ]
(575.43 | -283.63) [ 0 1 3 4 2 34 56 33 49 61 ]
(396.91 | -234.49) [ 0 9 28 17 47 58 39 61 ]
(459.32 | -155.29) [ 0 23 24 18 53 54 48 61 ]
(600.09 | -125.27) [ 0 30 20 10 8 40 60 50 38 61 ]
(396.30 | -61.23) [ 0 11 25 41 55 61 ]
(525.94 | -67.81) [ 0 6 12 26 37 36 32 61 ]


4890.63
(445.04 | -1588.40) [ 0 1 3 4 2 35 46 61 ]
(435.86 | -416.02) [ 0 22 16 21 31 55 51 61 ]
(436.59 | -204.40) [ 0 9 28 18 39 58 42 61 ]
(448.57 | -185.69) [ 0 14 12 13 52 43 44 61 ]
(457.07 | -134.82) [ 0 29 15 59 45 61 ]
(600.09 | -182.73) [ 0 8 10 20 30 40 60 50 38 61 ]
(525.27 | -254.59) [ 0 6 7 24 37 36 32 61 ]
(295.89 | -244.48) [ 0 27 11 17 57 41 47 61 ]
(467.38 | -414.43) [ 0 5 23 53 54 48 61 ]
(558.88 | -432.00) [ 0 19 25 26 34 56 33 49 61 ]


4881.87
(457.07 | -272.08) [ 0 15 29 45 59 61 ]
(398.68 | -228.08) [ 0 21 27 25 57 55 51 61 ]
(534.82 | -102.30) [ 0 6 7 22 37 36 52 61 ]
(428.78 | -60.74) [ 0 5 12 20 35 31 42 61 ]
(459.32 | -180.59) [ 0 23 24 18 53 54 48 61 ]
(601.23 | -186.21) [ 0 30 11 8 40 60 50 38 61 ]
(399.75 | -138.80) [ 0 17 16 9 39 41 47 61 ]
(575.43 | -143.39) [ 0 2 4 3 1 34 56 33 49 61 ]
(411.82 | -208.15) [ 0 19 26 28 46 58 61 ]
(454.97 | -200.58) [ 0 10 13 14 44 32 43 61 ]


4964.74
(459.52 | -40.85) [ 0 15 25 59 45 61 ]
(395.53 | -373.27) [ 0 14 11 17 47 41 51 61 ]
(403.39 | -472.16) [ 0 28 27 9 39 58 57 61 ]
(470.35 | -325.96) [ 0 5 26 53 54 48 61 ]
(587.46 | -513.54) [ 0 23 20 8 18 40 60 50 38 61 ]
(575.43 | -166.83) [ 0 1 3 4 2 49 33 56 34 61 ]
(393.08 | -64.07) [ 0 10 16 21 46 55 61 ]
(534.82 | -110.36) [ 0 22 7 6 37 36 52 61 ]
(454.49 | -100.33) [ 0 13 19 30 43 32 44 61 ]
(410.67 | -116.41) [ 0 24 12 29 35 31 42 61 ]


4932.69
(460.32 | -51.49) [ 0 14 15 59 45 61 ]
(394.60 | -508.01) [ 0 30 9 17 47 58 39 61 ]
(575.43 | -178.47) [ 0 1 3 4 2 49 33 56 34 61 ]
(418.54 | -201.21) [ 0 25 13 12 35 31 42 61 ]
(392.30 | -225.49) [ 0 27 11 21 57 41 51 61 ]
(443.77 | -116.98) [ 0 23 5 44 43 32 61 ]
(526.89 | -122.71) [ 0 24 7 6 52 36 37 61 ]
(458.67 | -98.51) [ 0 29 22 18 48 54 53 61 ]
(583.03 | -172.45) [ 0 8 10 20 28 40 60 50 38 61 ]
(399.13 | -216.83) [ 0 19 26 16 46 55 61 ]


4822.46
(600.09 | -242.60) [ 0 8 10 20 30 40 60 50 38 61 ]
(450.25 | -255.49) [ 0 5 13 32 43 44 61 ]
(403.39 | -318.09) [ 0 28 27 9 39 58 57 61 ]
(575.43 | -277.14) [ 0 2 4 3 1 34 56 33 49 61 ]
(410.67 | -166.42) [ 0 12 14 16 35 31 42 61 ]
(534.82 | -12.49) [ 0 22 7 6 52 36 37 61 ]
(459.32 | -223.74) [ 0 18 24 23 48 54 53 61 ]
(396.36 | -121.14) [ 0 19 25 26 46 55 61 ]
(457.07 | -71.63) [ 0 29 15 45 59 61 ]
(395.08 | -71.51) [ 0 17 11 21 47 41 51 61 ]


4877.91
(413.91 | -866.36) [ 0 1 3 4 2 41 46 61 ]
(403.39 | -926.52) [ 0 9 27 28 39 58 57 61 ]
(457.07 | -725.58) [ 0 15 29 45 59 61 ]
(389.37 | -381.34) [ 0 17 21 25 51 55 47 61 ]
(525.27 | -160.53) [ 0 24 7 6 32 36 37 61 ]
(582.47 | -211.22) [ 0 8 20 16 18 40 60 50 38 61 ]
(456.69 | -18.51) [ 0 23 30 53 54 48 61 ]
(451.75 | -52.73) [ 0 22 14 13 52 43 44 61 ]
(430.20 | 42.03) [ 0 5 12 10 35 31 42 61 ]
(567.81 | -109.56) [ 0 11 26 19 34 56 33 49 61 ]


4872.08
(435.51 | -135.66) [ 0 25 5 35 55 61 ]
(457.07 | -162.93) [ 0 29 15 59 45 61 ]
(439.73 | -200.40) [ 0 22 28 9 31 58 39 61 ]
(575.43 | -299.37) [ 0 2 4 3 1 34 56 33 49 61 ]
(543.02 | -34.71) [ 0 6 7 20 8 37 36 32 61 ]
(459.32 | -110.25) [ 0 23 24 18 53 54 48 61 ]
(295.89 | -80.26) [ 0 27 11 17 47 41 57 61 ]
(455.76 | -106.14) [ 0 10 13 26 44 43 52 61 ]
(588.21 | -111.59) [ 0 30 19 14 40 60 50 38 61 ]
(442.16 | -153.52) [ 0 21 12 16 51 46 42 61 ]


4924.18
(383.47 | -125.29) [ 0 17 22 16 46 55 61 ]
(536.82 | -113.13) [ 0 20 7 6 37 36 32 61 ]
(575.43 | -246.73) [ 0 2 4 3 1 49 33 56 34 61 ]
(457.07 | -263.12) [ 0 15 29 59 45 61 ]
(459.32 | -298.05) [ 0 18 24 23 48 54 53 61 ]
(456.37 | -232.68) [ 0 30 19 13 44 43 52 61 ]
(403.39 | -223.69) [ 0 28 27 9 39 58 57 61 ]
(398.37 | -139.68) [ 0 10 11 21 47 41 51 61 ]
(410.90 | -149.35) [ 0 25 12 14 35 31 42 61 ]
(603.04 | -144.36) [ 0 8 26 5 40 60 50 38 61 ]


4965.33
(466.37 | -200.33) [ 0 22 20 23 53 31 42 61 ]
(599.72 | -295.98) [ 0 30 25 8 40 60 50 38 61 ]
(457.07 | -506.97) [ 0 15 29 45 59 61 ]
(575.43 | -293.55) [ 0 2 4 3 1 34 56 33 49 61 ]
(454.97 | -166.96) [ 0 10 13 14 32 43 44 61 ]
(437.28 | -260.00) [ 0 19 7 5 35 46 61 ]
(527.56 | -336.32) [ 0 26 12 6 52 36 37 61 ]
(403.39 | -340.02) [ 0 9 27 28 39 58 57 61 ]
(385.17 | -256.64) [ 0 17 16 21 51 55 47 61 ]
(438.37 | -196.41) [ 0 24 11 18 41 54 48 61 ]


4942.19
(601.16 | -318.09) [ 0 2 4 3 1 34 52 37 33 61 ]
(443.37 | 35.15) [ 0 5 28 55 35 61 ]
(457.07 | -14118.48) [ 0 15 29 45 59 61 ]
(295.71 | -347.46) [ 0 27 11 22 47 41 57 61 ]
(465.89 | -265.48) [ 0 6 7 21 31 58 51 61 ]
(463.30 | -182.09) [ 0 23 24 12 42 53 54 61 ]
(459.13 | -178.02) [ 0 9 16 18 48 46 39 61 ]
(448.37 | -341.13) [ 0 13 14 17 32 43 44 61 ]
(548.11 | -44.92) [ 0 19 25 26 49 56 36 61 ]
(600.09 | -131.36) [ 0 8 10 20 30 40 60 50 38 61 ]


4890.07
(389.37 | -343.54) [ 0 25 21 17 51 55 47 61 ]
(575.43 | -319.81) [ 0 2 4 3 1 34 56 33 49 61 ]
(429.94 | -239.21) [ 0 5 10 20 35 31 42 61 ]
(448.43 | -228.72) [ 0 16 12 13 32 43 44 61 ]
(459.32 | -339.95) [ 0 23 24 18 53 54 48 61 ]
(457.07 | -127.19) [ 0 15 29 45 59 61 ]
(403.39 | -121.56) [ 0 28 27 9 39 58 57 61 ]
(404.10 | 100.06) [ 0 8 11 26 46 41 61 ]
(534.82 | 97.32) [ 0 6 7 22 52 36 37 61 ]
(588.21 | -111.94) [ 0 30 19 14 40 60 50 38 61 ]


4795.90
(459.32 | -184.24) [ 0 23 24 18 53 54 48 61 ]
(451.75 | -113.72) [ 0 22 14 13 44 43 52 61 ]
(457.07 | -100.77) [ 0 15 29 45 59 61 ]
(600.09 | -138.54) [ 0 30 20 10 8 40 60 50 38 61 ]
(295.89 | -116.28) [ 0 17 11 27 47 41 57 61 ]
(441.95 | -82.18) [ 0 25 12 21 42 55 51 61 ]
(435.64 | -249.13) [ 0 16 5 35 46 61 ]
(524.27 | -121.60) [ 0 9 7 6 32 36 37 61 ]
(454.49 | -216.56) [ 0 28 26 19 31 58 39 61 ]
(575.43 | -141.02) [ 0 2 4 3 1 34 56 33 49 61 ]


4819.62
(457.07 | -278.00) [ 0 15 29 45 59 61 ]
(451.75 | -314.96) [ 0 13 14 22 52 43 44 61 ]
(459.32 | -143.84) [ 0 18 24 23 53 54 48 61 ]
(403.98 | -108.17) [ 0 21 27 16 51 46 57 61 ]
(575.43 | -53.04) [ 0 1 3 4 2 34 56 33 49 61 ]
(600.09 | -137.43) [ 0 8 10 20 30 40 60 50 38 61 ]
(525.94 | 22.32) [ 0 6 12 26 32 36 37 61 ]
(408.43 | 26.03) [ 0 28 11 41 58 61 ]
(424.31 | 16.87) [ 0 19 7 5 35 31 42 61 ]
(393.30 | -2.64) [ 0 17 9 25 39 55 47 61 ]


4898.12
(442.91 | -78.64) [ 0 20 10 5 35 46 61 ]
(454.36 | -2081.98) [ 0 15 16 45 59 61 ]
(599.72 | -141.58) [ 0 8 25 30 40 60 50 38 61 ]
(295.89 | -291.95) [ 0 17 11 27 47 41 57 61 ]
(575.43 | -329.21) [ 0 2 4 3 1 34 56 33 49 61 ]
(451.75 | -353.34) [ 0 13 14 22 44 43 52 61 ]
(454.49 | -299.52) [ 0 19 26 28 31 58 39 61 ]
(459.32 | -425.22) [ 0 23 24 18 48 54 53 61 ]
(524.27 | -377.88) [ 0 9 7 6 37 36 32 61 ]
(439.97 | -211.75) [ 0 21 29 12 51 55 42 61 ]


4896.84
(590.76 | -537.00) [ 0 25 11 8 40 60 50 38 61 ]
(440.56 | -11473.19) [ 0 5 30 55 35 61 ]
(457.07 | -272.39) [ 0 29 15 45 59 61 ]
(451.51 | -212.97) [ 0 16 26 19 31 46 51 61 ]
(459.32 | -209.74) [ 0 18 24 23 53 54 48 61 ]
(444.24 | -42.11) [ 0 9 12 28 42 58 39 61 ]
(575.43 | -126.95) [ 0 1 3 4 2 49 33 56 34 61 ]
(451.75 | -198.02) [ 0 22 14 13 44 43 52 61 ]
(297.75 | -173.69) [ 0 17 20 10 27 47 41 57 61 ]
(528.45 | -254.31) [ 0 21 7 6 32 36 37 61 ]


4855.07
(575.43 | -152.66) [ 0 1 3 4 2 49 33 56 34 61 ]
(457.07 | -80.02) [ 0 15 29 59 45 61 ]
(451.75 | -380.71) [ 0 13 14 22 52 43 44 61 ]
(396.91 | -233.56) [ 0 9 28 17 39 58 47 61 ]
(387.65 | -126.03) [ 0 30 25 46 55 61 ]
(422.34 | -157.14) [ 0 5 12 27 35 31 42 61 ]
(588.04 | -183.25) [ 0 8 10 20 11 40 60 50 38 61 ]
(525.27 | -284.31) [ 0 24 7 6 32 36 37 61 ]
(451.85 | -163.45) [ 0 23 21 18 53 54 48 61 ]
(398.76 | -98.43) [ 0 19 26 16 57 41 51 61 ]


4940.50
(534.82 | -339.82) [ 0 22 7 6 52 36 37 61 ]
(456.69 | -291.73) [ 0 30 23 48 54 53 61 ]
(397.69 | -933.89) [ 0 21 28 17 51 58 47 61 ]
(405.88 | -543.50) [ 0 27 25 9 39 55 57 61 ]
(448.84 | -89.25) [ 0 2 4 3 1 43 32 34 61 ]
(464.30 | -77.66) [ 0 18 20 15 59 45 61 ]
(417.17 | -39.57) [ 0 12 13 11 35 41 61 ]
(602.80 | -56.79) [ 0 10 14 26 44 56 40 61 ]
(566.95 | -147.39) [ 0 19 5 24 50 60 33 49 61 ]
(445.36 | -145.80) [ 0 16 8 29 46 38 31 42 61 ]


4807.88
(457.07 | -502.70) [ 0 29 15 45 59 61 ]
(426.25 | -340.64) [ 0 6 12 26 35 31 42 61 ]
(524.00 | -323.48) [ 0 19 7 5 37 36 32 61 ]
(575.43 | -209.49) [ 0 2 4 3 1 49 33 56 34 61 ]
(394.58 | -66.92) [ 0 16 28 58 46 61 ]
(451.75 | -169.88) [ 0 22 14 13 44 43 52 61 ]
(459.32 | -190.21) [ 0 18 24 23 53 54 48 61 ]
(600.09 | -176.26) [ 0 30 20 10 8 38 50 60 40 61 ]
(410.02 | -56.63) [ 0 11 27 9 39 41 57 61 ]
(389.37 | -153.70) [ 0 17 21 25 51 55 47 61 ]


4799.26
(435.51 | 28.78) [ 0 5 25 55 35 61 ]
(465.29 | -363.39) [ 0 1 3 4 2 31 46 51 61 ]
(457.07 | -296.28) [ 0 29 15 59 45 61 ]
(451.75 | -147.28) [ 0 13 14 22 44 43 52 61 ]
(528.45 | -162.34) [ 0 6 7 21 32 36 37 61 ]
(444.24 | -182.69) [ 0 9 12 28 42 58 39 61 ]
(600.09 | -242.19) [ 0 8 10 20 30 40 60 50 38 61 ]
(295.89 | -217.38) [ 0 27 11 17 57 41 47 61 ]
(459.32 | -209.14) [ 0 23 24 18 53 54 48 61 ]
(561.65 | -133.59) [ 0 19 26 16 49 33 56 34 61 ]


4848.18
(294.65 | -323.51) [ 0 21 11 27 47 41 57 61 ]
(575.43 | -446.87) [ 0 2 4 3 1 49 33 56 34 61 ]
(435.58 | -408.95) [ 0 19 25 26 55 35 61 ]
(457.07 | -269.57) [ 0 15 29 45 59 61 ]
(441.61 | -208.24) [ 0 12 14 16 51 46 42 61 ]
(459.32 | -132.29) [ 0 23 24 18 53 54 48 61 ]
(534.82 | -83.12) [ 0 22 7 6 52 36 37 61 ]
(600.09 | -215.19) [ 0 8 10 20 30 38 50 60 40 61 ]
(450.25 | 07.16) [ 0 5 13 43 32 44 61 ]
(439.36 | -151.91) [ 0 17 28 9 31 58 39 61 ]


4842.68
(436.27 | -98.74) [ 0 5 28 35 46 61 ]
(457.07 | -2657.85) [ 0 29 15 45 59 61 ]
(467.34 | -236.90) [ 0 1 3 4 2 31 58 39 61 ]
(296.38 | -248.97) [ 0 17 11 9 57 41 47 61 ]
(451.75 | -159.40) [ 0 13 14 22 44 43 52 61 ]
(441.95 | -405.54) [ 0 25 12 21 51 55 42 61 ]
(530.86 | -289.32) [ 0 6 7 27 37 36 32 61 ]
(600.09 | -251.45) [ 0 30 20 10 8 38 50 60 40 61 ]
(459.32 | -164.52) [ 0 23 24 18 48 54 53 61 ]
(561.65 | -138.50) [ 0 19 26 16 49 33 56 34 61 ]


4843.83
(457.07 | -178.76) [ 0 15 29 59 45 61 ]
(575.43 | -185.09) [ 0 2 4 3 1 49 33 56 34 61 ]
(467.38 | -213.16) [ 0 5 23 53 54 48 61 ]
(403.39 | -323.20) [ 0 9 27 28 39 58 57 61 ]
(525.27 | -218.49) [ 0 6 7 24 32 36 37 61 ]
(394.43 | -202.25) [ 0 21 11 18 47 41 51 61 ]
(421.04 | -106.29) [ 0 17 26 12 19 35 31 42 61 ]
(451.75 | -66.38) [ 0 22 14 13 52 43 44 61 ]
(387.99 | -55.80) [ 0 16 25 46 55 61 ]
(600.09 | -69.56) [ 0 8 10 20 30 40 60 50 38 61 ]


4883.67
(524.00 | -109.45) [ 0 19 7 5 37 36 32 61 ]
(386.80 | -128.11) [ 0 16 29 46 41 61 ]
(403.39 | -487.28) [ 0 9 27 28 57 58 39 61 ]
(451.75 | -431.64) [ 0 22 14 13 44 43 52 61 ]
(466.12 | -65.84) [ 0 15 20 10 45 59 61 ]
(575.43 | -60.25) [ 0 1 3 4 2 49 33 56 34 61 ]
(459.32 | -259.83) [ 0 18 24 23 53 54 48 61 ]
(426.25 | -161.74) [ 0 26 12 6 35 31 42 61 ]
(389.37 | -98.53) [ 0 25 21 17 47 55 51 61 ]
(601.23 | -300.64) [ 0 30 11 8 40 60 50 38 61 ]


4818.31
(405.52 | -753.91) [ 0 11 26 19 55 41 61 ]
(575.43 | -554.66) [ 0 2 4 3 1 34 56 33 49 61 ]
(415.44 | -140.75) [ 0 5 25 35 31 42 61 ]
(534.82 | -335.79) [ 0 22 7 6 37 36 52 61 ]
(404.80 | -132.72) [ 0 21 27 28 51 58 57 61 ]
(457.07 | -103.46) [ 0 29 15 59 45 61 ]
(600.09 | -137.63) [ 0 30 20 10 8 40 60 50 38 61 ]
(446.69 | -249.14) [ 0 13 12 14 32 43 44 61 ]
(459.32 | -232.22) [ 0 18 24 23 53 54 48 61 ]
(399.14 | -76.85) [ 0 17 16 9 39 46 47 61 ]


