2714.06
(455.76 | 219.25) [ 0 12 14 29 27 31 ]
(543.23 | 210.44) [ 0 3 2 23 18 26 31 ]
(362.59 | 226.91) [ 0 1 19 16 31 ]
(295.12 | 212.23) [ 0 9 13 11 28 31 ]
(495.21 | 212.14) [ 0 4 5 6 24 17 20 31 ]
(442.16 | 215.55) [ 0 10 8 7 15 25 21 22 30 31 ]


2714.06
(495.21 | -4609.29) [ 0 6 5 4 20 17 24 31 ]
(455.76 | 52.59) [ 0 14 12 27 29 31 ]
(442.16 | 197.09) [ 0 15 7 8 10 30 22 21 25 31 ]
(362.59 | 190.20) [ 0 1 16 19 31 ]
(543.23 | 251.97) [ 0 2 3 26 18 23 31 ]
(295.12 | 200.94) [ 0 11 13 9 28 31 ]


2714.06
(442.16 | 63.37) [ 0 15 7 8 10 25 21 22 30 31 ]
(543.23 | 212.38) [ 0 2 3 23 18 26 31 ]
(295.12 | 231.52) [ 0 11 13 9 28 31 ]
(455.76 | 199.43) [ 0 14 12 29 27 31 ]
(495.21 | 218.58) [ 0 6 5 4 20 17 24 31 ]
(362.59 | 208.32) [ 0 1 16 19 31 ]


2714.06
(362.59 | 105.07) [ 0 1 16 19 31 ]
(455.76 | 155.37) [ 0 12 14 29 27 31 ]
(295.12 | 171.46) [ 0 9 13 11 28 31 ]
(543.23 | 198.03) [ 0 2 3 26 18 23 31 ]
(442.16 | 206.17) [ 0 15 7 8 10 30 22 21 25 31 ]
(495.21 | 211.45) [ 0 6 5 4 24 17 20 31 ]


2714.06
(543.23 | -603.94) [ 0 2 3 26 18 23 31 ]
(295.12 | 195.25) [ 0 11 13 9 28 31 ]
(455.76 | 206.10) [ 0 14 12 29 27 31 ]
(362.59 | 239.87) [ 0 1 19 16 31 ]
(495.21 | 213.10) [ 0 6 5 4 20 17 24 31 ]
(442.16 | 211.80) [ 0 15 7 8 10 30 22 21 25 31 ]


2714.06
(295.12 | -3504.87) [ 0 11 13 9 28 31 ]
(455.76 | 116.81) [ 0 14 12 29 27 31 ]
(543.23 | 143.88) [ 0 3 2 23 18 26 31 ]
(362.59 | 216.17) [ 0 1 16 19 31 ]
(442.16 | 217.83) [ 0 10 8 7 15 25 21 22 30 31 ]
(495.21 | 204.40) [ 0 6 5 4 24 17 20 31 ]


2714.06
(543.23 | 158.53) [ 0 2 3 23 18 26 31 ]
(455.76 | 210.18) [ 0 12 14 29 27 31 ]
(362.59 | 220.17) [ 0 1 16 19 31 ]
(442.16 | 224.91) [ 0 10 8 7 15 30 22 21 25 31 ]
(295.12 | 209.07) [ 0 11 13 9 28 31 ]
(495.21 | 210.65) [ 0 4 5 6 20 17 24 31 ]


2714.06
(295.12 | -5491.29) [ 0 11 13 9 28 31 ]
(495.21 | -6576.88) [ 0 6 5 4 24 17 20 31 ]
(543.23 | -759.64) [ 0 3 2 26 18 23 31 ]
(455.76 | -574.92) [ 0 14 12 27 29 31 ]
(442.16 | 124.42) [ 0 10 8 7 15 25 21 22 30 31 ]
(362.59 | 226.98) [ 0 1 16 19 31 ]


2714.06
(543.23 | -1340.98) [ 0 2 3 26 18 23 31 ]
(495.21 | 205.39) [ 0 6 5 4 24 17 20 31 ]
(455.76 | 221.49) [ 0 12 14 29 27 31 ]
(442.16 | 203.04) [ 0 15 7 8 10 30 22 21 25 31 ]
(295.12 | 217.17) [ 0 9 13 11 28 31 ]
(362.59 | 222.67) [ 0 1 19 16 31 ]


2714.06
(543.23 | -150.68) [ 0 2 3 23 18 26 31 ]
(495.21 | 257.74) [ 0 6 5 4 20 17 24 31 ]
(455.76 | 223.19) [ 0 12 14 29 27 31 ]
(442.16 | 246.58) [ 0 10 8 7 15 30 22 21 25 31 ]
(295.12 | 237.87) [ 0 9 13 11 28 31 ]
(362.59 | 215.33) [ 0 1 19 16 31 ]


2714.06
(455.76 | 243.71) [ 0 12 14 29 27 31 ]
(543.23 | 220.81) [ 0 3 2 23 18 26 31 ]
(362.59 | 231.77) [ 0 1 16 19 31 ]
(295.12 | 227.33) [ 0 9 13 11 28 31 ]
(495.21 | 193.14) [ 0 6 5 4 20 17 24 31 ]
(442.16 | 183.32) [ 0 15 7 8 10 25 21 22 30 31 ]


2714.06
(295.12 | -1451.66) [ 0 11 13 9 28 31 ]
(455.76 | -6144.00) [ 0 14 12 29 27 31 ]
(495.21 | 207.30) [ 0 4 5 6 24 17 20 31 ]
(543.23 | 148.19) [ 0 3 2 26 18 23 31 ]
(362.59 | 194.50) [ 0 1 19 16 31 ]
(442.16 | 218.01) [ 0 15 7 8 10 25 21 22 30 31 ]


2714.06
(495.21 | -3499.23) [ 0 4 5 6 24 17 20 31 ]
(295.12 | 250.94) [ 0 11 13 9 28 31 ]
(543.23 | 220.31) [ 0 3 2 26 18 23 31 ]
(455.76 | 212.42) [ 0 12 14 29 27 31 ]
(362.59 | 225.73) [ 0 1 19 16 31 ]
(442.16 | 212.87) [ 0 10 8 7 15 30 22 21 25 31 ]


2714.06
(543.23 | -15.15) [ 0 2 3 23 18 26 31 ]
(362.59 | 204.44) [ 0 1 19 16 31 ]
(455.76 | 240.20) [ 0 14 12 29 27 31 ]
(295.12 | 216.91) [ 0 11 13 9 28 31 ]
(442.16 | 215.45) [ 0 15 7 8 10 25 21 22 30 31 ]
(495.21 | 215.85) [ 0 4 5 6 24 17 20 31 ]


2714.06
(543.23 | 113.96) [ 0 2 3 26 18 23 31 ]
(495.21 | 222.00) [ 0 6 5 4 20 17 24 31 ]
(455.76 | 206.88) [ 0 12 14 29 27 31 ]
(442.16 | 228.64) [ 0 15 7 8 10 25 21 22 30 31 ]
(295.12 | 224.85) [ 0 11 13 9 28 31 ]
(362.59 | 228.17) [ 0 1 16 19 31 ]


2714.06
(543.23 | 108.01) [ 0 3 2 26 18 23 31 ]
(442.16 | 225.95) [ 0 10 8 7 15 30 22 21 25 31 ]
(362.59 | 237.84) [ 0 1 16 19 31 ]
(455.76 | 226.32) [ 0 14 12 29 27 31 ]
(495.21 | 246.90) [ 0 4 5 6 20 17 24 31 ]
(295.12 | 203.42) [ 0 9 13 11 28 31 ]


2714.06
(543.23 | 37.47) [ 0 2 3 26 18 23 31 ]
(455.76 | 183.95) [ 0 12 14 29 27 31 ]
(442.16 | 181.72) [ 0 15 7 8 10 25 21 22 30 31 ]
(362.59 | 233.32) [ 0 1 19 16 31 ]
(295.12 | 211.48) [ 0 11 13 9 28 31 ]
(495.21 | 213.80) [ 0 6 5 4 20 17 24 31 ]


2714.06
(295.12 | -2558.63) [ 0 11 13 9 28 31 ]
(455.76 | -3851.42) [ 0 12 14 29 27 31 ]
(543.23 | 97.15) [ 0 3 2 26 18 23 31 ]
(495.21 | 85.74) [ 0 6 5 4 24 17 20 31 ]
(442.16 | 137.55) [ 0 10 8 7 15 30 22 21 25 31 ]
(362.59 | 213.41) [ 0 1 19 16 31 ]


2734.83
(420.73 | -4667.40) [ 0 2 30 17 25 31 ]
(382.03 | 122.80) [ 0 3 1 19 16 31 ]
(495.22 | 112.63) [ 0 4 5 6 20 24 21 22 31 ]
(455.76 | 171.99) [ 0 14 12 29 27 31 ]
(288.66 | 167.01) [ 0 10 15 13 28 31 ]
(572.43 | 209.10) [ 0 11 7 8 9 26 18 23 31 ]


2714.06
(455.76 | 133.31) [ 0 14 12 29 27 31 ]
(495.21 | 192.18) [ 0 4 5 6 24 17 20 31 ]
(362.59 | 219.63) [ 0 1 19 16 31 ]
(543.23 | 198.94) [ 0 3 2 26 18 23 31 ]
(295.12 | 237.24) [ 0 9 13 11 28 31 ]
(442.16 | 253.31) [ 0 15 7 8 10 30 22 21 25 31 ]


2714.06
(495.21 | -123.39) [ 0 6 5 4 24 17 20 31 ]
(543.23 | 224.00) [ 0 2 3 23 18 26 31 ]
(442.16 | 221.72) [ 0 15 7 8 10 30 22 21 25 31 ]
(455.76 | 206.99) [ 0 14 12 29 27 31 ]
(295.12 | 213.55) [ 0 9 13 11 28 31 ]
(362.59 | 209.91) [ 0 1 16 19 31 ]


2714.06
(543.23 | 63.76) [ 0 3 2 26 18 23 31 ]
(442.16 | 214.64) [ 0 15 7 8 10 30 22 21 25 31 ]
(455.76 | 221.56) [ 0 12 14 29 27 31 ]
(295.12 | 211.61) [ 0 9 13 11 28 31 ]
(362.59 | 223.54) [ 0 1 19 16 31 ]
(495.21 | 222.32) [ 0 6 5 4 20 17 24 31 ]


2714.06
(455.76 | -1254.52) [ 0 12 14 29 27 31 ]
(543.23 | 177.67) [ 0 2 3 26 18 23 31 ]
(362.59 | 225.17) [ 0 1 19 16 31 ]
(442.16 | 202.99) [ 0 15 7 8 10 25 21 22 30 31 ]
(495.21 | 223.67) [ 0 6 5 4 24 17 20 31 ]
(295.12 | 203.59) [ 0 11 13 9 28 31 ]


2714.06
(455.76 | -237.47) [ 0 12 14 29 27 31 ]
(442.16 | -406.87) [ 0 15 7 8 10 25 21 22 30 31 ]
(543.23 | 230.49) [ 0 3 2 26 18 23 31 ]
(295.12 | 194.74) [ 0 9 13 11 28 31 ]
(495.21 | 197.83) [ 0 4 5 6 20 17 24 31 ]
(362.59 | 210.65) [ 0 1 19 16 31 ]


2714.06
(495.21 | -4122.54) [ 0 4 5 6 20 17 24 31 ]
(442.16 | -129.46) [ 0 15 7 8 10 30 22 21 25 31 ]
(455.76 | -214.28) [ 0 12 14 29 27 31 ]
(295.12 | 188.52) [ 0 11 13 9 28 31 ]
(543.23 | 175.17) [ 0 3 2 23 18 26 31 ]
(362.59 | 244.23) [ 0 1 19 16 31 ]


2714.06
(543.23 | 135.92) [ 0 2 3 26 18 23 31 ]
(362.59 | 223.35) [ 0 1 19 16 31 ]
(442.16 | 246.68) [ 0 15 7 8 10 25 21 22 30 31 ]
(455.76 | 244.00) [ 0 14 12 29 27 31 ]
(495.21 | 208.20) [ 0 6 5 4 24 17 20 31 ]
(295.12 | 197.57) [ 0 9 13 11 28 31 ]


2714.06
(543.23 | -314.43) [ 0 2 3 23 18 26 31 ]
(495.21 | 225.51) [ 0 6 5 4 20 17 24 31 ]
(362.59 | 218.95) [ 0 1 19 16 31 ]
(455.76 | 225.73) [ 0 12 14 29 27 31 ]
(442.16 | 267.75) [ 0 15 7 8 10 30 22 21 25 31 ]
(295.12 | 212.59) [ 0 11 13 9 28 31 ]


2714.06
(362.59 | 84.49) [ 0 1 16 19 31 ]
(455.76 | 106.91) [ 0 14 12 27 29 31 ]
(543.23 | 127.02) [ 0 3 2 23 18 26 31 ]
(442.16 | 125.55) [ 0 15 7 8 10 25 21 22 30 31 ]
(495.21 | 209.92) [ 0 6 5 4 24 17 20 31 ]
(295.12 | 212.43) [ 0 9 13 11 28 31 ]


2714.06
(362.59 | 107.68) [ 0 1 16 19 31 ]
(543.23 | 191.88) [ 0 2 3 23 18 26 31 ]
(455.76 | 258.86) [ 0 12 14 27 29 31 ]
(295.12 | 207.56) [ 0 9 13 11 28 31 ]
(495.21 | 250.45) [ 0 6 5 4 20 17 24 31 ]
(442.16 | 256.84) [ 0 10 8 7 15 25 21 22 30 31 ]


2714.06
(455.76 | -328.64) [ 0 12 14 29 27 31 ]
(543.23 | 104.30) [ 0 2 3 26 18 23 31 ]
(495.21 | 181.28) [ 0 4 5 6 20 17 24 31 ]
(442.16 | 216.13) [ 0 15 7 8 10 30 22 21 25 31 ]
(362.59 | 242.12) [ 0 1 16 19 31 ]
(295.12 | 235.82) [ 0 11 13 9 28 31 ]


2714.06
(362.59 | 234.66) [ 0 1 16 19 31 ]
(442.16 | 96.34) [ 0 15 7 8 10 30 22 21 25 31 ]
(543.23 | 190.30) [ 0 3 2 23 18 26 31 ]
(495.21 | 244.75) [ 0 6 5 4 20 17 24 31 ]
(455.76 | 221.15) [ 0 14 12 29 27 31 ]
(295.12 | 197.87) [ 0 9 13 11 28 31 ]


2714.06
(495.21 | 53.93) [ 0 6 5 4 20 17 24 31 ]
(543.23 | 109.25) [ 0 3 2 26 18 23 31 ]
(442.16 | 36.02) [ 0 15 7 8 10 30 22 21 25 31 ]
(455.76 | 235.71) [ 0 12 14 29 27 31 ]
(362.59 | 247.38) [ 0 1 16 19 31 ]
(295.12 | 265.30) [ 0 9 13 11 28 31 ]


2714.06
(362.59 | 215.03) [ 0 1 16 19 31 ]
(495.21 | 240.48) [ 0 6 5 4 20 17 24 31 ]
(543.23 | 275.83) [ 0 2 3 23 18 26 31 ]
(455.76 | 259.55) [ 0 12 14 29 27 31 ]
(295.12 | 209.54) [ 0 9 13 11 28 31 ]
(442.16 | 203.92) [ 0 15 7 8 10 25 21 22 30 31 ]


2714.06
(442.16 | 44.38) [ 0 10 8 7 15 30 22 21 25 31 ]
(455.76 | 151.23) [ 0 12 14 29 27 31 ]
(495.21 | 138.69) [ 0 4 5 6 24 17 20 31 ]
(295.12 | 89.04) [ 0 11 13 9 28 31 ]
(543.23 | 295.43) [ 0 2 3 23 18 26 31 ]
(362.59 | 279.93) [ 0 1 16 19 31 ]


2714.06
(455.76 | 239.31) [ 0 14 12 29 27 31 ]
(495.21 | 249.22) [ 0 4 5 6 20 17 24 31 ]
(543.23 | 257.24) [ 0 3 2 23 18 26 31 ]
(295.12 | 229.29) [ 0 11 13 9 28 31 ]
(362.59 | 224.85) [ 0 1 16 19 31 ]
(442.16 | 233.99) [ 0 10 8 7 15 30 22 21 25 31 ]


2714.06
(543.23 | -100.66) [ 0 2 3 23 18 26 31 ]
(455.76 | 182.21) [ 0 14 12 27 29 31 ]
(362.59 | 150.84) [ 0 1 19 16 31 ]
(442.16 | 191.39) [ 0 15 7 8 10 25 21 22 30 31 ]
(295.12 | 205.10) [ 0 11 13 9 28 31 ]
(495.21 | 221.72) [ 0 4 5 6 20 17 24 31 ]


2714.06
(495.21 | -475.37) [ 0 4 5 6 24 17 20 31 ]
(543.23 | -657.63) [ 0 2 3 23 18 26 31 ]
(455.76 | -394.09) [ 0 12 14 29 27 31 ]
(362.59 | 187.00) [ 0 1 19 16 31 ]
(442.16 | 243.29) [ 0 10 8 7 15 30 22 21 25 31 ]
(295.12 | 193.82) [ 0 11 13 9 28 31 ]


2714.06
(543.23 | 185.56) [ 0 3 2 23 18 26 31 ]
(442.16 | 197.59) [ 0 15 7 8 10 30 22 21 25 31 ]
(495.21 | 201.19) [ 0 4 5 6 20 17 24 31 ]
(455.76 | 227.49) [ 0 14 12 29 27 31 ]
(295.12 | 250.87) [ 0 11 13 9 28 31 ]
(362.59 | 239.13) [ 0 1 19 16 31 ]


2714.06
(495.21 | 120.09) [ 0 6 5 4 20 17 24 31 ]
(543.23 | 104.41) [ 0 3 2 26 18 23 31 ]
(455.76 | 214.40) [ 0 14 12 27 29 31 ]
(442.16 | 207.15) [ 0 15 7 8 10 25 21 22 30 31 ]
(295.12 | 207.37) [ 0 11 13 9 28 31 ]
(362.59 | 213.48) [ 0 1 19 16 31 ]


2714.06
(543.23 | 75.27) [ 0 3 2 26 18 23 31 ]
(442.16 | 237.96) [ 0 10 8 7 15 30 22 21 25 31 ]
(455.76 | 229.81) [ 0 12 14 29 27 31 ]
(362.59 | 203.34) [ 0 1 19 16 31 ]
(295.12 | 197.92) [ 0 11 13 9 28 31 ]
(495.21 | 211.02) [ 0 4 5 6 20 17 24 31 ]


2714.06
(455.76 | -20897.29) [ 0 12 14 29 27 31 ]
(495.21 | 229.95) [ 0 4 5 6 24 17 20 31 ]
(543.23 | 216.81) [ 0 2 3 26 18 23 31 ]
(295.12 | 235.66) [ 0 11 13 9 28 31 ]
(362.59 | 224.74) [ 0 1 16 19 31 ]
(442.16 | 222.33) [ 0 15 7 8 10 25 21 22 30 31 ]


2714.06
(543.23 | -571.37) [ 0 3 2 26 18 23 31 ]
(455.76 | 176.47) [ 0 12 14 29 27 31 ]
(442.16 | 144.51) [ 0 10 8 7 15 25 21 22 30 31 ]
(295.12 | 207.82) [ 0 11 13 9 28 31 ]
(362.59 | 212.10) [ 0 1 16 19 31 ]
(495.21 | 215.38) [ 0 6 5 4 24 17 20 31 ]


2714.06
(495.21 | -29.50) [ 0 6 5 4 24 17 20 31 ]
(543.23 | 12.50) [ 0 2 3 26 18 23 31 ]
(362.59 | 257.75) [ 0 1 16 19 31 ]
(455.76 | 244.25) [ 0 12 14 29 27 31 ]
(442.16 | 256.49) [ 0 10 8 7 15 30 22 21 25 31 ]
(295.12 | 197.67) [ 0 9 13 11 28 31 ]


2714.06
(295.12 | -2165.29) [ 0 9 13 11 28 31 ]
(495.21 | 188.61) [ 0 4 5 6 20 17 24 31 ]
(543.23 | 148.41) [ 0 2 3 23 18 26 31 ]
(442.16 | 149.80) [ 0 15 7 8 10 25 21 22 30 31 ]
(455.76 | 220.11) [ 0 12 14 29 27 31 ]
(362.59 | 214.50) [ 0 1 19 16 31 ]


2714.06
(455.76 | -364.85) [ 0 12 14 29 27 31 ]
(543.23 | 193.55) [ 0 2 3 26 18 23 31 ]
(295.12 | 221.25) [ 0 11 13 9 28 31 ]
(442.16 | 209.26) [ 0 15 7 8 10 30 22 21 25 31 ]
(362.59 | 219.73) [ 0 1 16 19 31 ]
(495.21 | 202.79) [ 0 6 5 4 20 17 24 31 ]


2714.06
(543.23 | -321.55) [ 0 3 2 23 18 26 31 ]
(442.16 | 198.68) [ 0 15 7 8 10 30 22 21 25 31 ]
(455.76 | 190.83) [ 0 14 12 29 27 31 ]
(495.21 | 236.30) [ 0 4 5 6 24 17 20 31 ]
(362.59 | 215.19) [ 0 1 16 19 31 ]
(295.12 | 201.31) [ 0 11 13 9 28 31 ]


2714.06
(495.21 | -704.72) [ 0 6 5 4 24 17 20 31 ]
(295.12 | 231.04) [ 0 9 13 11 28 31 ]
(442.16 | 237.73) [ 0 10 8 7 15 30 22 21 25 31 ]
(455.76 | 226.20) [ 0 12 14 29 27 31 ]
(543.23 | 198.96) [ 0 3 2 26 18 23 31 ]
(362.59 | 223.89) [ 0 1 19 16 31 ]


2714.06
(543.23 | -468.16) [ 0 3 2 26 18 23 31 ]
(495.21 | 250.92) [ 0 4 5 6 24 17 20 31 ]
(442.16 | 227.33) [ 0 15 7 8 10 30 22 21 25 31 ]
(362.59 | 241.64) [ 0 1 16 19 31 ]
(455.76 | 245.50) [ 0 12 14 29 27 31 ]
(295.12 | 265.98) [ 0 11 13 9 28 31 ]


2714.06
(495.21 | 86.43) [ 0 6 5 4 20 17 24 31 ]
(455.76 | 224.56) [ 0 14 12 29 27 31 ]
(362.59 | 240.44) [ 0 1 16 19 31 ]
(442.16 | 248.56) [ 0 10 8 7 15 30 22 21 25 31 ]
(543.23 | 189.68) [ 0 3 2 23 18 26 31 ]
(295.12 | 214.20) [ 0 9 13 11 28 31 ]


2714.06
(543.23 | -793.96) [ 0 2 3 26 18 23 31 ]
(362.59 | 251.73) [ 0 1 16 19 31 ]
(455.76 | 235.96) [ 0 12 14 29 27 31 ]
(442.16 | 243.39) [ 0 15 7 8 10 25 21 22 30 31 ]
(295.12 | 261.08) [ 0 11 13 9 28 31 ]
(495.21 | 222.20) [ 0 6 5 4 24 17 20 31 ]


2714.06
(455.76 | 223.98) [ 0 12 14 29 27 31 ]
(362.59 | 237.05) [ 0 1 19 16 31 ]
(543.23 | 195.50) [ 0 2 3 23 18 26 31 ]
(442.16 | 227.52) [ 0 15 7 8 10 25 21 22 30 31 ]
(495.21 | 231.33) [ 0 6 5 4 20 17 24 31 ]
(295.12 | 228.80) [ 0 9 13 11 28 31 ]


2714.06
(455.76 | -194.46) [ 0 12 14 29 27 31 ]
(543.23 | -163.27) [ 0 3 2 26 18 23 31 ]
(495.21 | 228.45) [ 0 6 5 4 20 17 24 31 ]
(442.16 | 206.25) [ 0 15 7 8 10 30 22 21 25 31 ]
(362.59 | 227.08) [ 0 1 19 16 31 ]
(295.12 | 227.29) [ 0 11 13 9 28 31 ]


2714.06
(543.23 | -271.96) [ 0 2 3 23 18 26 31 ]
(295.12 | 188.08) [ 0 11 13 9 28 31 ]
(455.76 | 205.38) [ 0 12 14 29 27 31 ]
(362.59 | 224.73) [ 0 1 16 19 31 ]
(495.21 | 229.34) [ 0 4 5 6 20 17 24 31 ]
(442.16 | 225.38) [ 0 15 7 8 10 30 22 21 25 31 ]


2714.06
(455.76 | -653.16) [ 0 12 14 27 29 31 ]
(495.21 | -983.27) [ 0 4 5 6 20 17 24 31 ]
(543.23 | -487.17) [ 0 2 3 26 18 23 31 ]
(362.59 | 121.01) [ 0 1 19 16 31 ]
(295.12 | 190.51) [ 0 11 13 9 28 31 ]
(442.16 | 205.25) [ 0 10 8 7 15 25 21 22 30 31 ]


2714.06
(543.23 | -35.18) [ 0 2 3 23 18 26 31 ]
(442.16 | 220.99) [ 0 10 8 7 15 30 22 21 25 31 ]
(295.12 | 233.60) [ 0 11 13 9 28 31 ]
(455.76 | 233.14) [ 0 12 14 29 27 31 ]
(362.59 | 249.31) [ 0 1 19 16 31 ]
(495.21 | 186.30) [ 0 6 5 4 20 17 24 31 ]


2714.06
(543.23 | 01.00) [ 0 3 2 26 18 23 31 ]
(442.16 | 105.46) [ 0 15 7 8 10 25 21 22 30 31 ]
(455.76 | 178.00) [ 0 12 14 29 27 31 ]
(362.59 | 243.44) [ 0 1 19 16 31 ]
(295.12 | 249.30) [ 0 11 13 9 28 31 ]
(495.21 | 205.17) [ 0 6 5 4 20 17 24 31 ]


2714.06
(455.76 | -225.19) [ 0 14 12 29 27 31 ]
(442.16 | -160.57) [ 0 10 8 7 15 25 21 22 30 31 ]
(543.23 | -434.50) [ 0 3 2 23 18 26 31 ]
(495.21 | 186.68) [ 0 6 5 4 24 17 20 31 ]
(295.12 | 207.91) [ 0 9 13 11 28 31 ]
(362.59 | 206.83) [ 0 1 19 16 31 ]


2714.06
(543.23 | -163.30) [ 0 3 2 23 18 26 31 ]
(495.21 | 192.34) [ 0 6 5 4 20 17 24 31 ]
(455.76 | 154.77) [ 0 12 14 29 27 31 ]
(295.12 | 250.57) [ 0 11 13 9 28 31 ]
(442.16 | 246.11) [ 0 15 7 8 10 25 21 22 30 31 ]
(362.59 | 208.78) [ 0 1 16 19 31 ]


2714.06
(543.23 | -224.03) [ 0 3 2 23 18 26 31 ]
(455.76 | 200.29) [ 0 12 14 29 27 31 ]
(362.59 | 236.93) [ 0 1 19 16 31 ]
(442.16 | 240.95) [ 0 15 7 8 10 25 21 22 30 31 ]
(495.21 | 217.53) [ 0 6 5 4 24 17 20 31 ]
(295.12 | 208.45) [ 0 11 13 9 28 31 ]


2714.06
(543.23 | -345.71) [ 0 3 2 23 18 26 31 ]
(455.76 | 170.30) [ 0 12 14 29 27 31 ]
(495.21 | 216.47) [ 0 6 5 4 20 17 24 31 ]
(295.12 | 215.90) [ 0 11 13 9 28 31 ]
(362.59 | 214.30) [ 0 1 16 19 31 ]
(442.16 | 225.59) [ 0 15 7 8 10 25 21 22 30 31 ]


2714.06
(543.23 | -323.63) [ 0 3 2 26 18 23 31 ]
(442.16 | 216.03) [ 0 10 8 7 15 25 21 22 30 31 ]
(455.76 | 247.59) [ 0 14 12 29 27 31 ]
(495.21 | 194.27) [ 0 6 5 4 24 17 20 31 ]
(362.59 | 215.62) [ 0 1 16 19 31 ]
(295.12 | 232.74) [ 0 11 13 9 28 31 ]


2714.06
(495.21 | -9.85) [ 0 6 5 4 24 17 20 31 ]
(543.23 | 150.81) [ 0 3 2 23 18 26 31 ]
(362.59 | 212.09) [ 0 1 16 19 31 ]
(455.76 | 236.60) [ 0 14 12 29 27 31 ]
(295.12 | 237.17) [ 0 9 13 11 28 31 ]
(442.16 | 207.87) [ 0 15 7 8 10 25 21 22 30 31 ]


2714.06
(543.23 | -1817.87) [ 0 3 2 23 18 26 31 ]
(495.21 | -206.09) [ 0 6 5 4 24 17 20 31 ]
(455.76 | 235.40) [ 0 14 12 29 27 31 ]
(295.12 | 241.57) [ 0 9 13 11 28 31 ]
(442.16 | 271.24) [ 0 10 8 7 15 25 21 22 30 31 ]
(362.59 | 195.93) [ 0 1 19 16 31 ]


2714.06
(455.76 | 88.13) [ 0 14 12 29 27 31 ]
(295.12 | 191.13) [ 0 9 13 11 28 31 ]
(543.23 | 218.28) [ 0 2 3 23 18 26 31 ]
(495.21 | 232.86) [ 0 6 5 4 24 17 20 31 ]
(362.59 | 218.35) [ 0 1 16 19 31 ]
(442.16 | 216.00) [ 0 15 7 8 10 30 22 21 25 31 ]


2714.06
(495.21 | 223.79) [ 0 4 5 6 24 17 20 31 ]
(543.23 | 210.05) [ 0 3 2 23 18 26 31 ]
(295.12 | 227.20) [ 0 11 13 9 28 31 ]
(362.59 | 249.04) [ 0 1 19 16 31 ]
(455.76 | 206.05) [ 0 14 12 29 27 31 ]
(442.16 | 197.64) [ 0 15 7 8 10 30 22 21 25 31 ]


2714.06
(543.23 | -496.59) [ 0 3 2 23 18 26 31 ]
(455.76 | -58.82) [ 0 14 12 27 29 31 ]
(495.21 | 16.26) [ 0 4 5 6 24 17 20 31 ]
(362.59 | 198.08) [ 0 1 19 16 31 ]
(442.16 | 207.95) [ 0 15 7 8 10 30 22 21 25 31 ]
(295.12 | 214.86) [ 0 9 13 11 28 31 ]


2714.06
(495.21 | -2689.41) [ 0 6 5 4 24 17 20 31 ]
(442.16 | 113.34) [ 0 10 8 7 15 25 21 22 30 31 ]
(455.76 | 215.66) [ 0 14 12 29 27 31 ]
(362.59 | 248.92) [ 0 1 16 19 31 ]
(543.23 | 241.41) [ 0 3 2 26 18 23 31 ]
(295.12 | 221.94) [ 0 11 13 9 28 31 ]


2714.06
(362.59 | 260.49) [ 0 1 16 19 31 ]
(543.23 | 255.10) [ 0 3 2 23 18 26 31 ]
(455.76 | 216.51) [ 0 14 12 29 27 31 ]
(295.12 | 215.63) [ 0 11 13 9 28 31 ]
(442.16 | 187.56) [ 0 15 7 8 10 25 21 22 30 31 ]
(495.21 | 210.29) [ 0 4 5 6 20 17 24 31 ]


2714.06
(495.21 | 212.68) [ 0 6 5 4 20 17 24 31 ]
(455.76 | 217.03) [ 0 12 14 29 27 31 ]
(442.16 | 252.47) [ 0 15 7 8 10 25 21 22 30 31 ]
(543.23 | 241.09) [ 0 3 2 26 18 23 31 ]
(362.59 | 232.98) [ 0 1 16 19 31 ]
(295.12 | 231.30) [ 0 9 13 11 28 31 ]


2714.06
(543.23 | -72.92) [ 0 2 3 26 18 23 31 ]
(455.76 | 217.21) [ 0 14 12 29 27 31 ]
(295.12 | 253.79) [ 0 11 13 9 28 31 ]
(362.59 | 231.17) [ 0 1 16 19 31 ]
(495.21 | 246.37) [ 0 4 5 6 20 17 24 31 ]
(442.16 | 256.18) [ 0 15 7 8 10 30 22 21 25 31 ]


2714.06
(543.23 | -283.30) [ 0 3 2 26 18 23 31 ]
(455.76 | 225.48) [ 0 12 14 29 27 31 ]
(295.12 | 241.67) [ 0 9 13 11 28 31 ]
(362.59 | 222.68) [ 0 1 16 19 31 ]
(442.16 | 192.63) [ 0 10 8 7 15 30 22 21 25 31 ]
(495.21 | 205.20) [ 0 4 5 6 20 17 24 31 ]


2714.06
(543.23 | -439.95) [ 0 3 2 26 18 23 31 ]
(495.21 | 185.21) [ 0 4 5 6 24 17 20 31 ]
(442.16 | 116.07) [ 0 15 7 8 10 25 21 22 30 31 ]
(455.76 | 227.43) [ 0 12 14 29 27 31 ]
(362.59 | 216.02) [ 0 1 19 16 31 ]
(295.12 | 218.32) [ 0 11 13 9 28 31 ]


2714.06
(455.76 | -37.45) [ 0 12 14 27 29 31 ]
(543.23 | 236.03) [ 0 3 2 23 18 26 31 ]
(295.12 | 228.46) [ 0 11 13 9 28 31 ]
(495.21 | 204.90) [ 0 6 5 4 20 17 24 31 ]
(362.59 | 211.22) [ 0 1 16 19 31 ]
(442.16 | 207.57) [ 0 10 8 7 15 25 21 22 30 31 ]


2714.06
(543.23 | -646.29) [ 0 2 3 26 18 23 31 ]
(295.12 | 126.36) [ 0 11 13 9 28 31 ]
(362.59 | 224.94) [ 0 1 19 16 31 ]
(455.76 | 205.82) [ 0 14 12 29 27 31 ]
(495.21 | 187.93) [ 0 4 5 6 24 17 20 31 ]
(442.16 | 229.86) [ 0 10 8 7 15 25 21 22 30 31 ]


2714.06
(543.23 | 247.69) [ 0 2 3 23 18 26 31 ]
(295.12 | 255.65) [ 0 11 13 9 28 31 ]
(455.76 | 222.02) [ 0 12 14 29 27 31 ]
(362.59 | 210.08) [ 0 1 19 16 31 ]
(495.21 | 229.38) [ 0 6 5 4 24 17 20 31 ]
(442.16 | 227.93) [ 0 10 8 7 15 25 21 22 30 31 ]


2714.06
(543.23 | 20.61) [ 0 3 2 23 18 26 31 ]
(455.76 | 234.76) [ 0 14 12 29 27 31 ]
(362.59 | 209.95) [ 0 1 19 16 31 ]
(295.12 | 199.48) [ 0 9 13 11 28 31 ]
(442.16 | 215.05) [ 0 10 8 7 15 30 22 21 25 31 ]
(495.21 | 207.82) [ 0 6 5 4 20 17 24 31 ]


2714.06
(495.21 | 227.97) [ 0 6 5 4 20 17 24 31 ]
(455.76 | 172.55) [ 0 12 14 29 27 31 ]
(543.23 | 222.26) [ 0 2 3 23 18 26 31 ]
(442.16 | 171.70) [ 0 10 8 7 15 25 21 22 30 31 ]
(295.12 | 224.43) [ 0 11 13 9 28 31 ]
(362.59 | 224.41) [ 0 1 19 16 31 ]


2722.22
(362.59 | 75.60) [ 0 1 19 16 31 ]
(525.87 | -75.12) [ 0 6 5 9 7 20 24 21 22 31 ]
(455.76 | 213.28) [ 0 14 12 29 27 31 ]
(288.66 | 218.49) [ 0 13 15 10 28 31 ]
(425.59 | 223.67) [ 0 3 2 30 17 25 31 ]
(583.76 | 226.29) [ 0 4 11 8 26 18 23 31 ]


2714.06
(362.59 | 159.28) [ 0 1 19 16 31 ]
(442.16 | 69.40) [ 0 10 8 7 15 25 21 22 30 31 ]
(455.76 | 204.51) [ 0 14 12 29 27 31 ]
(495.21 | 239.41) [ 0 4 5 6 20 17 24 31 ]
(543.23 | 186.12) [ 0 3 2 23 18 26 31 ]
(295.12 | 202.35) [ 0 11 13 9 28 31 ]


2714.06
(543.23 | 168.29) [ 0 3 2 26 18 23 31 ]
(295.12 | 207.11) [ 0 11 13 9 28 31 ]
(455.76 | 223.47) [ 0 12 14 29 27 31 ]
(362.59 | 259.60) [ 0 1 19 16 31 ]
(495.21 | 198.44) [ 0 6 5 4 24 17 20 31 ]
(442.16 | 182.63) [ 0 15 7 8 10 25 21 22 30 31 ]


2714.06
(495.21 | 235.76) [ 0 6 5 4 20 17 24 31 ]
(543.23 | 190.02) [ 0 3 2 23 18 26 31 ]
(455.76 | 181.17) [ 0 14 12 29 27 31 ]
(295.12 | 136.72) [ 0 11 13 9 28 31 ]
(362.59 | 237.29) [ 0 1 16 19 31 ]
(442.16 | 249.36) [ 0 10 8 7 15 25 21 22 30 31 ]


2714.06
(455.76 | -692.93) [ 0 12 14 27 29 31 ]
(543.23 | 15.61) [ 0 3 2 26 18 23 31 ]
(362.59 | 241.58) [ 0 1 16 19 31 ]
(295.12 | 251.12) [ 0 11 13 9 28 31 ]
(495.21 | 272.13) [ 0 6 5 4 20 17 24 31 ]
(442.16 | 252.35) [ 0 10 8 7 15 30 22 21 25 31 ]


2714.06
(495.21 | 163.83) [ 0 4 5 6 20 17 24 31 ]
(543.23 | 240.26) [ 0 2 3 26 18 23 31 ]
(455.76 | 220.29) [ 0 12 14 29 27 31 ]
(442.16 | 230.35) [ 0 15 7 8 10 30 22 21 25 31 ]
(295.12 | 242.61) [ 0 11 13 9 28 31 ]
(362.59 | 262.74) [ 0 1 19 16 31 ]


2714.06
(455.76 | 185.18) [ 0 14 12 27 29 31 ]
(295.12 | 190.23) [ 0 11 13 9 28 31 ]
(362.59 | 206.08) [ 0 1 16 19 31 ]
(543.23 | 210.90) [ 0 2 3 23 18 26 31 ]
(442.16 | 206.86) [ 0 15 7 8 10 30 22 21 25 31 ]
(495.21 | 210.12) [ 0 6 5 4 24 17 20 31 ]


2714.06
(495.21 | -5260.96) [ 0 6 5 4 24 17 20 31 ]
(543.23 | -705.19) [ 0 3 2 26 18 23 31 ]
(442.16 | 173.46) [ 0 15 7 8 10 25 21 22 30 31 ]
(455.76 | 228.53) [ 0 14 12 29 27 31 ]
(362.59 | 205.15) [ 0 1 16 19 31 ]
(295.12 | 240.78) [ 0 9 13 11 28 31 ]


2714.06
(543.23 | 226.60) [ 0 2 3 23 18 26 31 ]
(495.21 | 230.40) [ 0 4 5 6 24 17 20 31 ]
(455.76 | 231.64) [ 0 14 12 29 27 31 ]
(442.16 | 247.18) [ 0 10 8 7 15 30 22 21 25 31 ]
(295.12 | 181.24) [ 0 11 13 9 28 31 ]
(362.59 | 197.78) [ 0 1 19 16 31 ]


2714.06
(295.12 | -1732.54) [ 0 11 13 9 28 31 ]
(455.76 | 179.15) [ 0 12 14 27 29 31 ]
(442.16 | 126.71) [ 0 10 8 7 15 30 22 21 25 31 ]
(543.23 | 219.47) [ 0 2 3 23 18 26 31 ]
(495.21 | 221.06) [ 0 6 5 4 24 17 20 31 ]
(362.59 | 211.79) [ 0 1 16 19 31 ]


2714.06
(543.23 | -170.81) [ 0 3 2 26 18 23 31 ]
(495.21 | 144.70) [ 0 4 5 6 24 17 20 31 ]
(442.16 | 250.97) [ 0 15 7 8 10 25 21 22 30 31 ]
(455.76 | 227.68) [ 0 12 14 29 27 31 ]
(295.12 | 215.99) [ 0 11 13 9 28 31 ]
(362.59 | 214.22) [ 0 1 16 19 31 ]


2714.06
(543.23 | 151.51) [ 0 2 3 23 18 26 31 ]
(455.76 | 222.65) [ 0 12 14 29 27 31 ]
(295.12 | 207.31) [ 0 11 13 9 28 31 ]
(442.16 | 215.41) [ 0 15 7 8 10 30 22 21 25 31 ]
(362.59 | 210.80) [ 0 1 16 19 31 ]
(495.21 | 231.81) [ 0 4 5 6 20 17 24 31 ]


2714.06
(543.23 | 162.69) [ 0 2 3 23 18 26 31 ]
(455.76 | 234.19) [ 0 14 12 29 27 31 ]
(442.16 | 208.36) [ 0 15 7 8 10 30 22 21 25 31 ]
(495.21 | 249.01) [ 0 6 5 4 20 17 24 31 ]
(362.59 | 213.31) [ 0 1 16 19 31 ]
(295.12 | 213.88) [ 0 11 13 9 28 31 ]


2714.06
(495.21 | 143.68) [ 0 4 5 6 20 17 24 31 ]
(295.12 | 144.20) [ 0 11 13 9 28 31 ]
(455.76 | 239.56) [ 0 14 12 29 27 31 ]
(543.23 | 225.69) [ 0 2 3 23 18 26 31 ]
(442.16 | 237.21) [ 0 15 7 8 10 30 22 21 25 31 ]
(362.59 | 220.37) [ 0 1 19 16 31 ]


2714.06
(295.12 | 127.60) [ 0 11 13 9 28 31 ]
(455.76 | 96.62) [ 0 14 12 29 27 31 ]
(543.23 | 252.61) [ 0 3 2 23 18 26 31 ]
(362.59 | 209.03) [ 0 1 19 16 31 ]
(495.21 | 226.32) [ 0 4 5 6 24 17 20 31 ]
(442.16 | 226.32) [ 0 15 7 8 10 25 21 22 30 31 ]


2714.06
(543.23 | 232.01) [ 0 2 3 23 18 26 31 ]
(362.59 | 244.11) [ 0 1 19 16 31 ]
(455.76 | 218.71) [ 0 12 14 29 27 31 ]
(295.12 | 241.91) [ 0 9 13 11 28 31 ]
(495.21 | 209.86) [ 0 4 5 6 24 17 20 31 ]
(442.16 | 238.80) [ 0 10 8 7 15 25 21 22 30 31 ]


2714.36
(543.23 | 21.13) [ 0 2 3 23 18 26 31 ]
(295.12 | 250.44) [ 0 11 13 9 28 31 ]
(455.76 | 226.90) [ 0 14 12 29 27 31 ]
(442.44 | 203.80) [ 0 15 7 8 10 30 17 25 31 ]
(362.59 | 266.70) [ 0 1 19 16 31 ]
(495.22 | 281.22) [ 0 6 5 4 22 21 24 20 31 ]


2714.06
(455.76 | -4704.45) [ 0 14 12 27 29 31 ]
(543.23 | 24.45) [ 0 3 2 26 18 23 31 ]
(495.21 | 204.41) [ 0 6 5 4 24 17 20 31 ]
(362.59 | 222.32) [ 0 1 16 19 31 ]
(295.12 | 229.94) [ 0 11 13 9 28 31 ]
(442.16 | 197.14) [ 0 15 7 8 10 25 21 22 30 31 ]


2714.06
(543.23 | 61.78) [ 0 2 3 26 18 23 31 ]
(295.12 | 232.54) [ 0 11 13 9 28 31 ]
(455.76 | 232.60) [ 0 14 12 29 27 31 ]
(495.21 | 260.22) [ 0 4 5 6 20 17 24 31 ]
(362.59 | 260.17) [ 0 1 19 16 31 ]
(442.16 | 212.94) [ 0 10 8 7 15 30 22 21 25 31 ]


2714.06
(543.23 | -234.52) [ 0 3 2 26 18 23 31 ]
(495.21 | -181.46) [ 0 6 5 4 20 17 24 31 ]
(442.16 | 228.08) [ 0 15 7 8 10 30 22 21 25 31 ]
(455.76 | 220.61) [ 0 12 14 29 27 31 ]
(362.59 | 248.27) [ 0 1 16 19 31 ]
(295.12 | 255.79) [ 0 9 13 11 28 31 ]


2714.06
(543.23 | -880.80) [ 0 3 2 26 18 23 31 ]
(455.76 | -239.01) [ 0 12 14 27 29 31 ]
(362.59 | 123.72) [ 0 1 16 19 31 ]
(495.21 | 196.89) [ 0 4 5 6 24 17 20 31 ]
(295.12 | 181.11) [ 0 11 13 9 28 31 ]
(442.16 | 213.61) [ 0 10 8 7 15 30 22 21 25 31 ]


2714.06
(543.23 | 94.94) [ 0 3 2 23 18 26 31 ]
(495.21 | 210.73) [ 0 6 5 4 24 17 20 31 ]
(455.76 | 182.01) [ 0 14 12 29 27 31 ]
(295.12 | 211.02) [ 0 11 13 9 28 31 ]
(362.59 | 222.77) [ 0 1 19 16 31 ]
(442.16 | 226.02) [ 0 10 8 7 15 25 21 22 30 31 ]


2714.06
(362.59 | 233.68) [ 0 1 19 16 31 ]
(442.16 | 184.47) [ 0 15 7 8 10 25 21 22 30 31 ]
(455.76 | 203.56) [ 0 12 14 29 27 31 ]
(543.23 | 229.29) [ 0 3 2 23 18 26 31 ]
(295.12 | 213.77) [ 0 9 13 11 28 31 ]
(495.21 | 216.13) [ 0 4 5 6 24 17 20 31 ]


2714.06
(543.23 | -461.76) [ 0 3 2 26 18 23 31 ]
(455.76 | -220.70) [ 0 12 14 27 29 31 ]
(442.16 | 192.85) [ 0 10 8 7 15 30 22 21 25 31 ]
(362.59 | 216.77) [ 0 1 16 19 31 ]
(295.12 | 201.16) [ 0 9 13 11 28 31 ]
(495.21 | 206.38) [ 0 4 5 6 24 17 20 31 ]


