2103.08
(680.80 | -2124.04) [ 0 1 19 20 16 12 21 ]
(336.32 | 275.65) [ 0 8 10 9 18 21 ]
(486.82 | 265.76) [ 0 6 5 7 15 11 17 21 ]
(499.13 | 231.17) [ 0 4 2 3 14 13 21 ]


2065.88
(467.31 | -495.97) [ 0 4 2 1 15 11 18 21 ]
(667.75 | 169.31) [ 0 9 10 12 16 20 19 21 ]
(386.20 | 283.63) [ 0 3 13 21 ]
(444.63 | 283.84) [ 0 7 8 5 6 14 17 21 ]


2045.88
(667.75 | 255.86) [ 0 10 9 19 20 16 12 21 ]
(386.20 | 302.08) [ 0 3 13 21 ]
(461.68 | 280.16) [ 0 4 2 1 14 17 21 ]
(450.25 | 284.09) [ 0 7 8 5 6 18 11 15 21 ]


2045.64
(308.77 | -2455.73) [ 0 7 8 5 6 18 21 ]
(489.99 | -32.84) [ 0 1 15 11 17 21 ]
(667.75 | 276.18) [ 0 9 10 19 20 16 12 21 ]
(499.13 | 235.24) [ 0 4 2 3 14 13 21 ]


2089.58
(551.38 | -169.61) [ 0 3 15 11 13 21 ]
(308.77 | 197.06) [ 0 7 8 5 6 18 21 ]
(667.75 | 247.87) [ 0 9 10 12 16 20 19 21 ]
(461.68 | 288.70) [ 0 4 2 1 17 14 21 ]


2050.58
(312.31 | 332.31) [ 0 3 18 21 ]
(667.75 | 194.82) [ 0 9 10 12 16 20 19 21 ]
(489.14 | 266.42) [ 0 6 5 8 7 15 11 17 21 ]
(481.39 | 258.65) [ 0 1 2 4 14 13 21 ]


2045.88
(461.68 | 230.81) [ 0 1 2 4 17 14 21 ]
(450.25 | 225.93) [ 0 7 8 5 6 18 11 15 21 ]
(667.75 | 237.61) [ 0 9 10 12 16 20 19 21 ]
(386.20 | 277.21) [ 0 3 13 21 ]


2086.24
(386.20 | 467.89) [ 0 3 13 21 ]
(710.79 | -235.34) [ 0 9 10 8 6 19 20 16 12 21 ]
(467.31 | -8.58) [ 0 4 2 1 15 11 18 21 ]
(441.94 | 280.46) [ 0 7 5 17 14 21 ]


2074.41
(474.16 | 93.95) [ 0 3 13 19 14 21 ]
(694.54 | 239.14) [ 0 1 2 4 20 16 12 21 ]
(489.14 | 252.21) [ 0 6 5 8 7 15 11 17 21 ]
(296.57 | 270.34) [ 0 9 10 18 21 ]


2045.64
(309.62 | 498.02) [ 0 1 18 21 ]
(499.13 | 209.55) [ 0 4 2 3 14 13 21 ]
(667.75 | 234.33) [ 0 9 10 19 20 16 12 21 ]
(489.14 | 239.05) [ 0 7 8 5 6 17 11 15 21 ]


2050.58
(325.83 | -2046.75) [ 0 4 2 1 18 21 ]
(467.87 | 252.98) [ 0 3 13 14 21 ]
(667.75 | 247.52) [ 0 9 10 12 16 20 19 21 ]
(489.14 | 265.48) [ 0 6 5 8 7 15 11 17 21 ]


2050.58
(312.31 | 332.31) [ 0 3 18 21 ]
(667.75 | 265.67) [ 0 10 9 19 20 16 12 21 ]
(489.14 | 263.49) [ 0 6 5 8 7 15 11 17 21 ]
(481.39 | 260.12) [ 0 4 2 1 14 13 21 ]


2050.58
(312.31 | 405.26) [ 0 3 18 21 ]
(667.75 | 219.37) [ 0 9 10 12 16 20 19 21 ]
(481.39 | 235.95) [ 0 1 2 4 14 13 21 ]
(489.14 | 260.15) [ 0 6 5 8 7 15 11 17 21 ]


2112.63
(597.03 | -955.88) [ 0 1 7 5 17 11 15 21 ]
(667.75 | 293.75) [ 0 9 10 19 20 16 12 21 ]
(308.72 | 256.09) [ 0 6 8 18 21 ]
(499.13 | 259.23) [ 0 4 2 3 14 13 21 ]


2050.58
(481.39 | 294.62) [ 0 1 2 4 13 14 21 ]
(489.14 | 277.22) [ 0 6 5 8 7 15 11 17 21 ]
(667.75 | 266.18) [ 0 9 10 19 20 16 12 21 ]
(312.31 | 277.38) [ 0 3 18 21 ]


2083.31
(489.26 | -398.48) [ 0 1 3 14 19 13 21 ]
(489.14 | 232.53) [ 0 6 5 8 7 15 11 17 21 ]
(296.57 | 279.51) [ 0 9 10 18 21 ]
(688.35 | 293.82) [ 0 2 4 12 16 20 21 ]


2085.15
(467.31 | -215.50) [ 0 4 2 1 15 11 18 21 ]
(441.31 | 256.10) [ 0 7 8 14 17 21 ]
(710.33 | 261.47) [ 0 6 5 10 9 12 16 20 19 21 ]
(386.20 | 269.88) [ 0 3 13 21 ]


2045.88
(386.20 | 386.20) [ 0 3 13 21 ]
(450.25 | -33.61) [ 0 7 8 5 6 18 11 15 21 ]
(461.68 | 276.07) [ 0 4 2 1 17 14 21 ]
(667.75 | 266.70) [ 0 10 9 19 20 16 12 21 ]


2045.64
(309.62 | 533.88) [ 0 1 18 21 ]
(499.13 | 262.92) [ 0 3 2 4 14 13 21 ]
(667.75 | 222.18) [ 0 9 10 19 20 16 12 21 ]
(489.14 | 240.47) [ 0 6 5 8 7 15 11 17 21 ]


2045.64
(309.62 | 483.28) [ 0 1 18 21 ]
(489.14 | -486.94) [ 0 7 8 5 6 17 11 15 21 ]
(499.13 | 284.38) [ 0 3 2 4 14 13 21 ]
(667.75 | 265.35) [ 0 9 10 12 16 20 19 21 ]


2045.64
(309.62 | 519.05) [ 0 1 18 21 ]
(489.14 | 34.98) [ 0 6 5 8 7 15 11 17 21 ]
(667.75 | 217.49) [ 0 9 10 19 20 16 12 21 ]
(499.13 | 251.81) [ 0 3 2 4 14 13 21 ]


2112.63
(597.03 | -2789.39) [ 0 1 7 5 17 11 15 21 ]
(308.72 | 282.70) [ 0 8 6 18 21 ]
(499.13 | 219.22) [ 0 3 2 4 14 13 21 ]
(667.75 | 216.86) [ 0 10 9 19 20 16 12 21 ]


2117.45
(534.94 | -27.63) [ 0 7 8 5 6 13 17 15 21 ]
(522.45 | 303.52) [ 0 1 2 4 11 14 21 ]
(667.75 | 302.06) [ 0 9 10 19 20 16 12 21 ]
(312.31 | 304.05) [ 0 3 18 21 ]


2045.64
(309.62 | 470.24) [ 0 1 18 21 ]
(667.75 | 268.86) [ 0 9 10 12 16 20 19 21 ]
(499.13 | 209.01) [ 0 3 2 4 14 13 21 ]
(489.14 | 232.67) [ 0 7 8 5 6 15 11 17 21 ]


2045.64
(309.62 | 430.96) [ 0 1 18 21 ]
(667.75 | 271.78) [ 0 9 10 12 16 20 19 21 ]
(499.13 | 231.96) [ 0 4 2 3 14 13 21 ]
(489.14 | 238.48) [ 0 6 5 8 7 15 11 17 21 ]


2089.58
(308.77 | -2845.37) [ 0 6 5 8 7 18 21 ]
(551.38 | 25.42) [ 0 3 13 11 15 21 ]
(667.75 | 222.52) [ 0 10 9 19 20 16 12 21 ]
(461.68 | 273.60) [ 0 1 2 4 14 17 21 ]


2045.64
(309.62 | 536.08) [ 0 1 18 21 ]
(667.75 | 249.21) [ 0 9 10 19 20 16 12 21 ]
(499.13 | 227.89) [ 0 3 2 4 14 13 21 ]
(489.14 | 240.81) [ 0 6 5 8 7 15 11 17 21 ]


2099.74
(312.31 | 332.31) [ 0 3 18 21 ]
(503.37 | 257.76) [ 0 10 9 14 20 19 21 ]
(489.14 | 260.17) [ 0 6 5 8 7 15 11 17 21 ]
(694.92 | 279.51) [ 0 4 2 1 13 16 12 21 ]


2094.78
(468.88 | -65.50) [ 0 1 3 15 11 18 21 ]
(382.66 | 294.76) [ 0 7 8 5 6 13 21 ]
(455.49 | 294.69) [ 0 4 2 17 14 21 ]
(667.75 | 294.19) [ 0 9 10 19 20 16 12 21 ]


2045.64
(309.62 | 457.74) [ 0 1 18 21 ]
(489.14 | 225.23) [ 0 6 5 8 7 15 11 17 21 ]
(667.75 | 253.19) [ 0 9 10 12 16 20 19 21 ]
(499.13 | 268.24) [ 0 3 2 4 14 13 21 ]


2099.74
(308.77 | -2317.24) [ 0 6 5 8 7 18 21 ]
(506.19 | 216.46) [ 0 4 2 1 17 11 15 21 ]
(503.37 | 286.57) [ 0 9 10 14 20 19 21 ]
(681.41 | 298.86) [ 0 3 13 16 12 21 ]


2209.78
(274.78 | 294.78) [ 0 9 18 21 ]
(609.08 | -554.98) [ 0 5 10 3 20 13 21 ]
(489.11 | 136.34) [ 0 6 8 7 17 11 15 21 ]
(736.81 | 199.23) [ 0 4 2 1 19 12 16 14 21 ]


2045.64
(309.62 | 267.98) [ 0 1 18 21 ]
(489.14 | 203.52) [ 0 6 5 8 7 15 11 17 21 ]
(499.13 | 255.46) [ 0 3 2 4 14 13 21 ]
(667.75 | 249.52) [ 0 9 10 12 16 20 19 21 ]


2094.78
(382.66 | -3301.31) [ 0 6 5 8 7 13 21 ]
(667.75 | 250.72) [ 0 9 10 12 16 20 19 21 ]
(468.88 | 279.25) [ 0 3 1 18 11 15 21 ]
(455.49 | 285.84) [ 0 2 4 17 14 21 ]


2045.64
(309.62 | 415.89) [ 0 1 18 21 ]
(489.14 | 175.58) [ 0 6 5 8 7 15 11 17 21 ]
(667.75 | 210.38) [ 0 10 9 19 20 16 12 21 ]
(499.13 | 284.28) [ 0 3 2 4 14 13 21 ]


2045.88
(386.20 | 386.20) [ 0 3 13 21 ]
(450.25 | -1397.04) [ 0 6 5 8 7 15 11 18 21 ]
(667.75 | 267.29) [ 0 9 10 19 20 16 12 21 ]
(461.68 | 267.54) [ 0 1 2 4 14 17 21 ]


2045.64
(309.62 | 545.68) [ 0 1 18 21 ]
(489.14 | -85.30) [ 0 6 5 8 7 15 11 17 21 ]
(667.75 | 251.73) [ 0 9 10 12 16 20 19 21 ]
(499.13 | 260.30) [ 0 4 2 3 14 13 21 ]


2074.29
(710.33 | -4639.31) [ 0 6 5 10 9 12 16 20 19 21 ]
(499.71 | -524.28) [ 0 1 2 17 11 15 21 ]
(305.46 | 297.45) [ 0 7 8 18 21 ]
(498.80 | 236.09) [ 0 3 4 13 14 21 ]


2055.03
(489.14 | 165.41) [ 0 6 5 8 7 15 11 17 21 ]
(498.80 | 267.05) [ 0 4 3 13 14 21 ]
(667.75 | 241.09) [ 0 9 10 12 16 20 19 21 ]
(319.34 | 272.69) [ 0 2 1 18 21 ]


2045.64
(309.62 | 432.12) [ 0 1 18 21 ]
(489.14 | 139.43) [ 0 7 8 5 6 15 11 17 21 ]
(667.75 | 76.71) [ 0 9 10 19 20 16 12 21 ]
(499.13 | 233.20) [ 0 4 2 3 14 13 21 ]


2055.03
(319.34 | 309.45) [ 0 1 2 18 21 ]
(667.75 | 265.97) [ 0 9 10 19 20 16 12 21 ]
(489.14 | 241.34) [ 0 6 5 8 7 15 11 17 21 ]
(498.80 | 257.66) [ 0 4 3 13 14 21 ]


2050.58
(312.31 | 469.65) [ 0 3 18 21 ]
(481.39 | 245.87) [ 0 4 2 1 13 14 21 ]
(667.75 | 252.34) [ 0 9 10 12 16 20 19 21 ]
(489.14 | 268.70) [ 0 6 5 8 7 15 11 17 21 ]


2074.41
(312.31 | 312.31) [ 0 3 18 21 ]
(489.14 | -4411.36) [ 0 6 5 8 7 15 11 17 21 ]
(458.42 | -2.12) [ 0 10 9 14 19 13 21 ]
(694.54 | 286.47) [ 0 1 2 4 20 16 12 21 ]


2078.48
(308.77 | -5095.60) [ 0 6 5 8 7 18 21 ]
(566.47 | -4140.74) [ 0 3 1 15 11 13 21 ]
(455.49 | 279.29) [ 0 4 2 17 14 21 ]
(667.75 | 266.49) [ 0 9 10 12 16 20 19 21 ]


2078.48
(566.47 | -99.13) [ 0 3 1 13 11 15 21 ]
(455.49 | 250.70) [ 0 2 4 14 17 21 ]
(667.75 | 258.42) [ 0 9 10 19 20 16 12 21 ]
(308.77 | 297.95) [ 0 7 8 5 6 18 21 ]


2045.88
(386.20 | 485.66) [ 0 3 13 21 ]
(450.25 | 261.57) [ 0 7 8 5 6 18 11 15 21 ]
(667.75 | 272.56) [ 0 10 9 19 20 16 12 21 ]
(461.68 | 268.70) [ 0 1 2 4 17 14 21 ]


2050.58
(667.75 | 213.34) [ 0 9 10 12 16 20 19 21 ]
(481.39 | 250.52) [ 0 1 2 4 14 13 21 ]
(312.31 | 307.81) [ 0 3 18 21 ]
(489.14 | 270.47) [ 0 6 5 8 7 15 11 17 21 ]


2045.88
(386.20 | 929.71) [ 0 3 13 21 ]
(450.25 | 117.57) [ 0 7 8 5 6 18 11 15 21 ]
(667.75 | 169.53) [ 0 9 10 12 16 20 19 21 ]
(461.68 | 280.66) [ 0 4 2 1 14 17 21 ]


2050.58
(312.31 | 332.31) [ 0 3 18 21 ]
(481.39 | 301.79) [ 0 4 2 1 13 14 21 ]
(667.75 | 252.47) [ 0 9 10 12 16 20 19 21 ]
(489.14 | 274.11) [ 0 7 8 5 6 17 11 15 21 ]


2045.64
(309.62 | 425.30) [ 0 1 18 21 ]
(499.13 | -7873.29) [ 0 4 2 3 14 13 21 ]
(489.14 | 63.45) [ 0 6 5 8 7 15 11 17 21 ]
(667.75 | 253.50) [ 0 9 10 12 16 20 19 21 ]


2045.64
(309.62 | 578.92) [ 0 1 18 21 ]
(499.13 | 96.46) [ 0 3 2 4 14 13 21 ]
(667.75 | 276.03) [ 0 9 10 19 20 16 12 21 ]
(489.14 | 259.90) [ 0 6 5 8 7 15 11 17 21 ]


2045.64
(667.75 | 249.87) [ 0 9 10 19 20 16 12 21 ]
(489.99 | 321.76) [ 0 1 15 11 17 21 ]
(499.13 | 314.17) [ 0 4 2 3 14 13 21 ]
(308.77 | 277.03) [ 0 7 8 5 6 18 21 ]


2045.64
(309.62 | 454.66) [ 0 1 18 21 ]
(489.14 | 206.94) [ 0 7 8 5 6 17 11 15 21 ]
(499.13 | 268.81) [ 0 3 2 4 14 13 21 ]
(667.75 | 241.30) [ 0 9 10 12 16 20 19 21 ]


2045.64
(667.75 | 229.02) [ 0 9 10 19 20 16 12 21 ]
(308.77 | 253.14) [ 0 6 5 8 7 18 21 ]
(489.99 | 339.98) [ 0 1 17 11 15 21 ]
(499.13 | 340.77) [ 0 4 2 3 14 13 21 ]


2045.64
(309.62 | 501.56) [ 0 1 18 21 ]
(489.14 | -5938.92) [ 0 6 5 8 7 15 11 17 21 ]
(499.13 | 194.50) [ 0 3 2 4 14 13 21 ]
(667.75 | 265.06) [ 0 9 10 19 20 16 12 21 ]


2078.49
(386.20 | 376.59) [ 0 3 13 21 ]
(461.68 | 219.02) [ 0 4 2 1 17 14 21 ]
(700.38 | 217.42) [ 0 7 10 9 12 16 20 19 21 ]
(450.23 | 276.49) [ 0 6 5 8 18 11 15 21 ]


2045.64
(499.13 | 163.18) [ 0 3 2 4 14 13 21 ]
(667.75 | 167.97) [ 0 9 10 12 16 20 19 21 ]
(309.62 | 272.08) [ 0 1 18 21 ]
(489.14 | 268.61) [ 0 6 5 8 7 17 11 15 21 ]


2050.58
(312.31 | 499.81) [ 0 3 18 21 ]
(667.75 | 252.42) [ 0 10 9 19 20 16 12 21 ]
(489.14 | 261.17) [ 0 6 5 8 7 15 11 17 21 ]
(481.39 | 263.40) [ 0 4 2 1 13 14 21 ]


2078.85
(505.09 | -784.47) [ 0 3 4 13 19 14 21 ]
(688.05 | 213.94) [ 0 2 1 20 16 12 21 ]
(296.57 | 265.00) [ 0 10 9 18 21 ]
(489.14 | 256.67) [ 0 6 5 8 7 15 11 17 21 ]


2083.31
(489.14 | -302.19) [ 0 6 5 8 7 17 11 15 21 ]
(489.26 | -146.46) [ 0 1 3 13 19 14 21 ]
(688.35 | 260.46) [ 0 4 2 12 16 20 21 ]
(296.57 | 278.08) [ 0 9 10 18 21 ]


2050.58
(325.83 | -1858.92) [ 0 1 2 4 18 21 ]
(489.14 | -230.89) [ 0 6 5 8 7 15 11 17 21 ]
(667.75 | 221.78) [ 0 9 10 12 16 20 19 21 ]
(467.87 | 257.56) [ 0 3 13 14 21 ]


2045.64
(309.62 | 469.15) [ 0 1 18 21 ]
(489.14 | 148.83) [ 0 6 5 8 7 15 11 17 21 ]
(499.13 | 262.65) [ 0 3 2 4 14 13 21 ]
(667.75 | 257.76) [ 0 10 9 19 20 16 12 21 ]


2074.41
(694.54 | 244.80) [ 0 1 2 4 20 16 12 21 ]
(458.42 | 270.57) [ 0 10 9 13 19 14 21 ]
(489.14 | 269.87) [ 0 7 8 5 6 15 11 17 21 ]
(312.31 | 278.85) [ 0 3 18 21 ]


2068.10
(386.20 | 386.20) [ 0 3 13 21 ]
(449.89 | -113.51) [ 0 7 8 5 15 11 18 21 ]
(710.33 | 185.87) [ 0 9 10 6 19 20 16 12 21 ]
(461.68 | 268.84) [ 0 1 2 4 17 14 21 ]


2098.49
(697.01 | 75.30) [ 0 1 2 4 19 20 16 12 21 ]
(465.05 | 213.26) [ 0 9 10 7 17 14 21 ]
(450.23 | 211.30) [ 0 6 5 8 18 11 15 21 ]
(386.20 | 271.51) [ 0 3 13 21 ]


2069.47
(489.99 | -6382.13) [ 0 1 15 11 17 21 ]
(665.28 | 166.01) [ 0 9 10 12 16 20 21 ]
(505.42 | 212.37) [ 0 3 2 4 13 19 14 21 ]
(308.77 | 272.79) [ 0 6 5 8 7 18 21 ]


2055.03
(489.14 | -1869.98) [ 0 6 5 8 7 15 11 17 21 ]
(667.75 | -277.01) [ 0 10 9 19 20 16 12 21 ]
(498.80 | 264.99) [ 0 4 3 13 14 21 ]
(319.34 | 298.62) [ 0 2 1 18 21 ]


2126.17
(543.82 | -153.65) [ 0 2 4 13 14 15 21 ]
(667.75 | 284.44) [ 0 10 9 19 20 16 12 21 ]
(308.77 | 275.65) [ 0 7 8 5 6 18 21 ]
(505.83 | 280.19) [ 0 3 1 17 11 21 ]


2045.88
(450.25 | 216.31) [ 0 6 5 8 7 15 11 18 21 ]
(386.20 | 294.24) [ 0 3 13 21 ]
(667.75 | 247.02) [ 0 9 10 12 16 20 19 21 ]
(461.68 | 278.83) [ 0 1 2 4 17 14 21 ]


2045.64
(667.75 | -417.67) [ 0 10 9 19 20 16 12 21 ]
(489.99 | -107.32) [ 0 1 17 11 15 21 ]
(308.77 | 291.64) [ 0 7 8 5 6 18 21 ]
(499.13 | 241.09) [ 0 3 2 4 14 13 21 ]


2055.03
(308.77 | -1785.36) [ 0 6 5 8 7 18 21 ]
(499.71 | 221.47) [ 0 1 2 17 11 15 21 ]
(498.80 | 246.01) [ 0 3 4 14 13 21 ]
(667.75 | 225.36) [ 0 9 10 12 16 20 19 21 ]


2045.64
(489.99 | 295.44) [ 0 1 15 11 17 21 ]
(308.77 | 222.89) [ 0 7 8 5 6 18 21 ]
(499.13 | 235.55) [ 0 3 2 4 14 13 21 ]
(667.75 | 267.19) [ 0 9 10 19 20 16 12 21 ]


2078.85
(505.09 | 264.31) [ 0 4 3 13 19 14 21 ]
(499.71 | 288.14) [ 0 1 2 15 11 17 21 ]
(308.77 | 264.04) [ 0 6 5 8 7 18 21 ]
(665.28 | 230.30) [ 0 9 10 12 16 20 21 ]


2045.88
(450.25 | -213.19) [ 0 6 5 8 7 18 11 15 21 ]
(667.75 | 276.08) [ 0 9 10 12 16 20 19 21 ]
(461.68 | 276.40) [ 0 1 2 4 17 14 21 ]
(386.20 | 280.92) [ 0 3 13 21 ]


2050.58
(312.31 | 332.31) [ 0 3 18 21 ]
(489.14 | 98.17) [ 0 6 5 8 7 15 11 17 21 ]
(667.75 | 112.57) [ 0 9 10 19 20 16 12 21 ]
(481.39 | 236.87) [ 0 4 2 1 14 13 21 ]


2045.88
(386.20 | 271.78) [ 0 3 13 21 ]
(450.25 | -31.60) [ 0 6 5 8 7 15 11 18 21 ]
(667.75 | 152.91) [ 0 10 9 19 20 16 12 21 ]
(461.68 | 75.27) [ 0 4 2 1 14 17 21 ]


2045.64
(489.14 | 276.95) [ 0 6 5 8 7 15 11 17 21 ]
(667.75 | 230.62) [ 0 9 10 12 16 20 19 21 ]
(499.13 | 225.71) [ 0 4 2 3 14 13 21 ]
(309.62 | 301.82) [ 0 1 18 21 ]


2070.94
(312.31 | 300.83) [ 0 3 18 21 ]
(710.79 | 117.11) [ 0 6 8 10 9 19 20 16 12 21 ]
(486.45 | 282.63) [ 0 7 5 17 11 15 21 ]
(481.39 | 288.86) [ 0 1 2 4 14 13 21 ]


2045.88
(461.68 | 247.08) [ 0 1 2 4 14 17 21 ]
(386.20 | 271.44) [ 0 3 13 21 ]
(667.75 | 238.78) [ 0 9 10 12 16 20 19 21 ]
(450.25 | 221.57) [ 0 7 8 5 6 18 11 15 21 ]


2045.64
(309.62 | 667.94) [ 0 1 18 21 ]
(489.14 | 268.27) [ 0 6 5 8 7 15 11 17 21 ]
(499.13 | 275.03) [ 0 4 2 3 14 13 21 ]
(667.75 | 282.78) [ 0 9 10 12 16 20 19 21 ]


2078.48
(566.47 | -1577.99) [ 0 3 1 15 11 13 21 ]
(308.77 | 190.01) [ 0 7 8 5 6 18 21 ]
(455.49 | 277.92) [ 0 2 4 14 17 21 ]
(667.75 | 247.20) [ 0 10 9 19 20 16 12 21 ]


2045.64
(308.77 | -2558.08) [ 0 7 8 5 6 18 21 ]
(489.99 | -226.42) [ 0 1 17 11 15 21 ]
(499.13 | 283.35) [ 0 4 2 3 14 13 21 ]
(667.75 | 254.27) [ 0 10 9 12 16 20 19 21 ]


2045.64
(499.13 | 237.09) [ 0 3 2 4 14 13 21 ]
(667.75 | 233.34) [ 0 9 10 19 20 16 12 21 ]
(489.99 | 361.31) [ 0 1 15 11 17 21 ]
(308.77 | 271.58) [ 0 6 5 8 7 18 21 ]


2045.88
(450.25 | 13.45) [ 0 6 5 8 7 18 11 15 21 ]
(667.75 | 207.50) [ 0 9 10 12 16 20 19 21 ]
(461.68 | 281.02) [ 0 4 2 1 14 17 21 ]
(386.20 | 282.48) [ 0 3 13 21 ]


2045.88
(667.75 | 188.34) [ 0 9 10 12 16 20 19 21 ]
(450.25 | 233.60) [ 0 7 8 5 6 18 11 15 21 ]
(386.20 | 277.65) [ 0 3 13 21 ]
(461.68 | 277.95) [ 0 1 2 4 17 14 21 ]


2045.64
(489.99 | -858.47) [ 0 1 17 11 15 21 ]
(308.77 | 250.74) [ 0 7 8 5 6 18 21 ]
(667.75 | 240.47) [ 0 9 10 12 16 20 19 21 ]
(499.13 | 261.79) [ 0 3 2 4 14 13 21 ]


2045.64
(309.62 | 509.56) [ 0 1 18 21 ]
(489.14 | 226.20) [ 0 6 5 8 7 15 11 17 21 ]
(499.13 | 251.86) [ 0 3 2 4 14 13 21 ]
(667.75 | 241.16) [ 0 9 10 12 16 20 19 21 ]


2069.47
(309.62 | 403.57) [ 0 1 18 21 ]
(665.28 | 242.69) [ 0 10 9 12 16 20 21 ]
(505.42 | 244.88) [ 0 3 2 4 13 19 14 21 ]
(489.14 | 233.96) [ 0 6 5 8 7 15 11 17 21 ]


2045.64
(499.13 | 215.50) [ 0 3 2 4 14 13 21 ]
(308.77 | 251.24) [ 0 7 8 5 6 18 21 ]
(667.75 | 228.37) [ 0 9 10 19 20 16 12 21 ]
(489.99 | 292.08) [ 0 1 15 11 17 21 ]


2123.32
(697.01 | -1365.18) [ 0 4 2 1 19 20 16 12 21 ]
(477.81 | 235.04) [ 0 8 10 9 18 11 15 21 ]
(386.20 | 295.04) [ 0 3 13 21 ]
(442.30 | 296.23) [ 0 6 5 7 14 17 21 ]


2045.64
(309.62 | 600.36) [ 0 1 18 21 ]
(667.75 | -104.89) [ 0 9 10 19 20 16 12 21 ]
(489.14 | 147.54) [ 0 6 5 8 7 15 11 17 21 ]
(499.13 | 250.31) [ 0 4 2 3 14 13 21 ]


2112.71
(473.74 | 39.66) [ 0 7 8 5 15 17 18 21 ]
(710.33 | 169.66) [ 0 6 10 9 19 20 16 12 21 ]
(522.45 | 268.25) [ 0 4 2 1 14 11 21 ]
(386.20 | 268.85) [ 0 3 13 21 ]


2075.18
(337.08 | -994.05) [ 0 3 2 18 21 ]
(481.22 | 261.94) [ 0 1 4 14 13 21 ]
(667.75 | 223.23) [ 0 10 9 19 20 16 12 21 ]
(489.14 | 262.05) [ 0 6 5 8 7 15 11 17 21 ]


2094.41
(308.77 | -3477.86) [ 0 7 8 5 6 18 21 ]
(506.19 | -307.14) [ 0 1 2 4 15 11 17 21 ]
(458.42 | 240.41) [ 0 10 9 13 19 14 21 ]
(681.02 | 284.46) [ 0 3 20 16 12 21 ]


2045.88
(386.20 | 386.20) [ 0 3 13 21 ]
(450.25 | 151.82) [ 0 7 8 5 6 18 11 15 21 ]
(461.68 | 255.47) [ 0 1 2 4 14 17 21 ]
(667.75 | 193.50) [ 0 10 9 19 20 16 12 21 ]


2108.64
(507.77 | -231.99) [ 0 1 3 15 11 17 21 ]
(308.77 | 210.06) [ 0 7 8 5 6 18 21 ]
(503.37 | 248.24) [ 0 9 10 14 20 19 21 ]
(688.73 | 296.89) [ 0 4 2 13 16 12 21 ]


2045.64
(489.99 | 125.30) [ 0 1 15 11 17 21 ]
(308.77 | 151.84) [ 0 6 5 8 7 18 21 ]
(499.13 | 262.91) [ 0 3 2 4 14 13 21 ]
(667.75 | 237.52) [ 0 9 10 12 16 20 19 21 ]


2045.64
(309.62 | 411.86) [ 0 1 18 21 ]
(489.14 | 07.49) [ 0 6 5 8 7 15 11 17 21 ]
(667.75 | 245.60) [ 0 9 10 12 16 20 19 21 ]
(499.13 | 264.27) [ 0 4 2 3 14 13 21 ]


2045.64
(308.77 | 257.65) [ 0 6 5 8 7 18 21 ]
(489.99 | 290.13) [ 0 1 17 11 15 21 ]
(499.13 | 267.93) [ 0 4 2 3 14 13 21 ]
(667.75 | 250.33) [ 0 9 10 12 16 20 19 21 ]


2045.64
(309.62 | 550.00) [ 0 1 18 21 ]
(667.75 | 283.29) [ 0 9 10 12 16 20 19 21 ]
(489.14 | 244.02) [ 0 6 5 8 7 15 11 17 21 ]
(499.13 | 254.75) [ 0 3 2 4 14 13 21 ]


2050.58
(467.87 | 281.11) [ 0 3 13 14 21 ]
(667.75 | 258.80) [ 0 9 10 12 16 20 19 21 ]
(506.19 | 266.45) [ 0 1 2 4 15 11 17 21 ]
(308.77 | 259.03) [ 0 6 5 8 7 18 21 ]


