3545.35
(286.70 | 286.70) [ 0 18 38 41 ]
(411.08 | -1320.62) [ 0 20 15 40 35 41 ]
(622.90 | 15.34) [ 0 8 5 6 17 25 21 23 28 41 ]
(497.13 | 141.05) [ 0 16 9 11 36 31 29 41 ]
(634.05 | 146.51) [ 0 14 12 10 2 30 22 32 34 41 ]
(611.20 | 151.34) [ 0 7 19 13 27 33 39 41 ]
(402.30 | 164.85) [ 0 1 4 3 24 37 26 41 ]


3574.45
(286.70 | 286.70) [ 0 18 38 41 ]
(645.46 | -12500.49) [ 0 7 20 40 27 41 ]
(491.36 | 145.61) [ 0 8 5 6 17 26 37 24 41 ]
(565.82 | 194.94) [ 0 1 4 3 23 33 21 25 41 ]
(452.87 | 176.33) [ 0 11 9 15 29 35 31 41 ]
(633.57 | 200.90) [ 0 2 14 10 12 30 22 32 34 41 ]
(418.66 | 232.70) [ 0 13 19 16 36 28 39 41 ]


3541.29
(442.26 | -1357.10) [ 0 1 4 2 3 36 23 40 41 ]
(605.91 | 17.36) [ 0 16 6 5 8 28 21 25 41 ]
(295.68 | 141.42) [ 0 18 20 38 41 ]
(452.87 | 113.63) [ 0 11 9 15 29 35 31 41 ]
(406.88 | 194.15) [ 0 17 24 37 26 41 ]
(606.51 | 153.20) [ 0 12 10 14 30 22 32 34 41 ]
(611.20 | 159.70) [ 0 7 19 13 27 33 39 41 ]


3583.43
(338.20 | 358.20) [ 0 7 38 41 ]
(491.36 | -28.70) [ 0 8 5 6 17 24 37 26 41 ]
(407.43 | 81.23) [ 0 10 15 40 30 41 ]
(455.85 | 95.65) [ 0 9 11 18 31 35 29 41 ]
(747.71 | 156.46) [ 0 2 20 13 14 25 33 32 34 22 41 ]
(419.95 | 119.61) [ 0 19 12 16 36 28 23 39 41 ]
(542.93 | 170.52) [ 0 3 4 1 27 21 41 ]


3559.56
(348.64 | 348.64) [ 0 16 36 41 ]
(428.09 | -204.79) [ 0 20 18 40 38 41 ]
(452.87 | 173.48) [ 0 11 9 15 29 35 31 41 ]
(633.57 | 114.55) [ 0 12 10 14 2 30 22 32 34 41 ]
(491.36 | 179.98) [ 0 8 5 6 17 24 37 26 41 ]
(533.84 | 194.43) [ 0 1 4 3 25 21 23 28 41 ]
(611.20 | 157.60) [ 0 7 19 13 27 33 39 41 ]


3545.46
(373.99 | 373.99) [ 0 20 40 41 ]
(611.20 | -1018.88) [ 0 13 19 7 39 33 27 41 ]
(533.84 | 71.44) [ 0 1 4 3 28 23 21 25 41 ]
(452.87 | 147.37) [ 0 11 9 15 31 35 29 41 ]
(388.63 | 172.50) [ 0 16 18 36 38 41 ]
(491.36 | 226.36) [ 0 8 5 6 17 24 37 26 41 ]
(633.57 | 218.11) [ 0 2 14 10 12 34 32 22 30 41 ]


3546.75
(461.83 | -52.84) [ 0 20 16 36 40 41 ]
(533.84 | 180.94) [ 0 3 4 1 25 21 23 28 41 ]
(297.96 | 168.62) [ 0 9 11 18 38 41 ]
(416.99 | 169.23) [ 0 15 31 35 29 41 ]
(491.36 | 142.95) [ 0 17 6 5 8 26 37 24 41 ]
(611.20 | 221.08) [ 0 13 19 7 27 33 39 41 ]
(633.57 | 204.21) [ 0 2 14 10 12 30 22 32 34 41 ]


3560.51
(348.64 | 348.64) [ 0 16 36 41 ]
(428.09 | -859.72) [ 0 20 18 38 40 41 ]
(606.51 | 142.86) [ 0 14 10 12 30 22 32 34 41 ]
(541.85 | 130.92) [ 0 1 4 2 3 25 21 23 28 41 ]
(491.36 | 179.23) [ 0 8 5 6 17 26 37 24 41 ]
(611.20 | 135.25) [ 0 7 19 13 27 33 39 41 ]
(452.87 | 130.43) [ 0 11 9 15 31 35 29 41 ]


3560.03
(262.86 | 282.86) [ 0 17 38 41 ]
(606.51 | -536.95) [ 0 12 10 14 30 22 32 34 41 ]
(624.72 | -293.47) [ 0 16 6 5 8 28 23 21 25 41 ]
(411.08 | -373.55) [ 0 15 20 35 40 41 ]
(611.20 | 149.59) [ 0 7 19 13 27 33 39 41 ]
(493.36 | 162.52) [ 0 18 11 9 36 31 29 41 ]
(410.31 | 137.24) [ 0 1 4 2 3 26 37 24 41 ]


3553.18
(491.12 | 89.03) [ 0 3 4 16 40 23 36 41 ]
(496.92 | 181.22) [ 0 1 25 21 28 41 ]
(491.36 | 213.20) [ 0 8 5 6 17 24 37 26 41 ]
(295.68 | 177.13) [ 0 20 18 38 41 ]
(452.87 | 99.14) [ 0 11 9 15 31 35 29 41 ]
(611.20 | 173.32) [ 0 13 19 7 39 33 27 41 ]
(634.05 | 225.93) [ 0 2 10 12 14 34 32 22 30 41 ]


3601.89
(286.70 | 286.70) [ 0 18 38 41 ]
(691.60 | -7573.28) [ 0 16 7 22 32 34 36 41 ]
(549.50 | -23.40) [ 0 12 19 13 14 28 33 27 41 ]
(452.87 | 221.72) [ 0 11 9 15 31 35 29 41 ]
(491.36 | 166.12) [ 0 8 5 6 17 26 37 24 41 ]
(539.73 | 174.22) [ 0 3 2 4 1 25 21 23 39 41 ]
(430.13 | 172.74) [ 0 10 20 30 40 41 ]


3602.63
(730.42 | 112.55) [ 0 14 20 12 25 33 32 34 22 41 ]
(480.56 | 134.13) [ 0 7 17 37 40 41 ]
(483.44 | 210.57) [ 0 10 11 13 26 30 31 41 ]
(477.80 | 143.08) [ 0 8 5 6 16 36 28 23 39 41 ]
(426.12 | 220.57) [ 0 3 4 2 15 29 35 24 41 ]
(299.47 | 178.84) [ 0 18 9 19 38 41 ]
(524.81 | 153.92) [ 0 1 27 21 41 ]


3560.36
(295.68 | -3051.73) [ 0 18 20 38 41 ]
(491.57 | -173.04) [ 0 1 3 16 40 23 36 41 ]
(452.87 | 180.11) [ 0 11 9 15 29 35 31 41 ]
(611.20 | 206.91) [ 0 7 19 13 39 33 27 41 ]
(606.51 | 215.18) [ 0 14 10 12 34 32 22 30 41 ]
(604.09 | 178.30) [ 0 8 5 6 17 28 21 25 41 ]
(398.45 | 221.55) [ 0 2 4 26 37 24 41 ]


3524.87
(286.70 | 286.70) [ 0 18 38 41 ]
(533.84 | 181.94) [ 0 1 4 3 25 21 23 28 41 ]
(497.13 | 230.61) [ 0 11 9 16 36 31 29 41 ]
(411.08 | 149.95) [ 0 15 20 40 35 41 ]
(633.57 | 150.63) [ 0 2 14 10 12 30 22 32 34 41 ]
(491.36 | 198.97) [ 0 17 6 5 8 24 37 26 41 ]
(611.20 | 214.90) [ 0 7 19 13 39 33 27 41 ]


3565.70
(286.70 | 286.70) [ 0 18 38 41 ]
(547.70 | -13336.59) [ 0 2 4 1 27 21 41 ]
(505.40 | -111.54) [ 0 3 16 6 8 36 28 23 39 41 ]
(789.52 | 116.51) [ 0 5 7 12 25 33 32 34 22 41 ]
(417.65 | 148.60) [ 0 17 10 14 30 37 41 ]
(452.87 | 187.50) [ 0 15 9 11 29 35 31 41 ]
(425.86 | 149.40) [ 0 13 19 20 24 40 26 41 ]


3571.97
(317.96 | -1000.37) [ 0 18 4 3 38 41 ]
(495.16 | -961.63) [ 0 2 20 16 40 23 36 41 ]
(491.36 | -281.07) [ 0 8 5 6 17 24 37 26 41 ]
(496.92 | 160.21) [ 0 1 28 21 25 41 ]
(452.87 | 160.70) [ 0 11 9 15 31 35 29 41 ]
(606.51 | 132.38) [ 0 14 10 12 34 32 22 30 41 ]
(611.20 | 161.72) [ 0 7 19 13 39 33 27 41 ]


3579.79
(645.46 | -5391.99) [ 0 7 20 27 40 41 ]
(406.88 | 221.31) [ 0 17 26 37 24 41 ]
(476.96 | 155.52) [ 0 8 5 6 16 36 28 39 41 ]
(633.57 | 125.77) [ 0 2 14 10 12 34 32 22 30 41 ]
(452.87 | 125.58) [ 0 11 9 15 29 35 31 41 ]
(298.24 | 139.16) [ 0 13 19 18 38 41 ]
(565.82 | 177.22) [ 0 1 4 3 25 21 33 23 41 ]


3565.46
(373.99 | 373.99) [ 0 20 40 41 ]
(633.57 | 10.98) [ 0 2 14 10 12 30 22 32 34 41 ]
(622.90 | -3.35) [ 0 17 6 5 8 28 23 21 25 41 ]
(452.87 | 134.71) [ 0 11 9 15 29 35 31 41 ]
(388.63 | 155.59) [ 0 16 18 36 38 41 ]
(402.30 | 160.32) [ 0 1 4 3 24 37 26 41 ]
(611.20 | 233.41) [ 0 7 19 13 27 33 39 41 ]


3625.73
(440.78 | -15212.21) [ 0 20 7 40 41 ]
(520.81 | -638.09) [ 0 3 1 28 23 21 25 41 ]
(585.38 | -97.33) [ 0 4 19 13 39 33 27 41 ]
(455.85 | 168.47) [ 0 9 11 18 29 35 31 41 ]
(502.99 | 145.07) [ 0 8 5 6 10 24 30 26 41 ]
(355.36 | 127.96) [ 0 16 15 36 38 41 ]
(644.55 | 155.19) [ 0 17 12 14 2 34 32 22 37 41 ]


3556.58
(351.88 | 371.88) [ 0 16 40 41 ]
(541.85 | -686.50) [ 0 3 2 4 1 25 21 23 28 41 ]
(380.91 | 172.86) [ 0 18 20 36 38 41 ]
(606.51 | 143.60) [ 0 14 10 12 34 32 22 30 41 ]
(452.87 | 194.58) [ 0 15 9 11 29 35 31 41 ]
(491.36 | 161.58) [ 0 17 6 5 8 24 37 26 41 ]
(611.20 | 171.24) [ 0 7 19 13 39 33 27 41 ]


3585.92
(417.22 | 71.49) [ 0 10 15 35 30 41 ]
(674.22 | -52.30) [ 0 14 13 12 5 31 34 32 22 41 ]
(397.63 | 132.83) [ 0 2 18 11 38 36 41 ]
(416.04 | 127.65) [ 0 16 17 24 37 26 41 ]
(610.88 | 145.06) [ 0 7 6 8 28 33 27 41 ]
(378.22 | 180.68) [ 0 20 9 19 40 29 41 ]
(531.71 | 170.11) [ 0 3 4 1 25 21 23 39 41 ]


3593.03
(266.30 | -2339.60) [ 0 1 4 2 3 38 41 ]
(431.05 | -719.22) [ 0 20 18 26 40 24 41 ]
(613.22 | 71.11) [ 0 12 6 5 8 25 21 28 41 ]
(498.24 | 153.78) [ 0 16 17 36 23 37 41 ]
(611.20 | 208.83) [ 0 7 19 13 27 33 39 41 ]
(580.16 | 193.54) [ 0 14 10 34 32 22 30 41 ]
(452.87 | 130.53) [ 0 11 9 15 31 35 29 41 ]


3548.61
(265.33 | 285.33) [ 0 16 38 41 ]
(541.85 | -17855.34) [ 0 3 2 4 1 28 23 21 25 41 ]
(568.58 | 81.97) [ 0 17 6 5 8 36 37 26 41 ]
(382.28 | 206.80) [ 0 18 20 24 40 41 ]
(606.51 | 173.93) [ 0 12 10 14 34 32 22 30 41 ]
(611.20 | 182.15) [ 0 13 19 7 27 33 39 41 ]
(452.87 | 149.18) [ 0 15 9 11 29 35 31 41 ]


3523.82
(380.09 | -7837.64) [ 0 15 35 40 41 ]
(491.36 | -8228.99) [ 0 8 5 6 17 24 37 26 41 ]
(541.85 | -1422.29) [ 0 1 4 2 3 25 21 23 28 41 ]
(295.68 | 96.71) [ 0 18 20 38 41 ]
(606.51 | 137.26) [ 0 14 10 12 30 22 32 34 41 ]
(497.13 | 169.90) [ 0 11 9 16 36 31 29 41 ]
(611.20 | 228.02) [ 0 7 19 13 27 33 39 41 ]


3562.19
(362.23 | -6356.33) [ 0 18 7 38 41 ]
(452.87 | -1943.79) [ 0 11 9 15 31 35 29 41 ]
(622.89 | 70.05) [ 0 6 5 8 28 23 21 25 41 ]
(493.26 | 109.68) [ 0 17 16 36 37 26 41 ]
(633.57 | 98.87) [ 0 2 14 10 12 30 22 32 34 41 ]
(552.50 | 129.57) [ 0 13 19 20 27 33 39 41 ]
(344.88 | 163.07) [ 0 1 4 3 24 40 41 ]


3592.74
(286.70 | 286.70) [ 0 18 38 41 ]
(570.40 | -231.76) [ 0 8 5 6 16 26 37 36 41 ]
(600.40 | -308.32) [ 0 7 17 28 33 27 41 ]
(563.92 | 86.80) [ 0 13 19 20 39 23 21 25 41 ]
(344.88 | 189.66) [ 0 1 4 3 40 24 41 ]
(452.87 | 137.99) [ 0 11 9 15 29 35 31 41 ]
(633.57 | 145.65) [ 0 2 14 10 12 34 32 22 30 41 ]


3587.45
(411.08 | -41.74) [ 0 15 20 40 35 41 ]
(518.68 | 120.02) [ 0 3 1 39 23 21 25 41 ]
(483.53 | 148.61) [ 0 16 6 17 26 37 29 41 ]
(297.96 | 79.76) [ 0 9 11 18 38 41 ]
(517.47 | 223.14) [ 0 4 2 19 13 36 31 24 41 ]
(612.21 | 184.41) [ 0 7 5 8 27 33 28 41 ]
(606.51 | 126.45) [ 0 12 10 14 30 22 32 34 41 ]


3545.47
(761.10 | -677.56) [ 0 4 2 13 12 22 34 32 33 25 41 ]
(511.49 | -50.18) [ 0 3 19 8 16 36 28 23 39 41 ]
(417.65 | 87.77) [ 0 14 10 17 37 30 41 ]
(295.68 | 116.76) [ 0 20 18 38 41 ]
(524.81 | 187.52) [ 0 1 27 21 41 ]
(481.87 | 126.87) [ 0 7 5 6 26 40 24 41 ]
(452.87 | 108.57) [ 0 11 9 15 31 35 29 41 ]


3550.36
(256.05 | 276.05) [ 0 10 38 41 ]
(438.34 | 177.27) [ 0 18 20 40 30 41 ]
(452.87 | 176.58) [ 0 11 9 15 31 35 29 41 ]
(638.70 | 183.05) [ 0 14 12 16 36 34 32 22 41 ]
(611.20 | 179.21) [ 0 7 19 13 27 33 39 41 ]
(541.85 | 166.55) [ 0 1 4 2 3 28 23 21 25 41 ]
(491.36 | 137.80) [ 0 17 6 5 8 24 37 26 41 ]


3596.08
(373.99 | 373.99) [ 0 20 40 41 ]
(533.84 | -1259.23) [ 0 1 4 3 25 21 23 28 41 ]
(547.74 | 08.97) [ 0 8 5 6 10 26 30 31 41 ]
(388.63 | 147.79) [ 0 18 16 36 38 41 ]
(416.13 | 194.13) [ 0 11 9 15 24 35 29 41 ]
(644.55 | 148.10) [ 0 2 14 12 17 37 22 32 34 41 ]
(611.20 | 179.51) [ 0 7 19 13 27 33 39 41 ]


3590.31
(286.70 | 286.70) [ 0 18 38 41 ]
(530.20 | 136.17) [ 0 7 20 40 23 36 41 ]
(403.99 | 170.61) [ 0 1 4 3 24 30 26 41 ]
(605.91 | 179.84) [ 0 16 6 5 8 28 21 25 41 ]
(452.87 | 135.11) [ 0 11 9 15 29 35 31 41 ]
(546.09 | 124.55) [ 0 10 19 13 27 33 39 41 ]
(644.55 | 171.07) [ 0 2 14 12 17 37 22 32 34 41 ]


3524.87
(286.70 | 286.70) [ 0 18 38 41 ]
(533.84 | -1081.67) [ 0 3 4 1 25 21 23 28 41 ]
(497.13 | 202.96) [ 0 11 9 16 36 31 29 41 ]
(611.20 | 128.54) [ 0 7 19 13 39 33 27 41 ]
(411.08 | 124.20) [ 0 20 15 35 40 41 ]
(491.36 | 182.48) [ 0 8 5 6 17 24 37 26 41 ]
(633.57 | 177.46) [ 0 12 10 14 2 30 22 32 34 41 ]


3542.83
(286.70 | 286.70) [ 0 18 38 41 ]
(491.36 | 24.77) [ 0 8 5 6 17 24 37 26 41 ]
(411.08 | -103.74) [ 0 20 15 35 40 41 ]
(497.13 | 119.74) [ 0 11 9 16 36 31 29 41 ]
(531.71 | 161.00) [ 0 1 4 3 39 23 21 25 41 ]
(611.27 | 165.11) [ 0 7 19 13 27 33 28 41 ]
(633.57 | 212.90) [ 0 2 14 10 12 30 22 32 34 41 ]


3542.86
(259.11 | 279.11) [ 0 15 38 41 ]
(416.66 | -1441.37) [ 0 18 20 40 35 41 ]
(491.36 | 103.09) [ 0 17 6 5 8 26 37 24 41 ]
(497.13 | 147.94) [ 0 11 9 16 29 31 36 41 ]
(533.84 | 184.80) [ 0 1 4 3 28 23 21 25 41 ]
(633.57 | 161.18) [ 0 12 10 14 2 30 22 32 34 41 ]
(611.20 | 145.85) [ 0 7 19 13 39 33 27 41 ]


3581.86
(338.20 | 338.20) [ 0 7 38 41 ]
(533.84 | 138.20) [ 0 1 4 3 28 23 21 25 41 ]
(491.36 | 144.74) [ 0 17 6 5 8 26 37 24 41 ]
(430.13 | 185.50) [ 0 10 20 30 40 41 ]
(665.77 | 225.60) [ 0 2 14 12 16 36 34 32 22 41 ]
(546.73 | 96.49) [ 0 15 19 13 27 33 39 41 ]
(455.85 | 139.62) [ 0 9 11 18 29 35 31 41 ]


3579.06
(427.19 | -1500.91) [ 0 1 15 40 35 41 ]
(497.13 | 23.10) [ 0 11 9 16 36 31 29 41 ]
(611.20 | 170.48) [ 0 7 19 13 27 33 39 41 ]
(295.68 | 153.89) [ 0 20 18 38 41 ]
(530.00 | 87.92) [ 0 2 4 3 25 21 23 28 41 ]
(606.51 | 165.79) [ 0 12 10 14 30 22 32 34 41 ]
(491.36 | 177.64) [ 0 17 6 5 8 26 37 24 41 ]


3607.38
(338.20 | 358.20) [ 0 7 38 41 ]
(586.91 | -489.41) [ 0 20 18 40 27 41 ]
(565.82 | 184.51) [ 0 3 4 1 23 33 21 25 41 ]
(491.36 | 149.40) [ 0 17 6 5 8 24 37 26 41 ]
(452.87 | 140.04) [ 0 15 9 11 29 35 31 41 ]
(418.66 | 163.86) [ 0 16 19 13 39 28 36 41 ]
(633.57 | 183.04) [ 0 2 14 10 12 30 22 32 34 41 ]


3589.56
(286.70 | 286.70) [ 0 18 38 41 ]
(442.26 | 43.71) [ 0 1 4 2 3 36 23 40 41 ]
(491.83 | -0.36) [ 0 10 7 26 30 24 41 ]
(452.87 | 140.33) [ 0 11 9 15 29 35 31 41 ]
(552.50 | 201.82) [ 0 13 19 20 27 33 39 41 ]
(617.49 | 82.99) [ 0 14 12 17 37 22 32 34 41 ]
(605.91 | 191.10) [ 0 8 5 6 16 28 21 25 41 ]


3529.28
(429.82 | 79.59) [ 0 16 40 36 41 ]
(491.36 | 193.51) [ 0 8 5 6 17 24 37 26 41 ]
(452.87 | 224.35) [ 0 11 9 15 31 35 29 41 ]
(541.85 | 98.80) [ 0 3 2 4 1 25 21 23 28 41 ]
(295.68 | 117.08) [ 0 18 20 38 41 ]
(611.20 | 160.50) [ 0 7 19 13 27 33 39 41 ]
(606.51 | 208.65) [ 0 14 10 12 30 22 32 34 41 ]


3573.79
(362.23 | -2627.81) [ 0 7 18 38 41 ]
(542.93 | 08.84) [ 0 1 4 3 27 21 41 ]
(452.87 | 42.36) [ 0 15 9 11 29 35 31 41 ]
(747.71 | 219.03) [ 0 2 20 13 14 25 33 32 34 22 41 ]
(502.99 | 153.10) [ 0 10 6 5 8 26 30 24 41 ]
(419.95 | 159.31) [ 0 19 12 16 39 23 28 36 41 ]
(405.11 | 168.80) [ 0 17 40 37 41 ]


3524.87
(286.70 | 286.70) [ 0 18 38 41 ]
(533.84 | -561.58) [ 0 1 4 3 25 21 23 28 41 ]
(497.13 | 176.02) [ 0 16 9 11 29 31 36 41 ]
(411.08 | 174.79) [ 0 20 15 40 35 41 ]
(633.57 | 173.51) [ 0 2 14 10 12 34 32 22 30 41 ]
(491.36 | 183.60) [ 0 17 6 5 8 24 37 26 41 ]
(611.20 | 201.87) [ 0 7 19 13 27 33 39 41 ]


3609.98
(493.18 | 90.13) [ 0 8 5 6 16 24 37 26 41 ]
(606.51 | 131.96) [ 0 12 10 14 30 22 32 34 41 ]
(503.73 | 189.12) [ 0 11 9 17 36 31 29 41 ]
(596.96 | 209.65) [ 0 7 19 13 28 27 39 41 ]
(573.84 | 210.91) [ 0 3 2 4 1 23 33 21 25 41 ]
(295.68 | 175.72) [ 0 18 20 38 41 ]
(380.09 | 197.20) [ 0 15 40 35 41 ]


3532.32
(286.70 | 286.70) [ 0 18 38 41 ]
(452.87 | -172.21) [ 0 15 9 11 29 35 31 41 ]
(461.83 | -79.19) [ 0 16 20 36 40 41 ]
(541.85 | 193.99) [ 0 1 4 2 3 25 21 23 28 41 ]
(606.51 | 141.29) [ 0 12 10 14 30 22 32 34 41 ]
(491.36 | 134.51) [ 0 17 6 5 8 24 37 26 41 ]
(611.20 | 137.09) [ 0 7 19 13 27 33 39 41 ]


3586.53
(342.59 | 362.59) [ 0 10 40 41 ]
(622.90 | 144.62) [ 0 8 5 6 17 28 23 21 25 41 ]
(452.87 | 195.70) [ 0 11 9 15 31 35 29 41 ]
(410.31 | 184.42) [ 0 1 4 2 3 24 37 26 41 ]
(618.03 | 177.51) [ 0 14 20 12 34 32 22 30 41 ]
(388.63 | 146.17) [ 0 18 16 38 36 41 ]
(611.20 | 154.95) [ 0 7 19 13 27 33 39 41 ]


3543.73
(286.70 | 286.70) [ 0 18 38 41 ]
(611.20 | 167.59) [ 0 7 19 13 39 33 27 41 ]
(495.29 | 182.37) [ 0 16 20 3 36 23 40 41 ]
(606.51 | 171.80) [ 0 14 10 12 34 32 22 30 41 ]
(491.36 | 166.84) [ 0 8 5 6 17 24 37 26 41 ]
(519.80 | 184.93) [ 0 2 4 1 25 21 28 41 ]
(452.87 | 164.05) [ 0 11 9 15 31 35 29 41 ]


3592.41
(295.68 | -2915.48) [ 0 18 20 38 41 ]
(375.54 | 218.83) [ 0 1 24 40 26 41 ]
(663.71 | 167.05) [ 0 13 19 6 8 28 33 21 41 ]
(417.65 | 03.79) [ 0 10 17 30 37 41 ]
(619.98 | 125.43) [ 0 5 7 16 36 27 25 41 ]
(452.87 | 91.35) [ 0 15 9 11 29 35 31 41 ]
(666.99 | 182.48) [ 0 12 14 2 4 3 22 32 34 39 23 41 ]


3525.83
(286.70 | 286.70) [ 0 18 38 41 ]
(411.08 | -299.95) [ 0 20 15 40 35 41 ]
(541.85 | 229.09) [ 0 3 2 4 1 28 23 21 25 41 ]
(497.13 | 221.58) [ 0 11 9 16 36 31 29 41 ]
(491.36 | 174.32) [ 0 8 5 6 17 26 37 24 41 ]
(606.51 | 228.09) [ 0 12 10 14 34 32 22 30 41 ]
(611.20 | 210.05) [ 0 7 19 13 39 33 27 41 ]


3552.16
(832.41 | -1116.88) [ 0 4 2 14 12 5 22 34 32 33 25 41 ]
(417.65 | 132.73) [ 0 10 17 37 30 41 ]
(484.16 | 64.12) [ 0 8 6 7 26 40 24 41 ]
(452.87 | 185.41) [ 0 15 9 11 29 35 31 41 ]
(419.50 | 216.49) [ 0 16 19 13 36 28 23 39 41 ]
(295.68 | 149.48) [ 0 20 18 38 41 ]
(529.90 | 193.55) [ 0 3 1 27 21 41 ]


3570.62
(286.70 | 286.70) [ 0 18 38 41 ]
(485.41 | -172.76) [ 0 10 20 3 36 23 40 41 ]
(605.91 | 11.58) [ 0 8 5 6 16 25 21 28 41 ]
(644.55 | 149.09) [ 0 2 14 12 17 34 32 22 37 41 ]
(403.98 | 165.99) [ 0 1 4 26 30 24 41 ]
(611.20 | 156.97) [ 0 7 19 13 27 33 39 41 ]
(452.87 | 134.14) [ 0 15 9 11 29 35 31 41 ]


3544.98
(286.70 | 286.70) [ 0 18 38 41 ]
(473.30 | 140.07) [ 0 16 20 36 23 40 41 ]
(604.09 | 158.49) [ 0 8 5 6 17 28 21 25 41 ]
(606.51 | 139.38) [ 0 12 10 14 34 32 22 30 41 ]
(410.31 | 173.18) [ 0 1 4 2 3 24 37 26 41 ]
(611.20 | 159.60) [ 0 7 19 13 27 33 39 41 ]
(452.87 | 143.53) [ 0 11 9 15 31 35 29 41 ]


3600.63
(499.93 | 46.65) [ 0 20 4 3 36 23 40 41 ]
(404.60 | 211.63) [ 0 1 2 24 30 26 41 ]
(605.91 | 184.26) [ 0 8 5 6 16 28 21 25 41 ]
(452.87 | 127.31) [ 0 15 9 11 31 35 29 41 ]
(288.64 | 167.56) [ 0 18 10 38 41 ]
(611.20 | 159.54) [ 0 7 19 13 27 33 39 41 ]
(617.49 | 197.67) [ 0 14 12 17 37 22 32 34 41 ]


3599.75
(626.47 | -2897.84) [ 0 7 15 21 27 41 ]
(463.61 | -506.77) [ 0 1 20 26 40 24 41 ]
(455.85 | 139.54) [ 0 9 11 18 31 35 29 41 ]
(723.93 | 93.55) [ 0 12 19 13 14 22 34 32 33 25 41 ]
(477.80 | 73.38) [ 0 8 5 6 16 36 28 23 39 41 ]
(417.65 | 206.47) [ 0 10 17 37 30 41 ]
(254.44 | 166.23) [ 0 2 4 3 38 41 ]


3555.72
(286.70 | 286.70) [ 0 18 38 41 ]
(411.08 | -2648.61) [ 0 15 20 35 40 41 ]
(460.68 | 140.09) [ 0 16 9 11 29 24 36 41 ]
(537.70 | 40.95) [ 0 8 5 6 17 26 37 31 41 ]
(541.85 | 207.90) [ 0 1 4 2 3 28 23 21 25 41 ]
(606.51 | 134.72) [ 0 14 10 12 34 32 22 30 41 ]
(611.20 | 133.37) [ 0 7 19 13 27 33 39 41 ]


3566.38
(338.20 | 358.20) [ 0 7 38 41 ]
(541.85 | -214.11) [ 0 1 4 2 3 28 23 21 25 41 ]
(411.08 | -112.32) [ 0 15 20 35 40 41 ]
(497.13 | 151.78) [ 0 11 9 16 36 31 29 41 ]
(491.36 | 146.14) [ 0 8 5 6 17 26 37 24 41 ]
(606.51 | 149.52) [ 0 14 10 12 34 32 22 30 41 ]
(560.25 | 127.93) [ 0 13 19 18 27 33 39 41 ]


3541.29
(442.26 | -654.04) [ 0 3 2 4 1 36 23 40 41 ]
(605.91 | 190.96) [ 0 8 5 6 16 28 21 25 41 ]
(452.87 | 164.16) [ 0 11 9 15 29 35 31 41 ]
(295.68 | 168.20) [ 0 18 20 38 41 ]
(406.88 | 175.33) [ 0 17 24 37 26 41 ]
(606.51 | 165.57) [ 0 14 10 12 34 32 22 30 41 ]
(611.20 | 157.14) [ 0 7 19 13 27 33 39 41 ]


3545.46
(373.99 | 373.99) [ 0 20 40 41 ]
(533.84 | -1352.53) [ 0 1 4 3 25 21 23 28 41 ]
(491.36 | 142.49) [ 0 8 5 6 17 26 37 24 41 ]
(452.87 | 135.60) [ 0 15 9 11 29 35 31 41 ]
(388.63 | 160.22) [ 0 18 16 38 36 41 ]
(633.57 | 158.72) [ 0 12 10 14 2 30 22 32 34 41 ]
(611.20 | 210.83) [ 0 7 19 13 27 33 39 41 ]


3559.12
(259.11 | 279.11) [ 0 15 38 41 ]
(495.29 | -3505.33) [ 0 3 20 16 40 23 36 41 ]
(407.07 | 139.04) [ 0 1 4 2 26 37 24 41 ]
(606.51 | 203.56) [ 0 12 10 14 30 22 32 34 41 ]
(455.85 | 203.67) [ 0 9 11 18 29 35 31 41 ]
(611.20 | 171.64) [ 0 7 19 13 27 33 39 41 ]
(604.09 | 163.92) [ 0 8 5 6 17 28 21 25 41 ]


3563.41
(373.99 | 373.99) [ 0 20 40 41 ]
(491.36 | 112.92) [ 0 8 5 6 17 24 37 26 41 ]
(611.27 | 172.83) [ 0 7 19 13 27 33 28 41 ]
(452.87 | 152.88) [ 0 11 9 15 31 35 29 41 ]
(633.57 | 114.22) [ 0 12 10 14 2 30 22 32 34 41 ]
(531.71 | 128.62) [ 0 1 4 3 25 21 23 39 41 ]
(388.63 | 133.28) [ 0 16 18 36 38 41 ]


3567.61
(286.70 | 286.70) [ 0 18 38 41 ]
(401.67 | 128.38) [ 0 3 2 4 1 24 40 26 41 ]
(631.89 | 104.65) [ 0 16 7 5 21 27 41 ]
(417.65 | 119.52) [ 0 10 17 30 37 41 ]
(486.41 | 190.95) [ 0 13 19 6 8 36 28 23 39 41 ]
(730.42 | 177.93) [ 0 14 20 12 25 33 32 34 22 41 ]
(452.87 | 125.65) [ 0 15 9 11 29 35 31 41 ]


3580.88
(319.10 | -1548.88) [ 0 18 2 4 3 38 41 ]
(484.53 | -12.81) [ 0 16 6 5 8 26 40 24 41 ]
(524.81 | 252.42) [ 0 1 27 21 41 ]
(419.12 | 205.33) [ 0 20 19 13 36 28 23 39 41 ]
(782.79 | 213.98) [ 0 14 12 7 25 33 32 34 22 41 ]
(452.87 | 230.20) [ 0 15 9 11 29 35 31 41 ]
(417.65 | 147.42) [ 0 10 17 30 37 41 ]


3578.26
(490.08 | 137.03) [ 0 8 5 6 17 29 37 26 41 ]
(463.91 | 72.93) [ 0 16 15 36 31 24 41 ]
(412.27 | 96.62) [ 0 11 20 40 35 41 ]
(611.27 | 99.66) [ 0 7 19 13 28 33 27 41 ]
(531.71 | 140.54) [ 0 1 4 3 25 21 23 39 41 ]
(302.82 | 198.74) [ 0 12 9 18 38 41 ]
(606.21 | 146.11) [ 0 2 10 14 30 22 32 34 41 ]


3549.28
(265.33 | 285.33) [ 0 16 38 41 ]
(491.36 | -3.79) [ 0 17 6 5 8 24 37 26 41 ]
(460.17 | 85.77) [ 0 20 18 36 40 41 ]
(452.87 | 111.14) [ 0 11 9 15 29 35 31 41 ]
(611.20 | 97.22) [ 0 7 19 13 27 33 39 41 ]
(541.85 | 215.93) [ 0 3 2 4 1 25 21 23 28 41 ]
(606.51 | 181.21) [ 0 14 10 12 30 22 32 34 41 ]


3560.36
(295.68 | -2360.39) [ 0 18 20 38 41 ]
(491.57 | -21260.19) [ 0 1 3 16 40 23 36 41 ]
(604.09 | 101.80) [ 0 17 6 5 8 25 21 28 41 ]
(452.87 | 178.61) [ 0 15 9 11 29 35 31 41 ]
(398.45 | 186.84) [ 0 2 4 24 37 26 41 ]
(611.20 | 150.14) [ 0 7 19 13 27 33 39 41 ]
(606.51 | 186.26) [ 0 14 10 12 34 32 22 30 41 ]


3551.42
(442.26 | -483.25) [ 0 1 4 2 3 40 23 36 41 ]
(452.87 | 121.35) [ 0 11 9 15 31 35 29 41 ]
(613.22 | 132.67) [ 0 8 5 6 12 28 21 25 41 ]
(295.68 | 130.57) [ 0 20 18 38 41 ]
(416.04 | 168.61) [ 0 17 16 24 37 26 41 ]
(580.16 | 181.84) [ 0 14 10 30 22 32 34 41 ]
(611.20 | 177.82) [ 0 7 19 13 27 33 39 41 ]


3600.45
(504.20 | -29.88) [ 0 1 20 36 23 40 41 ]
(605.91 | -18.61) [ 0 8 5 6 16 28 21 25 41 ]
(288.64 | 96.85) [ 0 10 18 38 41 ]
(452.87 | 121.75) [ 0 15 9 11 31 35 29 41 ]
(617.49 | 160.36) [ 0 17 12 14 37 22 32 34 41 ]
(611.20 | 96.88) [ 0 7 19 13 27 33 39 41 ]
(400.15 | 121.55) [ 0 2 4 3 26 30 24 41 ]


3579.13
(795.73 | -185414.52) [ 0 13 5 8 22 34 32 33 25 41 ]
(452.87 | -12482.21) [ 0 11 9 15 31 35 29 41 ]
(486.31 | 152.97) [ 0 14 7 6 26 40 24 41 ]
(550.95 | 150.77) [ 0 3 2 4 1 21 27 41 ]
(419.95 | 127.15) [ 0 16 12 19 36 28 23 39 41 ]
(295.68 | 118.87) [ 0 18 20 38 41 ]
(417.65 | 165.43) [ 0 10 17 37 30 41 ]


3576.23
(499.49 | -3683.93) [ 0 1 4 2 3 36 23 31 26 41 ]
(411.08 | -2183.70) [ 0 20 15 40 35 41 ]
(404.09 | 183.58) [ 0 17 24 29 37 41 ]
(611.20 | 163.80) [ 0 7 19 13 27 33 39 41 ]
(297.96 | 160.67) [ 0 9 11 18 38 41 ]
(605.91 | 126.54) [ 0 8 5 6 16 25 21 28 41 ]
(606.51 | 140.58) [ 0 14 10 12 34 32 22 30 41 ]


3603.47
(634.09 | -123032.74) [ 0 7 19 14 21 27 41 ]
(477.80 | -690.61) [ 0 16 6 5 8 36 28 23 39 41 ]
(721.09 | 158.97) [ 0 10 13 12 25 33 32 34 22 41 ]
(297.96 | 134.12) [ 0 9 11 18 38 41 ]
(411.08 | 142.71) [ 0 15 20 40 35 41 ]
(408.23 | 158.19) [ 0 1 4 2 3 30 29 24 41 ]
(453.22 | 156.00) [ 0 17 31 37 26 41 ]


3560.99
(265.33 | 285.33) [ 0 16 38 41 ]
(471.64 | 74.63) [ 0 18 20 36 23 40 41 ]
(402.30 | 124.01) [ 0 3 4 1 26 37 24 41 ]
(604.09 | 123.95) [ 0 8 5 6 17 28 21 25 41 ]
(452.87 | 97.92) [ 0 11 9 15 31 35 29 41 ]
(633.57 | 151.52) [ 0 2 14 10 12 30 22 32 34 41 ]
(611.20 | 150.04) [ 0 7 19 13 27 33 39 41 ]


3525.83
(286.70 | 286.70) [ 0 18 38 41 ]
(541.85 | -290.31) [ 0 1 4 2 3 25 21 23 28 41 ]
(497.13 | -1654.78) [ 0 11 9 16 36 31 29 41 ]
(411.08 | 192.06) [ 0 15 20 40 35 41 ]
(491.36 | 196.89) [ 0 17 6 5 8 24 37 26 41 ]
(611.20 | 215.41) [ 0 7 19 13 27 33 39 41 ]
(606.51 | 209.76) [ 0 14 10 12 34 32 22 30 41 ]


3572.65
(373.99 | 373.99) [ 0 20 40 41 ]
(531.71 | 67.06) [ 0 1 4 3 25 21 23 39 41 ]
(484.82 | 11.54) [ 0 16 6 17 24 37 26 41 ]
(612.21 | 162.95) [ 0 7 5 8 27 33 28 41 ]
(383.48 | 95.52) [ 0 18 19 13 36 38 41 ]
(452.87 | 154.58) [ 0 15 9 11 29 35 31 41 ]
(633.57 | 194.58) [ 0 2 14 10 12 30 22 32 34 41 ]


3605.80
(621.65 | -14738.82) [ 0 13 12 5 8 27 33 28 41 ]
(519.45 | -64.79) [ 0 6 7 19 40 36 41 ]
(621.44 | -221.41) [ 0 14 10 2 4 34 32 22 30 41 ]
(452.87 | 138.74) [ 0 11 9 15 29 35 31 41 ]
(295.68 | 203.98) [ 0 20 18 38 41 ]
(416.04 | 191.05) [ 0 17 16 24 37 26 41 ]
(518.68 | 191.19) [ 0 3 1 25 21 23 39 41 ]


3528.98
(542.92 | 124.89) [ 0 1 4 27 21 41 ]
(750.61 | 195.44) [ 0 3 2 13 12 14 25 33 32 34 22 41 ]
(487.38 | 194.05) [ 0 16 8 19 36 28 23 39 41 ]
(295.68 | 169.91) [ 0 18 20 38 41 ]
(481.87 | 131.69) [ 0 7 5 6 26 40 24 41 ]
(417.65 | 133.51) [ 0 17 10 37 30 41 ]
(452.87 | 159.04) [ 0 11 9 15 29 35 31 41 ]


3558.59
(533.84 | -6374.31) [ 0 1 4 3 25 21 23 28 41 ]
(447.40 | 290.95) [ 0 10 29 30 31 41 ]
(665.77 | 202.38) [ 0 16 12 14 2 36 34 32 22 41 ]
(297.96 | 150.38) [ 0 18 11 9 38 41 ]
(491.36 | 139.71) [ 0 8 5 6 17 26 37 24 41 ]
(411.08 | 144.75) [ 0 20 15 40 35 41 ]
(611.20 | 142.02) [ 0 7 19 13 27 33 39 41 ]


3540.68
(460.72 | -37.23) [ 0 16 36 31 29 41 ]
(541.85 | -172.28) [ 0 1 4 2 3 28 23 21 25 41 ]
(411.08 | -321.40) [ 0 20 15 35 40 41 ]
(491.36 | 91.96) [ 0 17 6 5 8 26 37 24 41 ]
(297.96 | 117.07) [ 0 9 11 18 38 41 ]
(606.51 | 190.50) [ 0 14 10 12 34 32 22 30 41 ]
(611.20 | 171.47) [ 0 7 19 13 27 33 39 41 ]


3535.61
(541.85 | -927.13) [ 0 1 4 2 3 28 23 21 25 41 ]
(611.20 | 181.82) [ 0 7 19 13 27 33 39 41 ]
(392.60 | 309.90) [ 0 10 37 30 41 ]
(638.70 | 247.35) [ 0 14 12 16 22 32 34 36 41 ]
(482.72 | 205.64) [ 0 17 6 5 8 24 40 26 41 ]
(295.68 | 157.30) [ 0 20 18 38 41 ]
(452.87 | 117.86) [ 0 15 9 11 31 35 29 41 ]


3563.41
(373.99 | 373.99) [ 0 20 40 41 ]
(611.27 | -95.74) [ 0 13 19 7 28 33 27 41 ]
(531.71 | 130.18) [ 0 3 4 1 25 21 23 39 41 ]
(452.87 | 200.30) [ 0 15 9 11 29 35 31 41 ]
(388.63 | 156.99) [ 0 16 18 36 38 41 ]
(491.36 | 129.71) [ 0 17 6 5 8 26 37 24 41 ]
(633.57 | 212.01) [ 0 2 14 10 12 30 22 32 34 41 ]


3525.83
(286.70 | 286.70) [ 0 18 38 41 ]
(411.08 | 148.46) [ 0 15 20 40 35 41 ]
(497.13 | -33.95) [ 0 11 9 16 29 31 36 41 ]
(606.51 | 82.09) [ 0 12 10 14 30 22 32 34 41 ]
(541.85 | 180.19) [ 0 3 2 4 1 28 23 21 25 41 ]
(491.36 | 189.90) [ 0 17 6 5 8 24 37 26 41 ]
(611.20 | 236.55) [ 0 7 19 13 39 33 27 41 ]


3564.04
(521.61 | -5354.53) [ 0 4 11 9 24 31 36 41 ]
(611.20 | 190.65) [ 0 13 19 7 27 33 39 41 ]
(295.68 | 166.10) [ 0 18 20 38 41 ]
(633.57 | 182.88) [ 0 2 14 10 12 30 22 32 34 41 ]
(520.81 | 184.57) [ 0 1 3 28 23 21 25 41 ]
(391.11 | 250.93) [ 0 16 15 35 40 41 ]
(490.08 | 250.29) [ 0 17 6 5 8 26 37 29 41 ]


3560.03
(262.86 | 262.86) [ 0 17 38 41 ]
(606.51 | -37.39) [ 0 12 10 14 34 32 22 30 41 ]
(411.08 | -2.10) [ 0 15 20 35 40 41 ]
(493.36 | 52.02) [ 0 9 11 18 36 31 29 41 ]
(493.18 | 211.97) [ 0 16 6 5 8 24 37 26 41 ]
(541.85 | 99.74) [ 0 1 4 2 3 28 23 21 25 41 ]
(611.20 | 214.37) [ 0 7 19 13 39 33 27 41 ]


3545.46
(373.99 | 373.99) [ 0 20 40 41 ]
(533.84 | 119.01) [ 0 1 4 3 25 21 23 28 41 ]
(611.20 | 217.44) [ 0 7 19 13 27 33 39 41 ]
(491.36 | 156.61) [ 0 8 5 6 17 24 37 26 41 ]
(452.87 | 141.48) [ 0 11 9 15 29 35 31 41 ]
(388.63 | 173.88) [ 0 18 16 38 36 41 ]
(633.57 | 213.71) [ 0 2 14 10 12 30 22 32 34 41 ]


3524.87
(286.70 | 286.70) [ 0 18 38 41 ]
(497.13 | -5494.79) [ 0 16 9 11 36 31 29 41 ]
(533.84 | -59.36) [ 0 1 4 3 28 23 21 25 41 ]
(411.08 | 142.70) [ 0 15 20 35 40 41 ]
(491.36 | 140.96) [ 0 8 5 6 17 24 37 26 41 ]
(611.20 | 158.96) [ 0 7 19 13 39 33 27 41 ]
(633.57 | 170.95) [ 0 2 14 10 12 30 22 32 34 41 ]


3586.02
(286.70 | 286.70) [ 0 18 38 41 ]
(597.22 | -1039.60) [ 0 7 19 14 39 27 28 41 ]
(497.13 | -6.11) [ 0 11 9 16 29 31 36 41 ]
(491.36 | 64.78) [ 0 8 5 6 17 26 37 24 41 ]
(608.70 | 114.41) [ 0 12 13 10 34 32 22 30 41 ]
(411.08 | 142.23) [ 0 15 20 40 35 41 ]
(573.84 | 147.51) [ 0 3 2 4 1 25 21 33 23 41 ]


3569.96
(362.23 | -6040.53) [ 0 7 18 38 41 ]
(459.92 | -2495.07) [ 0 20 2 4 3 24 40 26 41 ]
(792.98 | -16.74) [ 0 12 6 5 8 25 33 32 34 22 41 ]
(524.81 | 50.97) [ 0 1 21 27 41 ]
(417.65 | 171.11) [ 0 17 10 14 37 30 41 ]
(452.87 | 168.86) [ 0 11 9 15 31 35 29 41 ]
(419.50 | 167.79) [ 0 13 19 16 36 28 23 39 41 ]


3536.19
(286.70 | 286.70) [ 0 18 38 41 ]
(562.03 | 00.66) [ 0 17 6 16 36 37 26 41 ]
(531.71 | 122.74) [ 0 1 4 3 25 21 23 39 41 ]
(452.87 | 133.99) [ 0 11 9 15 31 35 29 41 ]
(633.57 | 225.04) [ 0 2 14 10 12 30 22 32 34 41 ]
(377.09 | 221.10) [ 0 13 19 20 24 40 41 ]
(612.21 | 166.07) [ 0 7 5 8 27 33 28 41 ]


3556.12
(373.99 | 373.99) [ 0 20 40 41 ]
(541.85 | -524.76) [ 0 1 4 2 3 25 21 23 28 41 ]
(606.51 | -571.15) [ 0 12 10 14 34 32 22 30 41 ]
(491.36 | 177.56) [ 0 8 5 6 17 24 37 26 41 ]
(355.36 | 152.42) [ 0 15 16 36 38 41 ]
(455.85 | 130.59) [ 0 9 11 18 31 35 29 41 ]
(611.20 | 153.87) [ 0 7 19 13 27 33 39 41 ]


3537.80
(459.12 | 112.06) [ 0 16 36 31 24 41 ]
(541.85 | -334.94) [ 0 3 2 4 1 25 21 23 28 41 ]
(297.96 | 201.41) [ 0 18 11 9 38 41 ]
(606.51 | 177.34) [ 0 12 10 14 30 22 32 34 41 ]
(490.08 | 100.47) [ 0 8 5 6 17 29 37 26 41 ]
(411.08 | 111.26) [ 0 20 15 40 35 41 ]
(611.20 | 165.92) [ 0 7 19 13 27 33 39 41 ]


3572.01
(286.70 | 286.70) [ 0 18 38 41 ]
(494.96 | -1985.64) [ 0 3 2 20 12 40 23 36 41 ]
(515.02 | 221.44) [ 0 4 1 28 21 25 41 ]
(599.90 | 177.50) [ 0 14 10 16 34 32 22 30 41 ]
(452.87 | 193.02) [ 0 11 9 15 29 35 31 41 ]
(611.20 | 225.97) [ 0 7 19 13 27 33 39 41 ]
(491.36 | 202.51) [ 0 8 5 6 17 24 37 26 41 ]


3575.62
(351.88 | 371.88) [ 0 16 40 41 ]
(380.91 | -35.78) [ 0 20 18 38 36 41 ]
(622.90 | 121.13) [ 0 8 5 6 17 28 23 21 25 41 ]
(452.87 | 119.24) [ 0 11 9 15 29 35 31 41 ]
(611.20 | 128.96) [ 0 7 19 13 39 33 27 41 ]
(402.30 | 245.64) [ 0 3 4 1 24 37 26 41 ]
(633.57 | 209.21) [ 0 12 10 14 2 30 22 32 34 41 ]


3559.12
(259.11 | -431.44) [ 0 15 38 41 ]
(407.07 | -10504.64) [ 0 1 4 2 26 37 24 41 ]
(495.29 | -328.14) [ 0 3 20 16 40 23 36 41 ]
(604.09 | 225.25) [ 0 8 5 6 17 28 21 25 41 ]
(455.85 | 231.83) [ 0 9 11 18 29 35 31 41 ]
(611.20 | 155.51) [ 0 7 19 13 27 33 39 41 ]
(606.51 | 203.49) [ 0 14 10 12 34 32 22 30 41 ]


3562.93
(270.12 | 118.76) [ 0 15 16 38 41 ]
(414.88 | 102.36) [ 0 20 12 40 35 41 ]
(580.16 | 135.40) [ 0 14 10 30 22 32 34 41 ]
(493.36 | 136.44) [ 0 9 11 18 29 31 36 41 ]
(491.36 | 140.25) [ 0 8 5 6 17 24 37 26 41 ]
(541.85 | 143.39) [ 0 1 4 2 3 28 23 21 25 41 ]
(611.20 | 150.60) [ 0 7 19 13 39 33 27 41 ]


3543.73
(286.70 | 286.70) [ 0 18 38 41 ]
(495.29 | -727.51) [ 0 16 20 3 40 23 36 41 ]
(604.09 | 127.20) [ 0 8 5 6 17 28 21 25 41 ]
(452.87 | 67.96) [ 0 11 9 15 29 35 31 41 ]
(407.07 | 148.43) [ 0 1 4 2 24 37 26 41 ]
(606.51 | 159.09) [ 0 14 10 12 30 22 32 34 41 ]
(611.20 | 193.30) [ 0 7 19 13 39 33 27 41 ]


3557.74
(522.37 | -70477.69) [ 0 9 11 2 4 36 31 24 41 ]
(520.81 | -1337.07) [ 0 1 3 25 21 23 28 41 ]
(295.68 | 179.74) [ 0 18 20 38 41 ]
(391.11 | 192.38) [ 0 16 15 35 40 41 ]
(606.51 | 179.03) [ 0 14 10 12 30 22 32 34 41 ]
(490.08 | 173.68) [ 0 8 5 6 17 29 37 26 41 ]
(611.20 | 225.70) [ 0 7 19 13 27 33 39 41 ]


3559.59
(793.81 | -318.71) [ 0 8 5 12 14 22 34 32 33 25 41 ]
(393.64 | -13.44) [ 0 1 4 26 40 24 41 ]
(638.48 | 27.84) [ 0 13 7 6 27 21 41 ]
(452.87 | 169.95) [ 0 11 9 15 29 35 31 41 ]
(295.68 | 185.42) [ 0 20 18 38 41 ]
(417.65 | 221.80) [ 0 10 17 30 37 41 ]
(447.46 | 122.11) [ 0 3 2 19 16 36 28 23 39 41 ]


3570.86
(265.33 | 285.33) [ 0 16 38 41 ]
(738.19 | -3297.06) [ 0 18 13 12 25 33 32 34 22 41 ]
(550.95 | -616.51) [ 0 3 2 4 1 27 21 41 ]
(497.51 | 80.48) [ 0 6 5 20 14 26 40 24 41 ]
(452.87 | 145.45) [ 0 11 9 15 31 35 29 41 ]
(417.65 | 255.64) [ 0 10 17 30 37 41 ]
(488.37 | 152.10) [ 0 19 7 8 36 28 23 39 41 ]


3592.52
(655.78 | -792.75) [ 0 3 12 7 27 21 41 ]
(792.62 | 192.98) [ 0 8 5 6 14 25 33 32 34 22 41 ]
(295.68 | 177.54) [ 0 20 18 38 41 ]
(417.65 | 157.95) [ 0 10 17 37 30 41 ]
(419.50 | 142.82) [ 0 16 19 13 36 28 23 39 41 ]
(398.42 | 159.00) [ 0 1 4 2 24 40 26 41 ]
(452.87 | 146.89) [ 0 11 9 15 31 35 29 41 ]


3529.28
(429.82 | 03.41) [ 0 16 40 36 41 ]
(606.51 | -52.70) [ 0 12 10 14 34 32 22 30 41 ]
(295.68 | 139.61) [ 0 20 18 38 41 ]
(541.85 | 120.06) [ 0 1 4 2 3 28 23 21 25 41 ]
(452.87 | 104.63) [ 0 11 9 15 31 35 29 41 ]
(611.20 | 217.49) [ 0 7 19 13 39 33 27 41 ]
(491.36 | 208.75) [ 0 17 6 5 8 24 37 26 41 ]


3545.10
(286.70 | 286.70) [ 0 18 38 41 ]
(491.36 | 136.46) [ 0 8 5 6 17 24 37 26 41 ]
(638.70 | 104.89) [ 0 14 12 16 36 34 32 22 41 ]
(411.08 | 97.11) [ 0 20 15 40 35 41 ]
(541.85 | 145.72) [ 0 1 4 2 3 28 23 21 25 41 ]
(484.21 | 147.74) [ 0 10 9 11 31 30 29 41 ]
(611.20 | 180.78) [ 0 7 19 13 27 33 39 41 ]


3585.65
(645.46 | -4976.20) [ 0 7 20 27 40 41 ]
(644.55 | 37.21) [ 0 2 14 12 17 37 22 32 34 41 ]
(565.82 | 78.62) [ 0 3 4 1 25 21 33 23 41 ]
(476.96 | 67.19) [ 0 8 5 6 16 36 28 39 41 ]
(298.24 | 158.14) [ 0 18 19 13 38 41 ]
(401.75 | 174.14) [ 0 10 24 30 26 41 ]
(452.87 | 192.62) [ 0 11 9 15 31 35 29 41 ]


3597.07
(286.70 | 286.70) [ 0 18 38 41 ]
(570.33 | -240.42) [ 0 2 4 1 33 21 25 41 ]
(645.46 | -41.64) [ 0 7 20 40 27 41 ]
(452.87 | 97.90) [ 0 11 9 15 29 35 31 41 ]
(491.36 | 148.51) [ 0 8 5 6 17 26 37 24 41 ]
(606.51 | 99.49) [ 0 14 10 12 34 32 22 30 41 ]
(443.84 | 183.70) [ 0 3 13 19 16 36 28 23 39 41 ]


3536.19
(286.70 | 286.70) [ 0 18 38 41 ]
(562.03 | -7343.57) [ 0 16 6 17 36 37 26 41 ]
(531.71 | 119.46) [ 0 1 4 3 25 21 23 39 41 ]
(377.09 | 104.91) [ 0 13 19 20 40 24 41 ]
(452.87 | -42.55) [ 0 11 9 15 29 35 31 41 ]
(612.21 | 223.05) [ 0 7 5 8 28 33 27 41 ]
(633.57 | 262.23) [ 0 2 14 10 12 34 32 22 30 41 ]


