3231.09
(537.26 | -2454.69) [ 0 5 7 6 33 27 25 41 ]
(441.35 | -56.61) [ 0 10 11 8 31 23 30 41 ]
(471.13 | 173.31) [ 0 2 4 3 39 26 22 41 ]
(395.00 | 150.93) [ 0 15 9 14 13 28 35 29 34 41 ]
(604.29 | 199.41) [ 0 17 16 19 36 24 37 41 ]
(284.22 | 200.25) [ 0 1 21 41 ]
(377.86 | 223.81) [ 0 12 20 18 38 32 40 41 ]


3267.14
(632.77 | -563.69) [ 0 3 4 2 36 24 37 41 ]
(472.43 | -82.13) [ 0 6 20 12 32 26 40 41 ]
(375.49 | -5.63) [ 0 10 11 18 38 30 31 41 ]
(543.51 | 45.59) [ 0 5 7 8 33 27 25 41 ]
(443.73 | 117.13) [ 0 17 16 19 23 39 22 41 ]
(395.00 | 158.98) [ 0 15 9 14 13 28 35 29 34 41 ]
(284.22 | 208.68) [ 0 1 21 41 ]


3271.27
(537.26 | -266.52) [ 0 6 7 5 25 27 33 41 ]
(480.84 | -96.52) [ 0 8 11 10 30 39 41 ]
(604.29 | 129.17) [ 0 17 16 19 36 24 37 41 ]
(377.86 | 157.48) [ 0 12 20 18 38 32 40 41 ]
(395.00 | 182.33) [ 0 15 9 14 13 34 29 35 28 41 ]
(471.82 | 213.31) [ 0 3 4 2 22 26 23 31 41 ]
(284.22 | 218.68) [ 0 1 21 41 ]


3231.09
(441.35 | -660.80) [ 0 8 11 10 31 23 30 41 ]
(537.26 | 42.26) [ 0 6 7 5 25 27 33 41 ]
(471.13 | 109.09) [ 0 2 4 3 22 26 39 41 ]
(395.00 | 181.54) [ 0 13 14 9 15 34 29 35 28 41 ]
(284.22 | 211.82) [ 0 1 21 41 ]
(377.86 | 206.54) [ 0 12 20 18 40 32 38 41 ]
(604.29 | 204.69) [ 0 19 16 17 36 24 37 41 ]


3280.01
(471.13 | -348.17) [ 0 3 4 2 22 26 39 41 ]
(388.57 | 33.10) [ 0 20 12 13 38 32 40 41 ]
(284.22 | 207.83) [ 0 1 21 41 ]
(604.29 | 171.81) [ 0 19 16 17 36 24 37 41 ]
(449.77 | 215.04) [ 0 6 18 14 15 28 35 29 34 41 ]
(378.53 | 235.06) [ 0 10 11 9 30 23 31 41 ]
(543.51 | 178.60) [ 0 5 7 8 33 27 25 41 ]


3211.93
(537.26 | -56.27) [ 0 6 7 5 25 27 33 41 ]
(604.29 | 42.54) [ 0 19 16 17 36 24 37 41 ]
(458.80 | -23.26) [ 0 15 9 14 8 34 29 35 28 41 ]
(471.13 | 09.69) [ 0 3 4 2 39 26 22 41 ]
(378.39 | 172.12) [ 0 10 13 11 31 23 30 41 ]
(284.22 | 216.83) [ 0 1 21 41 ]
(377.86 | 176.42) [ 0 18 20 12 38 32 40 41 ]


3254.10
(543.51 | 171.03) [ 0 8 7 5 25 27 33 41 ]
(385.09 | 202.82) [ 0 10 20 18 40 38 30 41 ]
(284.22 | 209.57) [ 0 1 21 41 ]
(415.85 | 205.06) [ 0 2 4 3 31 23 32 41 ]
(603.75 | 184.29) [ 0 17 16 13 14 36 24 37 41 ]
(493.41 | 193.06) [ 0 11 19 6 39 26 22 41 ]
(388.28 | 203.51) [ 0 9 12 15 34 29 35 28 41 ]


3282.94
(471.48 | -9240.84) [ 0 6 19 11 39 30 41 ]
(390.31 | -4.23) [ 0 15 9 10 28 35 29 34 41 ]
(603.75 | 171.97) [ 0 14 13 16 17 36 24 37 41 ]
(471.82 | 204.78) [ 0 3 4 2 31 23 26 22 41 ]
(377.86 | 212.56) [ 0 12 20 18 40 32 38 41 ]
(284.22 | 221.70) [ 0 1 21 41 ]
(543.51 | 199.66) [ 0 5 7 8 25 27 33 41 ]


3267.37
(476.79 | -234.66) [ 0 11 19 6 31 39 38 41 ]
(395.00 | 110.91) [ 0 13 14 9 15 34 29 35 28 41 ]
(609.53 | 213.65) [ 0 18 20 16 17 36 24 37 41 ]
(371.04 | 204.11) [ 0 10 12 32 30 41 ]
(284.22 | 213.57) [ 0 1 21 41 ]
(543.51 | 178.60) [ 0 5 7 8 33 27 25 41 ]
(467.27 | 184.02) [ 0 3 4 2 40 22 26 23 41 ]


3274.17
(472.73 | -22527.87) [ 0 8 19 11 23 34 31 28 41 ]
(407.23 | -104.30) [ 0 10 9 15 30 29 35 41 ]
(377.86 | -328.15) [ 0 12 20 18 38 32 40 41 ]
(537.26 | 123.18) [ 0 6 7 5 25 27 33 41 ]
(284.22 | 203.34) [ 0 1 21 41 ]
(603.75 | 185.07) [ 0 14 13 16 17 36 24 37 41 ]
(471.13 | 191.70) [ 0 3 4 2 39 26 22 41 ]


3231.09
(284.22 | 510.20) [ 0 1 21 41 ]
(441.35 | -4124.32) [ 0 8 11 10 31 23 30 41 ]
(537.26 | -338.54) [ 0 5 7 6 25 27 33 41 ]
(377.86 | 161.59) [ 0 12 20 18 40 32 38 41 ]
(471.13 | 198.26) [ 0 3 4 2 39 26 22 41 ]
(604.29 | 181.05) [ 0 19 16 17 36 24 37 41 ]
(395.00 | 196.73) [ 0 13 14 9 15 28 35 29 34 41 ]


3245.60
(543.51 | -459.76) [ 0 8 7 5 25 27 33 41 ]
(604.29 | 109.96) [ 0 17 16 19 36 24 37 41 ]
(378.39 | 168.52) [ 0 10 13 11 31 23 30 41 ]
(427.55 | 191.15) [ 0 6 20 12 38 32 40 41 ]
(396.53 | 168.45) [ 0 14 9 18 15 28 35 29 34 41 ]
(471.13 | 197.97) [ 0 2 4 3 39 26 22 41 ]
(284.22 | 214.37) [ 0 1 21 41 ]


3232.79
(537.26 | 139.56) [ 0 6 7 5 25 27 33 41 ]
(604.29 | 129.39) [ 0 19 16 17 36 24 37 41 ]
(459.51 | 118.31) [ 0 15 13 14 8 28 35 29 34 41 ]
(471.13 | 218.48) [ 0 3 4 2 39 26 22 41 ]
(378.53 | 219.94) [ 0 10 11 9 31 23 30 41 ]
(284.22 | 203.84) [ 0 1 21 41 ]
(377.86 | 192.66) [ 0 18 20 12 40 32 38 41 ]


3236.75
(284.22 | 572.61) [ 0 1 21 41 ]
(562.06 | -350.34) [ 0 13 5 7 33 27 25 41 ]
(378.53 | -133.40) [ 0 9 11 10 31 23 30 41 ]
(471.13 | 218.01) [ 0 3 4 2 22 26 39 41 ]
(458.66 | 225.17) [ 0 15 14 6 8 28 35 29 34 41 ]
(604.29 | 203.86) [ 0 17 16 19 36 24 37 41 ]
(377.86 | 174.37) [ 0 18 20 12 38 32 40 41 ]


3251.40
(375.49 | 172.96) [ 0 10 11 18 38 30 31 41 ]
(472.43 | 190.44) [ 0 12 20 6 32 26 40 41 ]
(604.29 | 213.15) [ 0 17 16 19 37 24 36 41 ]
(388.53 | 231.63) [ 0 13 14 9 15 35 29 34 41 ]
(543.51 | 205.71) [ 0 8 7 5 25 27 33 41 ]
(284.22 | 200.03) [ 0 1 21 41 ]
(502.94 | 192.78) [ 0 2 4 3 22 39 23 28 41 ]


3211.93
(284.22 | 470.65) [ 0 1 21 41 ]
(458.80 | 99.29) [ 0 15 9 14 8 28 35 29 34 41 ]
(604.29 | 108.01) [ 0 17 16 19 36 24 37 41 ]
(537.26 | 97.55) [ 0 6 7 5 33 27 25 41 ]
(378.39 | 208.09) [ 0 10 13 11 30 23 31 41 ]
(377.86 | 178.56) [ 0 18 20 12 40 32 38 41 ]
(471.13 | 196.41) [ 0 2 4 3 39 26 22 41 ]


3283.00
(472.28 | -503.51) [ 0 14 12 6 32 39 41 ]
(543.51 | 72.46) [ 0 8 7 5 25 27 33 41 ]
(375.49 | 153.71) [ 0 10 11 18 31 30 38 41 ]
(467.27 | 200.44) [ 0 2 4 3 23 26 22 40 41 ]
(284.22 | 201.88) [ 0 1 21 41 ]
(604.29 | 178.32) [ 0 19 16 17 36 24 37 41 ]
(395.95 | 190.14) [ 0 15 20 9 13 34 29 35 28 41 ]


3250.39
(460.62 | 38.51) [ 0 6 20 12 32 39 41 ]
(375.49 | 216.60) [ 0 10 11 18 31 30 38 41 ]
(395.00 | 199.53) [ 0 15 9 14 13 28 35 29 34 41 ]
(543.51 | 208.24) [ 0 5 7 8 33 27 25 41 ]
(467.27 | 195.03) [ 0 2 4 3 23 26 22 40 41 ]
(604.29 | 188.01) [ 0 17 16 19 36 24 37 41 ]
(284.22 | 197.55) [ 0 1 21 41 ]


3274.14
(480.45 | 107.47) [ 0 8 18 12 9 28 29 38 32 41 ]
(471.13 | 136.91) [ 0 2 4 3 39 26 22 41 ]
(537.26 | 208.86) [ 0 6 7 5 25 27 33 41 ]
(604.29 | 187.81) [ 0 17 16 19 36 24 37 41 ]
(284.22 | 225.90) [ 0 1 21 41 ]
(394.36 | 219.67) [ 0 10 14 20 30 23 40 41 ]
(382.44 | 207.24) [ 0 13 11 15 35 34 31 41 ]


3288.63
(531.36 | -20609.40) [ 0 13 19 9 6 26 39 29 28 41 ]
(371.04 | -1292.10) [ 0 12 10 32 30 41 ]
(543.51 | 123.58) [ 0 8 7 5 25 27 33 41 ]
(609.53 | 120.23) [ 0 18 20 16 17 36 24 37 41 ]
(467.16 | 163.73) [ 0 3 4 2 40 22 23 38 41 ]
(381.81 | 151.67) [ 0 15 11 14 31 34 35 41 ]
(284.22 | 222.03) [ 0 1 21 41 ]


3254.12
(470.59 | 11.81) [ 0 8 20 12 39 32 41 ]
(604.29 | 155.33) [ 0 17 16 19 36 24 37 41 ]
(284.22 | 217.55) [ 0 1 21 41 ]
(395.00 | 185.18) [ 0 13 14 9 15 28 35 29 34 41 ]
(375.49 | 139.77) [ 0 10 11 18 38 30 31 41 ]
(537.26 | 154.89) [ 0 5 7 6 25 27 33 41 ]
(467.27 | 186.95) [ 0 2 4 3 23 26 22 40 41 ]


3263.52
(284.22 | 667.10) [ 0 1 21 41 ]
(547.39 | -239.70) [ 0 15 5 6 25 27 33 41 ]
(471.13 | 113.26) [ 0 3 4 2 39 26 22 41 ]
(378.39 | 200.59) [ 0 10 13 11 30 23 31 41 ]
(604.29 | 208.65) [ 0 19 16 17 36 24 37 41 ]
(460.25 | 199.40) [ 0 14 9 7 8 34 29 35 28 41 ]
(377.86 | 173.03) [ 0 18 20 12 38 32 40 41 ]


3267.91
(496.46 | -4375.29) [ 0 17 16 14 6 39 26 22 41 ]
(543.51 | -8.44) [ 0 5 7 8 33 27 25 41 ]
(284.22 | 207.53) [ 0 1 21 41 ]
(377.86 | 125.05) [ 0 18 20 12 40 32 38 41 ]
(632.77 | 188.12) [ 0 3 4 2 36 24 37 41 ]
(378.39 | 216.18) [ 0 11 13 10 31 23 30 41 ]
(394.71 | 186.94) [ 0 15 9 19 28 35 29 34 41 ]


3253.93
(481.84 | -75.13) [ 0 6 20 12 40 26 39 41 ]
(469.60 | 205.91) [ 0 2 4 3 32 22 23 41 ]
(604.29 | 195.35) [ 0 19 16 17 36 24 37 41 ]
(543.51 | 152.01) [ 0 5 7 8 33 27 25 41 ]
(395.00 | 167.99) [ 0 15 9 14 13 28 35 29 34 41 ]
(284.22 | 205.58) [ 0 1 21 41 ]
(375.49 | 182.87) [ 0 18 11 10 31 30 38 41 ]


3231.09
(604.29 | -3673.75) [ 0 17 16 19 36 24 37 41 ]
(441.35 | -174.08) [ 0 8 11 10 31 23 30 41 ]
(395.00 | 124.84) [ 0 13 14 9 15 34 29 35 28 41 ]
(537.26 | 176.35) [ 0 6 7 5 25 27 33 41 ]
(377.86 | 202.37) [ 0 12 20 18 40 32 38 41 ]
(284.22 | 214.83) [ 0 1 21 41 ]
(471.13 | 213.48) [ 0 3 4 2 39 26 22 41 ]


3248.75
(378.53 | -5727.00) [ 0 10 11 9 30 23 31 41 ]
(495.06 | -1074.82) [ 0 17 13 19 6 39 26 22 41 ]
(543.51 | -79.95) [ 0 5 7 8 25 27 33 41 ]
(632.77 | -17.00) [ 0 2 4 3 36 24 37 41 ]
(284.22 | 175.98) [ 0 1 21 41 ]
(396.80 | 120.62) [ 0 15 14 16 34 29 35 28 41 ]
(377.86 | 213.56) [ 0 18 20 12 38 32 40 41 ]


3236.75
(562.06 | 126.90) [ 0 7 5 13 25 27 33 41 ]
(471.13 | 136.03) [ 0 2 4 3 22 26 39 41 ]
(284.22 | 194.75) [ 0 1 21 41 ]
(377.86 | 194.05) [ 0 12 20 18 38 32 40 41 ]
(458.66 | 199.63) [ 0 15 14 6 8 28 35 29 34 41 ]
(378.53 | 201.81) [ 0 10 11 9 30 23 31 41 ]
(604.29 | 182.69) [ 0 19 16 17 36 24 37 41 ]


3238.40
(537.26 | 42.05) [ 0 5 7 6 25 27 33 41 ]
(481.84 | 114.61) [ 0 10 13 9 8 28 29 23 30 41 ]
(604.29 | 191.38) [ 0 17 16 19 36 24 37 41 ]
(284.22 | 214.68) [ 0 1 21 41 ]
(377.86 | 202.04) [ 0 12 20 18 40 32 38 41 ]
(471.13 | 197.38) [ 0 3 4 2 39 26 22 41 ]
(381.81 | 189.36) [ 0 15 11 14 35 34 31 41 ]


3238.40
(471.13 | -902.98) [ 0 3 4 2 39 26 22 41 ]
(537.26 | -404.78) [ 0 6 7 5 33 27 25 41 ]
(481.84 | 160.55) [ 0 8 9 13 10 30 23 29 28 41 ]
(381.81 | 165.45) [ 0 15 11 14 35 34 31 41 ]
(284.22 | 206.87) [ 0 1 21 41 ]
(604.29 | 199.62) [ 0 17 16 19 36 24 37 41 ]
(377.86 | 185.07) [ 0 18 20 12 40 32 38 41 ]


3239.98
(284.22 | 566.75) [ 0 1 21 41 ]
(537.26 | -338.03) [ 0 5 7 6 25 27 33 41 ]
(603.75 | -26.97) [ 0 17 16 13 14 36 24 37 41 ]
(420.21 | 22.26) [ 0 19 12 39 32 41 ]
(451.78 | 177.28) [ 0 8 20 9 15 28 35 29 34 41 ]
(375.49 | 162.79) [ 0 18 11 10 31 30 38 41 ]
(467.27 | 186.83) [ 0 2 4 3 23 26 22 40 41 ]


3254.12
(470.59 | -2531.39) [ 0 8 20 12 39 32 41 ]
(537.26 | 107.02) [ 0 5 7 6 33 27 25 41 ]
(467.27 | 166.76) [ 0 3 4 2 23 26 22 40 41 ]
(395.00 | 178.88) [ 0 15 9 14 13 28 35 29 34 41 ]
(284.22 | 205.04) [ 0 1 21 41 ]
(604.29 | 170.50) [ 0 17 16 19 36 24 37 41 ]
(375.49 | 211.48) [ 0 18 11 10 38 30 31 41 ]


3242.75
(493.41 | 30.47) [ 0 11 19 6 22 26 39 41 ]
(390.31 | 161.38) [ 0 10 9 15 28 35 29 34 41 ]
(603.75 | 170.97) [ 0 14 13 16 17 36 24 37 41 ]
(284.22 | 218.70) [ 0 1 21 41 ]
(543.51 | 194.23) [ 0 5 7 8 33 27 25 41 ]
(409.71 | 196.25) [ 0 2 4 3 30 23 31 41 ]
(377.86 | 152.08) [ 0 12 20 18 38 32 40 41 ]


3231.09
(441.35 | -677.19) [ 0 8 11 10 30 23 31 41 ]
(471.13 | 189.31) [ 0 3 4 2 22 26 39 41 ]
(537.26 | 171.84) [ 0 6 7 5 25 27 33 41 ]
(284.22 | 204.64) [ 0 1 21 41 ]
(604.29 | 202.50) [ 0 17 16 19 37 24 36 41 ]
(377.86 | 193.33) [ 0 12 20 18 40 32 38 41 ]
(395.00 | 186.70) [ 0 15 9 14 13 34 29 35 28 41 ]


3231.09
(441.35 | -566.21) [ 0 8 11 10 30 23 31 41 ]
(604.29 | -642.73) [ 0 19 16 17 37 24 36 41 ]
(471.13 | 70.23) [ 0 3 4 2 39 26 22 41 ]
(537.26 | 94.69) [ 0 6 7 5 25 27 33 41 ]
(377.86 | 176.36) [ 0 18 20 12 38 32 40 41 ]
(284.22 | 223.71) [ 0 1 21 41 ]
(395.00 | 223.73) [ 0 13 14 9 15 28 35 29 34 41 ]


3257.15
(378.53 | 134.13) [ 0 10 11 9 31 23 30 41 ]
(632.77 | 227.05) [ 0 3 4 2 36 24 37 41 ]
(396.80 | 191.71) [ 0 15 14 16 28 35 29 34 41 ]
(562.06 | 176.32) [ 0 7 5 13 25 27 33 41 ]
(284.22 | 213.45) [ 0 1 21 41 ]
(377.86 | 182.29) [ 0 18 20 12 40 32 38 41 ]
(504.90 | 189.27) [ 0 8 6 19 17 22 26 39 41 ]


3287.33
(284.22 | 595.86) [ 0 1 21 41 ]
(471.42 | -1089.02) [ 0 9 12 18 8 38 30 29 28 41 ]
(417.29 | 30.35) [ 0 10 19 39 32 41 ]
(537.26 | 182.43) [ 0 5 7 6 33 27 25 41 ]
(467.27 | 204.70) [ 0 3 4 2 23 26 22 40 41 ]
(608.07 | 194.06) [ 0 17 16 13 20 36 24 37 41 ]
(381.81 | 183.25) [ 0 15 11 14 31 34 35 41 ]


3258.43
(388.28 | -30.71) [ 0 15 12 9 34 29 35 28 41 ]
(469.60 | 25.35) [ 0 3 4 2 32 22 23 41 ]
(543.51 | 99.24) [ 0 5 7 8 33 27 25 41 ]
(375.49 | 148.76) [ 0 18 11 10 31 30 38 41 ]
(493.58 | 201.59) [ 0 6 20 19 40 26 39 41 ]
(284.22 | 207.38) [ 0 1 21 41 ]
(603.75 | 173.39) [ 0 17 16 13 14 36 24 37 41 ]


3245.49
(448.51 | -3345.19) [ 0 8 12 11 32 23 31 41 ]
(537.26 | 90.65) [ 0 5 7 6 25 27 33 41 ]
(604.29 | 138.42) [ 0 17 16 19 37 24 36 41 ]
(284.22 | 214.55) [ 0 1 21 41 ]
(385.09 | 219.44) [ 0 18 20 10 40 38 30 41 ]
(471.13 | 191.41) [ 0 2 4 3 39 26 22 41 ]
(395.00 | 176.82) [ 0 13 14 9 15 28 35 29 34 41 ]


3286.62
(355.38 | -4898.23) [ 0 8 11 10 21 41 ]
(471.10 | -569.35) [ 0 4 2 39 26 22 41 ]
(385.74 | 194.82) [ 0 3 1 30 23 31 41 ]
(604.29 | 169.87) [ 0 19 16 17 36 24 37 41 ]
(377.86 | 178.52) [ 0 18 20 12 38 32 40 41 ]
(537.26 | 201.81) [ 0 6 7 5 33 27 25 41 ]
(395.00 | 184.28) [ 0 15 9 14 13 34 29 35 28 41 ]


3262.75
(431.98 | -638.25) [ 0 6 19 11 31 23 30 41 ]
(471.13 | 145.94) [ 0 2 4 3 39 26 22 41 ]
(390.31 | 159.14) [ 0 10 9 15 34 29 35 28 41 ]
(284.22 | 244.53) [ 0 1 21 41 ]
(543.51 | 240.25) [ 0 5 7 8 33 27 25 41 ]
(603.75 | 175.43) [ 0 14 13 16 17 36 24 37 41 ]
(377.86 | 195.24) [ 0 18 20 12 38 32 40 41 ]


3290.39
(335.68 | -2197.03) [ 0 6 20 12 21 41 ]
(409.15 | -1214.72) [ 0 1 32 39 41 ]
(543.51 | 59.09) [ 0 5 7 8 33 27 25 41 ]
(604.29 | 192.10) [ 0 17 16 19 36 24 37 41 ]
(467.27 | 170.50) [ 0 3 4 2 23 26 22 40 41 ]
(395.00 | 178.12) [ 0 15 9 14 13 28 35 29 34 41 ]
(375.49 | 174.46) [ 0 10 11 18 38 30 31 41 ]


3274.18
(471.13 | -191.86) [ 0 3 4 2 22 26 39 41 ]
(562.06 | -357.45) [ 0 7 5 13 25 27 33 41 ]
(473.86 | 196.24) [ 0 14 11 6 8 28 34 23 31 41 ]
(371.04 | 169.65) [ 0 10 12 32 30 41 ]
(604.29 | 198.62) [ 0 17 16 19 36 24 37 41 ]
(284.22 | 212.81) [ 0 1 21 41 ]
(427.59 | 191.72) [ 0 15 18 20 9 35 29 38 40 41 ]


3272.62
(388.28 | -185.04) [ 0 9 12 15 34 29 35 28 41 ]
(493.46 | 20.30) [ 0 6 19 14 39 26 22 41 ]
(371.23 | 145.72) [ 0 10 13 11 38 30 31 41 ]
(422.39 | 193.26) [ 0 2 4 3 40 32 23 41 ]
(284.22 | 213.93) [ 0 1 21 41 ]
(609.53 | 220.84) [ 0 17 16 20 18 36 24 37 41 ]
(543.51 | 178.60) [ 0 8 7 5 33 27 25 41 ]


3290.84
(446.94 | -4208.67) [ 0 6 20 10 34 30 40 41 ]
(543.51 | 77.45) [ 0 8 7 5 25 27 33 41 ]
(419.15 | 190.57) [ 0 13 9 12 18 32 38 23 29 41 ]
(284.22 | 214.63) [ 0 1 21 41 ]
(381.61 | 214.30) [ 0 15 11 14 28 35 31 41 ]
(604.29 | 184.42) [ 0 17 16 19 36 24 37 41 ]
(471.13 | 204.11) [ 0 3 4 2 39 26 22 41 ]


3231.09
(284.22 | 585.04) [ 0 1 21 41 ]
(441.35 | -10085.57) [ 0 8 11 10 30 23 31 41 ]
(537.26 | -918.25) [ 0 6 7 5 25 27 33 41 ]
(471.13 | 197.57) [ 0 2 4 3 22 26 39 41 ]
(604.29 | 133.14) [ 0 17 16 19 36 24 37 41 ]
(395.00 | 179.39) [ 0 15 9 14 13 34 29 35 28 41 ]
(377.86 | 175.37) [ 0 18 20 12 40 32 38 41 ]


3271.27
(480.84 | -175.22) [ 0 8 11 10 30 39 41 ]
(537.26 | 137.30) [ 0 5 7 6 25 27 33 41 ]
(395.00 | 137.94) [ 0 13 14 9 15 28 35 29 34 41 ]
(284.22 | 221.51) [ 0 1 21 41 ]
(471.82 | 224.43) [ 0 3 4 2 22 26 23 31 41 ]
(604.29 | 168.51) [ 0 19 16 17 36 24 37 41 ]
(377.86 | 194.79) [ 0 18 20 12 40 32 38 41 ]


3256.69
(632.77 | -793.72) [ 0 2 4 3 36 24 37 41 ]
(504.51 | 112.67) [ 0 8 6 9 19 22 26 39 41 ]
(562.06 | 50.66) [ 0 7 5 13 25 27 33 41 ]
(396.80 | 153.11) [ 0 15 14 16 28 35 29 34 41 ]
(378.47 | 126.21) [ 0 11 10 17 30 23 31 41 ]
(284.22 | 224.36) [ 0 1 21 41 ]
(377.86 | 204.84) [ 0 18 20 12 40 32 38 41 ]


3248.76
(561.47 | -555.04) [ 0 7 5 14 33 27 25 41 ]
(284.22 | 148.46) [ 0 1 21 41 ]
(604.29 | 192.24) [ 0 17 16 19 36 24 37 41 ]
(378.39 | 202.49) [ 0 11 13 10 30 23 31 41 ]
(471.13 | 190.18) [ 0 3 4 2 39 26 22 41 ]
(451.41 | 185.39) [ 0 15 9 6 8 28 35 29 34 41 ]
(377.86 | 171.90) [ 0 12 20 18 40 32 38 41 ]


3271.14
(284.22 | 530.76) [ 0 1 21 41 ]
(556.20 | -1076.40) [ 0 9 5 7 25 27 33 41 ]
(632.77 | 194.42) [ 0 2 4 3 36 24 37 41 ]
(396.80 | 168.79) [ 0 15 14 16 34 29 35 28 41 ]
(378.39 | 191.34) [ 0 11 13 10 31 23 30 41 ]
(377.86 | 193.66) [ 0 12 20 18 38 32 40 41 ]
(504.90 | 188.95) [ 0 8 6 19 17 39 26 22 41 ]


3248.76
(284.22 | 414.97) [ 0 1 21 41 ]
(378.39 | 200.04) [ 0 10 13 11 30 23 31 41 ]
(561.47 | 185.11) [ 0 7 5 14 33 27 25 41 ]
(604.29 | 140.17) [ 0 17 16 19 36 24 37 41 ]
(377.86 | 195.87) [ 0 18 20 12 38 32 40 41 ]
(471.13 | 191.94) [ 0 2 4 3 39 26 22 41 ]
(451.41 | 190.98) [ 0 15 9 6 8 28 35 29 34 41 ]


3254.12
(537.26 | -1267.65) [ 0 5 7 6 25 27 33 41 ]
(470.59 | 28.76) [ 0 12 20 8 32 39 41 ]
(284.22 | 216.05) [ 0 1 21 41 ]
(375.49 | 170.64) [ 0 10 11 18 31 30 38 41 ]
(467.27 | 221.52) [ 0 2 4 3 23 26 22 40 41 ]
(604.29 | 219.02) [ 0 17 16 19 36 24 37 41 ]
(395.00 | 190.55) [ 0 13 14 9 15 28 35 29 34 41 ]


3296.71
(465.68 | 161.87) [ 0 5 9 10 30 23 34 29 41 ]
(284.22 | 227.99) [ 0 1 21 41 ]
(471.13 | 162.10) [ 0 2 4 3 22 26 39 41 ]
(377.86 | 182.56) [ 0 12 20 18 38 32 40 41 ]
(571.94 | 180.65) [ 0 13 7 8 6 25 27 33 41 ]
(604.29 | 178.94) [ 0 17 16 19 36 24 37 41 ]
(381.61 | 191.12) [ 0 14 11 15 28 35 31 41 ]


3248.76
(561.47 | 74.64) [ 0 7 5 14 25 27 33 41 ]
(284.22 | 203.22) [ 0 1 21 41 ]
(377.86 | 181.91) [ 0 12 20 18 40 32 38 41 ]
(604.29 | 186.31) [ 0 19 16 17 36 24 37 41 ]
(451.41 | 200.99) [ 0 15 9 6 8 28 35 29 34 41 ]
(471.13 | 195.71) [ 0 2 4 3 39 26 22 41 ]
(378.39 | 182.34) [ 0 10 13 11 30 23 31 41 ]


3253.79
(420.21 | -430.98) [ 0 12 19 39 32 41 ]
(551.43 | -678.30) [ 0 20 5 7 25 27 33 41 ]
(451.41 | 87.95) [ 0 8 6 9 15 34 29 35 28 41 ]
(375.49 | 216.46) [ 0 18 11 10 38 30 31 41 ]
(284.22 | 215.61) [ 0 1 21 41 ]
(467.27 | 219.22) [ 0 2 4 3 23 26 22 40 41 ]
(603.75 | 189.22) [ 0 14 13 16 17 36 24 37 41 ]


3242.75
(284.22 | 461.47) [ 0 1 21 41 ]
(493.41 | -523.62) [ 0 6 19 11 39 26 22 41 ]
(603.75 | 105.43) [ 0 17 16 13 14 37 24 36 41 ]
(390.31 | 197.11) [ 0 10 9 15 28 35 29 34 41 ]
(409.71 | 168.21) [ 0 2 4 3 31 23 30 41 ]
(377.86 | 171.71) [ 0 18 20 12 40 32 38 41 ]
(543.51 | 170.00) [ 0 8 7 5 33 27 25 41 ]


3265.77
(371.04 | -1035.38) [ 0 12 10 32 30 41 ]
(551.43 | -239.65) [ 0 20 5 7 25 27 33 41 ]
(456.50 | 229.59) [ 0 8 6 9 14 13 28 35 29 34 41 ]
(428.44 | 213.80) [ 0 18 19 11 31 39 38 41 ]
(606.86 | 186.16) [ 0 15 16 17 36 24 37 41 ]
(284.22 | 202.41) [ 0 1 21 41 ]
(467.27 | 184.94) [ 0 3 4 2 23 26 22 40 41 ]


3211.93
(537.26 | -2409.30) [ 0 6 7 5 33 27 25 41 ]
(604.29 | 179.16) [ 0 17 16 19 36 24 37 41 ]
(378.39 | 146.78) [ 0 10 13 11 30 23 31 41 ]
(377.86 | 154.07) [ 0 12 20 18 40 32 38 41 ]
(458.80 | 169.70) [ 0 8 14 9 15 28 35 29 34 41 ]
(471.13 | 214.11) [ 0 2 4 3 39 26 22 41 ]
(284.22 | 213.02) [ 0 1 21 41 ]


3263.52
(284.22 | 444.73) [ 0 1 21 41 ]
(378.39 | 199.02) [ 0 10 13 11 31 23 30 41 ]
(547.39 | 196.26) [ 0 15 5 6 25 27 33 41 ]
(471.13 | 208.24) [ 0 2 4 3 39 26 22 41 ]
(604.29 | 186.54) [ 0 19 16 17 36 24 37 41 ]
(377.86 | 179.91) [ 0 18 20 12 40 32 38 41 ]
(460.25 | 218.12) [ 0 8 7 9 14 34 29 35 28 41 ]


3236.75
(562.06 | -132.36) [ 0 13 5 7 25 27 33 41 ]
(284.22 | 203.84) [ 0 1 21 41 ]
(471.13 | 203.74) [ 0 3 4 2 22 26 39 41 ]
(377.86 | 191.34) [ 0 12 20 18 38 32 40 41 ]
(378.53 | 188.29) [ 0 9 11 10 30 23 31 41 ]
(458.66 | 186.20) [ 0 15 14 6 8 28 35 29 34 41 ]
(604.29 | 182.45) [ 0 17 16 19 36 24 37 41 ]


3308.11
(353.31 | -3271.20) [ 0 6 16 15 21 41 ]
(618.11 | -645.62) [ 0 4 3 36 24 37 41 ]
(394.11 | -114.09) [ 0 17 14 19 9 34 29 35 28 41 ]
(462.83 | -195.48) [ 0 2 1 39 26 22 41 ]
(378.39 | 191.57) [ 0 10 13 11 30 23 31 41 ]
(377.86 | 196.05) [ 0 18 20 12 40 32 38 41 ]
(543.51 | 192.03) [ 0 8 7 5 25 27 33 41 ]


3250.39
(460.62 | -260.64) [ 0 6 20 12 32 39 41 ]
(543.51 | 135.94) [ 0 5 7 8 33 27 25 41 ]
(604.29 | 167.55) [ 0 19 16 17 36 24 37 41 ]
(395.00 | 168.66) [ 0 15 9 14 13 34 29 35 28 41 ]
(284.22 | 196.19) [ 0 1 21 41 ]
(467.27 | 177.62) [ 0 3 4 2 40 22 26 23 41 ]
(375.49 | 177.38) [ 0 10 11 18 38 30 31 41 ]


3232.79
(378.53 | 123.64) [ 0 9 11 10 31 23 30 41 ]
(537.26 | 10.65) [ 0 6 7 5 33 27 25 41 ]
(471.13 | 111.08) [ 0 3 4 2 39 26 22 41 ]
(377.86 | 187.74) [ 0 12 20 18 38 32 40 41 ]
(459.51 | 161.71) [ 0 8 14 13 15 34 29 35 28 41 ]
(284.22 | 204.79) [ 0 1 21 41 ]
(604.29 | 184.26) [ 0 17 16 19 36 24 37 41 ]


3238.40
(481.84 | -2009.79) [ 0 10 13 9 8 28 29 23 30 41 ]
(377.86 | 128.87) [ 0 12 20 18 40 32 38 41 ]
(284.22 | 201.91) [ 0 1 21 41 ]
(604.29 | 170.28) [ 0 17 16 19 36 24 37 41 ]
(537.26 | 172.79) [ 0 6 7 5 25 27 33 41 ]
(381.81 | 144.36) [ 0 14 11 15 35 34 31 41 ]
(471.13 | 185.02) [ 0 3 4 2 39 26 22 41 ]


3262.12
(284.22 | 502.29) [ 0 1 21 41 ]
(604.29 | -283.21) [ 0 17 16 19 36 24 37 41 ]
(434.78 | -136.66) [ 0 6 20 10 40 38 30 41 ]
(471.13 | 237.70) [ 0 2 4 3 22 26 39 41 ]
(543.51 | 164.93) [ 0 8 7 5 33 27 25 41 ]
(387.67 | 192.08) [ 0 13 11 12 32 23 31 41 ]
(396.53 | 166.42) [ 0 14 9 18 15 28 35 29 34 41 ]


3231.09
(537.26 | -41.12) [ 0 6 7 5 25 27 33 41 ]
(441.35 | 85.57) [ 0 8 11 10 30 23 31 41 ]
(284.22 | 209.37) [ 0 1 21 41 ]
(471.13 | 190.45) [ 0 2 4 3 39 26 22 41 ]
(604.29 | 161.74) [ 0 17 16 19 36 24 37 41 ]
(377.86 | 180.29) [ 0 18 20 12 40 32 38 41 ]
(395.00 | 171.64) [ 0 15 9 14 13 28 35 29 34 41 ]


3269.26
(284.22 | 509.17) [ 0 1 21 41 ]
(537.26 | -1339.55) [ 0 6 7 5 33 27 25 41 ]
(459.72 | 149.65) [ 0 8 13 9 15 34 29 35 28 41 ]
(421.02 | 190.14) [ 0 14 12 20 32 39 41 ]
(467.27 | 217.50) [ 0 3 4 2 23 26 22 40 41 ]
(604.29 | 165.16) [ 0 17 16 19 37 24 36 41 ]
(375.49 | 173.29) [ 0 10 11 18 31 30 38 41 ]


3245.49
(284.22 | 771.21) [ 0 1 21 41 ]
(448.51 | -410.66) [ 0 8 12 11 31 23 32 41 ]
(537.26 | -441.24) [ 0 5 7 6 25 27 33 41 ]
(471.13 | 114.59) [ 0 2 4 3 39 26 22 41 ]
(395.00 | 180.38) [ 0 15 9 14 13 34 29 35 28 41 ]
(604.29 | 169.21) [ 0 17 16 19 36 24 37 41 ]
(385.09 | 179.18) [ 0 10 20 18 30 38 40 41 ]


3250.39
(460.62 | -325.16) [ 0 6 20 12 39 32 41 ]
(543.51 | 133.74) [ 0 5 7 8 33 27 25 41 ]
(604.29 | 155.44) [ 0 17 16 19 36 24 37 41 ]
(284.22 | 214.76) [ 0 1 21 41 ]
(375.49 | 220.39) [ 0 10 11 18 38 30 31 41 ]
(395.00 | 191.51) [ 0 13 14 9 15 28 35 29 34 41 ]
(467.27 | 186.79) [ 0 3 4 2 40 22 26 23 41 ]


3270.35
(551.43 | 178.32) [ 0 7 5 20 25 27 33 41 ]
(378.39 | 195.80) [ 0 11 13 10 30 23 31 41 ]
(604.29 | 147.00) [ 0 17 16 19 36 24 37 41 ]
(389.48 | 187.53) [ 0 14 12 18 40 32 38 41 ]
(451.41 | 219.10) [ 0 15 9 6 8 28 35 29 34 41 ]
(471.13 | 204.93) [ 0 2 4 3 39 26 22 41 ]
(284.22 | 205.45) [ 0 1 21 41 ]


3253.93
(604.29 | -2376.70) [ 0 17 16 19 37 24 36 41 ]
(481.84 | -2313.02) [ 0 6 20 12 40 26 39 41 ]
(543.51 | 124.03) [ 0 8 7 5 33 27 25 41 ]
(469.60 | 182.24) [ 0 3 4 2 32 22 23 41 ]
(375.49 | 142.67) [ 0 18 11 10 31 30 38 41 ]
(284.22 | 216.16) [ 0 1 21 41 ]
(395.00 | 213.37) [ 0 15 9 14 13 28 35 29 34 41 ]


3278.61
(537.26 | -534.34) [ 0 5 7 6 25 27 33 41 ]
(482.34 | 12.63) [ 0 8 20 19 32 39 41 ]
(375.49 | 179.25) [ 0 10 11 18 38 30 31 41 ]
(284.22 | 212.46) [ 0 1 21 41 ]
(388.28 | 220.28) [ 0 15 12 9 28 35 29 34 41 ]
(467.27 | 209.75) [ 0 2 4 3 23 26 22 40 41 ]
(603.75 | 202.44) [ 0 17 16 13 14 36 24 37 41 ]


3227.96
(543.51 | -437.24) [ 0 5 7 8 25 27 33 41 ]
(395.00 | -488.32) [ 0 13 14 9 15 34 29 35 28 41 ]
(471.13 | 76.28) [ 0 3 4 2 39 26 22 41 ]
(434.33 | 120.12) [ 0 6 20 12 40 32 23 41 ]
(375.49 | 195.94) [ 0 18 11 10 38 30 31 41 ]
(604.29 | 169.22) [ 0 19 16 17 36 24 37 41 ]
(284.22 | 213.56) [ 0 1 21 41 ]


3211.93
(284.22 | 440.25) [ 0 1 21 41 ]
(537.26 | 86.89) [ 0 5 7 6 25 27 33 41 ]
(458.80 | -68.75) [ 0 15 9 14 8 28 35 29 34 41 ]
(604.29 | 49.79) [ 0 19 16 17 37 24 36 41 ]
(378.39 | 150.99) [ 0 10 13 11 31 23 30 41 ]
(471.13 | 223.23) [ 0 3 4 2 22 26 39 41 ]
(377.86 | 163.20) [ 0 12 20 18 38 32 40 41 ]


3248.76
(561.47 | -1103.19) [ 0 14 5 7 25 27 33 41 ]
(604.29 | 140.73) [ 0 17 16 19 36 24 37 41 ]
(378.39 | 190.78) [ 0 11 13 10 30 23 31 41 ]
(284.22 | 220.55) [ 0 1 21 41 ]
(377.86 | 205.44) [ 0 18 20 12 38 32 40 41 ]
(451.41 | 190.06) [ 0 15 9 6 8 28 35 29 34 41 ]
(471.13 | 195.18) [ 0 2 4 3 22 26 39 41 ]


3250.39
(460.62 | -32980.48) [ 0 6 20 12 32 39 41 ]
(375.49 | -52765.71) [ 0 18 11 10 31 30 38 41 ]
(467.27 | 110.87) [ 0 2 4 3 23 26 22 40 41 ]
(604.29 | 190.12) [ 0 19 16 17 36 24 37 41 ]
(543.51 | 173.25) [ 0 5 7 8 25 27 33 41 ]
(284.22 | 217.60) [ 0 1 21 41 ]
(395.00 | 177.07) [ 0 15 9 14 13 28 35 29 34 41 ]


3246.26
(451.78 | -413.70) [ 0 8 20 9 15 34 29 35 28 41 ]
(417.80 | -189.86) [ 0 19 10 30 39 41 ]
(467.27 | 206.72) [ 0 3 4 2 23 26 22 40 41 ]
(537.26 | 167.83) [ 0 6 7 5 25 27 33 41 ]
(384.18 | 177.05) [ 0 11 12 18 32 38 31 41 ]
(284.22 | 217.96) [ 0 1 21 41 ]
(603.75 | 212.00) [ 0 17 16 13 14 36 24 37 41 ]


3231.09
(441.35 | -7750.23) [ 0 8 11 10 30 23 31 41 ]
(537.26 | -91.20) [ 0 6 7 5 25 27 33 41 ]
(471.13 | 170.06) [ 0 2 4 3 22 26 39 41 ]
(395.00 | 188.30) [ 0 15 9 14 13 28 35 29 34 41 ]
(377.86 | 175.82) [ 0 18 20 12 38 32 40 41 ]
(604.29 | 162.31) [ 0 17 16 19 36 24 37 41 ]
(284.22 | 206.78) [ 0 1 21 41 ]


3245.49
(284.22 | 628.15) [ 0 1 21 41 ]
(448.51 | -3527.35) [ 0 8 12 11 31 23 32 41 ]
(604.29 | -124.90) [ 0 19 16 17 36 24 37 41 ]
(385.09 | 162.80) [ 0 10 20 18 40 38 30 41 ]
(395.00 | 154.62) [ 0 15 9 14 13 34 29 35 28 41 ]
(537.26 | 147.17) [ 0 6 7 5 25 27 33 41 ]
(471.13 | 214.56) [ 0 2 4 3 39 26 22 41 ]


3231.09
(604.29 | -47844.22) [ 0 17 16 19 36 24 37 41 ]
(441.35 | -174.56) [ 0 8 11 10 30 23 31 41 ]
(537.26 | -278.96) [ 0 6 7 5 25 27 33 41 ]
(284.22 | 208.19) [ 0 1 21 41 ]
(395.00 | 123.55) [ 0 13 14 9 15 34 29 35 28 41 ]
(377.86 | 205.24) [ 0 12 20 18 40 32 38 41 ]
(471.13 | 230.09) [ 0 3 4 2 39 26 22 41 ]


3293.66
(444.51 | 177.15) [ 0 10 11 18 22 39 38 41 ]
(604.29 | 97.88) [ 0 17 16 19 36 24 37 41 ]
(472.43 | 175.11) [ 0 6 20 12 32 26 40 41 ]
(409.71 | 170.25) [ 0 3 4 2 31 23 30 41 ]
(395.00 | 188.00) [ 0 13 14 9 15 28 35 29 34 41 ]
(284.22 | 216.80) [ 0 1 21 41 ]
(543.51 | 179.63) [ 0 5 7 8 33 27 25 41 ]


3238.40
(284.22 | 525.65) [ 0 1 21 41 ]
(471.13 | 123.97) [ 0 3 4 2 22 26 39 41 ]
(381.81 | 140.83) [ 0 15 11 14 35 34 31 41 ]
(537.26 | 176.10) [ 0 5 7 6 25 27 33 41 ]
(481.84 | 161.73) [ 0 10 13 9 8 30 23 29 28 41 ]
(377.86 | 168.18) [ 0 12 20 18 40 32 38 41 ]
(604.29 | 179.02) [ 0 17 16 19 36 24 37 41 ]


3291.97
(506.80 | -124.84) [ 0 8 19 15 39 26 22 41 ]
(371.31 | 229.87) [ 0 17 10 11 31 30 38 41 ]
(537.26 | 182.93) [ 0 5 7 6 25 27 33 41 ]
(632.77 | 139.52) [ 0 3 4 2 36 24 37 41 ]
(284.22 | 226.81) [ 0 1 21 41 ]
(394.97 | 177.56) [ 0 16 13 14 9 28 35 29 34 41 ]
(384.64 | 184.94) [ 0 18 20 12 23 32 40 41 ]


3324.50
(371.04 | -1324.03) [ 0 10 12 32 30 41 ]
(396.80 | 151.04) [ 0 16 14 15 28 35 29 34 41 ]
(424.28 | 196.12) [ 0 17 19 11 39 23 31 41 ]
(491.38 | 178.36) [ 0 20 18 7 8 38 26 22 40 41 ]
(564.00 | 166.65) [ 0 13 9 5 6 33 27 25 41 ]
(284.22 | 211.20) [ 0 1 21 41 ]
(632.77 | 202.66) [ 0 3 4 2 36 24 37 41 ]


3283.97
(483.53 | -6497.64) [ 0 8 19 15 28 35 34 23 41 ]
(406.22 | -377.21) [ 0 10 11 9 31 30 29 41 ]
(537.26 | 173.29) [ 0 5 7 6 25 27 33 41 ]
(284.22 | 209.52) [ 0 1 21 41 ]
(603.75 | 213.95) [ 0 17 16 13 14 36 24 37 41 ]
(471.13 | 206.38) [ 0 3 4 2 39 26 22 41 ]
(377.86 | 183.41) [ 0 12 20 18 38 32 40 41 ]


3279.96
(471.13 | -500.13) [ 0 3 4 2 39 26 22 41 ]
(537.26 | -2.04) [ 0 5 7 6 33 27 25 41 ]
(482.56 | 127.17) [ 0 8 13 10 17 28 29 23 30 41 ]
(605.13 | 202.47) [ 0 9 19 16 36 24 37 41 ]
(381.81 | 179.25) [ 0 14 11 15 31 34 35 41 ]
(284.22 | 211.50) [ 0 1 21 41 ]
(377.86 | 179.40) [ 0 18 20 12 40 32 38 41 ]


3263.14
(471.13 | -288.23) [ 0 2 4 3 39 26 22 41 ]
(378.53 | -383.33) [ 0 9 11 10 30 23 31 41 ]
(444.63 | 18.71) [ 0 8 5 15 28 35 29 34 41 ]
(604.29 | 180.55) [ 0 19 16 17 36 24 37 41 ]
(562.48 | 180.14) [ 0 13 14 7 6 25 27 33 41 ]
(377.86 | 157.56) [ 0 12 20 18 38 32 40 41 ]
(284.22 | 202.98) [ 0 1 21 41 ]


3254.10
(543.51 | -106.45) [ 0 5 7 8 33 27 25 41 ]
(415.85 | 187.16) [ 0 2 4 3 32 23 31 41 ]
(385.09 | 166.58) [ 0 10 20 18 40 38 30 41 ]
(493.41 | 176.29) [ 0 6 19 11 39 26 22 41 ]
(388.28 | 188.24) [ 0 15 12 9 28 35 29 34 41 ]
(284.22 | 214.85) [ 0 1 21 41 ]
(603.75 | 189.46) [ 0 14 13 16 17 36 24 37 41 ]


3289.33
(371.04 | -3706.97) [ 0 12 10 30 32 41 ]
(492.18 | 08.66) [ 0 6 19 11 40 26 39 41 ]
(473.86 | 169.94) [ 0 2 4 3 22 23 38 31 41 ]
(609.53 | 199.72) [ 0 18 20 16 17 36 24 37 41 ]
(284.22 | 207.29) [ 0 1 21 41 ]
(395.00 | 182.87) [ 0 13 14 9 15 34 29 35 28 41 ]
(543.51 | 195.98) [ 0 8 7 5 25 27 33 41 ]


3236.75
(378.53 | 193.78) [ 0 9 11 10 30 23 31 41 ]
(562.06 | 105.39) [ 0 7 5 13 25 27 33 41 ]
(458.66 | 164.66) [ 0 15 14 6 8 28 35 29 34 41 ]
(377.86 | 108.81) [ 0 18 20 12 38 32 40 41 ]
(604.29 | 152.43) [ 0 17 16 19 36 24 37 41 ]
(284.22 | 204.20) [ 0 1 21 41 ]
(471.13 | 211.64) [ 0 2 4 3 22 26 39 41 ]


3244.58
(537.26 | -1466.08) [ 0 6 7 5 25 27 33 41 ]
(461.65 | 151.57) [ 0 11 20 18 8 40 23 38 31 41 ]
(604.29 | 206.73) [ 0 19 16 17 36 24 37 41 ]
(371.04 | 187.00) [ 0 12 10 30 32 41 ]
(284.22 | 219.31) [ 0 1 21 41 ]
(471.13 | 209.45) [ 0 2 4 3 22 26 39 41 ]
(395.00 | 207.29) [ 0 15 9 14 13 34 29 35 28 41 ]


3236.75
(284.22 | 451.30) [ 0 1 21 41 ]
(562.06 | 49.21) [ 0 13 5 7 25 27 33 41 ]
(458.66 | 141.99) [ 0 15 14 6 8 28 35 29 34 41 ]
(471.13 | 197.07) [ 0 2 4 3 39 26 22 41 ]
(377.86 | 168.74) [ 0 18 20 12 40 32 38 41 ]
(378.53 | 174.16) [ 0 9 11 10 30 23 31 41 ]
(604.29 | 176.06) [ 0 19 16 17 36 24 37 41 ]


3248.76
(561.47 | 36.74) [ 0 14 5 7 33 27 25 41 ]
(471.13 | 66.62) [ 0 2 4 3 39 26 22 41 ]
(284.22 | 214.97) [ 0 1 21 41 ]
(604.29 | 171.14) [ 0 19 16 17 36 24 37 41 ]
(377.86 | 185.31) [ 0 18 20 12 40 32 38 41 ]
(378.39 | 199.15) [ 0 10 13 11 31 23 30 41 ]
(451.41 | 189.62) [ 0 15 9 6 8 28 35 29 34 41 ]


3295.75
(472.69 | -5478.97) [ 0 13 14 20 6 39 32 41 ]
(388.28 | -149.14) [ 0 15 12 9 28 35 29 34 41 ]
(543.51 | 84.18) [ 0 5 7 8 33 27 25 41 ]
(604.29 | 164.17) [ 0 17 16 19 36 24 37 41 ]
(284.22 | 206.64) [ 0 1 21 41 ]
(375.49 | 161.77) [ 0 18 11 10 31 30 38 41 ]
(467.27 | 189.66) [ 0 3 4 2 23 26 22 40 41 ]


3249.32
(543.51 | -230.94) [ 0 5 7 8 25 27 33 41 ]
(495.78 | -186.65) [ 0 17 19 9 6 39 26 22 41 ]
(632.77 | 55.25) [ 0 2 4 3 36 24 37 41 ]
(377.86 | 179.28) [ 0 18 20 12 38 32 40 41 ]
(396.80 | 212.56) [ 0 16 14 15 28 35 29 34 41 ]
(284.22 | 218.41) [ 0 1 21 41 ]
(378.39 | 221.45) [ 0 11 13 10 30 23 31 41 ]


3232.79
(378.53 | 104.09) [ 0 9 11 10 31 23 30 41 ]
(537.26 | 131.46) [ 0 6 7 5 25 27 33 41 ]
(284.22 | 196.12) [ 0 1 21 41 ]
(459.51 | 160.22) [ 0 8 14 13 15 34 29 35 28 41 ]
(471.13 | 195.39) [ 0 3 4 2 39 26 22 41 ]
(377.86 | 188.85) [ 0 12 20 18 38 32 40 41 ]
(604.29 | 198.05) [ 0 19 16 17 36 24 37 41 ]


3242.75
(604.29 | -155.51) [ 0 17 16 19 36 24 37 41 ]
(440.43 | -15.85) [ 0 6 20 10 30 23 40 41 ]
(543.51 | 183.24) [ 0 8 7 5 25 27 33 41 ]
(384.18 | 197.45) [ 0 18 12 11 31 38 32 41 ]
(471.13 | 213.26) [ 0 3 4 2 39 26 22 41 ]
(284.22 | 201.92) [ 0 1 21 41 ]
(395.00 | 178.07) [ 0 13 14 9 15 34 29 35 28 41 ]


3289.09
(433.83 | 00.00) [ 0 8 11 10 30 31 41 ]
(537.26 | 193.97) [ 0 6 7 5 25 27 33 41 ]
(604.29 | 188.00) [ 0 17 16 19 36 24 37 41 ]
(400.40 | 193.70) [ 0 13 14 12 34 32 40 41 ]
(471.13 | 231.01) [ 0 2 4 3 39 26 22 41 ]
(284.22 | 233.16) [ 0 1 21 41 ]
(417.98 | 190.94) [ 0 15 18 20 9 28 35 29 23 38 41 ]


3261.93
(632.77 | -1553.84) [ 0 2 4 3 36 24 37 41 ]
(493.41 | -502.14) [ 0 6 19 11 22 26 39 41 ]
(375.20 | 154.43) [ 0 17 10 15 30 23 31 41 ]
(543.51 | 175.06) [ 0 8 7 5 25 27 33 41 ]
(377.86 | 189.56) [ 0 12 20 18 40 32 38 41 ]
(394.97 | 180.43) [ 0 9 14 13 16 28 35 29 34 41 ]
(284.22 | 216.24) [ 0 1 21 41 ]


3283.13
(420.21 | -77.23) [ 0 12 19 39 32 41 ]
(537.26 | 160.59) [ 0 6 7 5 33 27 25 41 ]
(467.27 | 117.81) [ 0 2 4 3 23 26 22 40 41 ]
(431.91 | 142.23) [ 0 10 9 18 8 31 30 38 41 ]
(394.19 | 212.53) [ 0 14 11 15 28 35 29 34 41 ]
(608.07 | 201.72) [ 0 20 13 16 17 36 24 37 41 ]
(284.22 | 219.78) [ 0 1 21 41 ]


3211.93
(537.26 | -39.61) [ 0 6 7 5 25 27 33 41 ]
(458.80 | 128.35) [ 0 15 9 14 8 34 29 35 28 41 ]
(378.39 | 120.00) [ 0 10 13 11 30 23 31 41 ]
(471.13 | 224.80) [ 0 2 4 3 39 26 22 41 ]
(604.29 | 220.71) [ 0 19 16 17 36 24 37 41 ]
(377.86 | 203.03) [ 0 18 20 12 38 32 40 41 ]
(284.22 | 212.17) [ 0 1 21 41 ]


3250.39
(460.62 | -5663.09) [ 0 6 20 12 39 32 41 ]
(375.49 | -249.90) [ 0 18 11 10 38 30 31 41 ]
(284.22 | 208.40) [ 0 1 21 41 ]
(604.29 | 187.32) [ 0 17 16 19 36 24 37 41 ]
(467.27 | 183.83) [ 0 2 4 3 23 26 22 40 41 ]
(543.51 | 174.14) [ 0 5 7 8 33 27 25 41 ]
(395.00 | 186.95) [ 0 15 9 14 13 28 35 29 34 41 ]


