3406.39
(596.84 | -296.90) [ 0 2 4 3 1 23 40 24 41 ]
(450.24 | 251.26) [ 0 13 33 22 31 41 ]
(393.28 | 208.62) [ 0 14 19 39 34 41 ]
(545.63 | 232.47) [ 0 18 17 8 37 28 38 41 ]
(461.80 | 248.66) [ 0 10 11 5 30 25 35 21 41 ]
(568.70 | 253.18) [ 0 6 9 16 12 32 36 26 29 41 ]
(289.90 | 261.50) [ 0 7 15 20 27 41 ]


3404.33
(505.46 | -771.31) [ 0 2 4 3 1 21 35 23 38 41 ]
(608.63 | 232.90) [ 0 8 11 10 31 29 24 28 41 ]
(393.28 | 246.57) [ 0 14 19 34 39 41 ]
(540.66 | 271.22) [ 0 5 15 20 25 30 40 41 ]
(292.02 | 224.03) [ 0 7 6 27 41 ]
(447.18 | 256.25) [ 0 13 12 17 9 33 32 37 41 ]
(477.10 | 254.37) [ 0 18 16 22 36 26 41 ]


3381.29
(305.66 | -1547.94) [ 0 10 6 7 27 41 ]
(488.50 | -233.05) [ 0 11 17 12 37 31 32 41 ]
(596.84 | 219.06) [ 0 2 4 3 1 24 40 23 41 ]
(393.28 | 202.80) [ 0 14 19 39 34 41 ]
(616.94 | 248.90) [ 0 18 16 9 8 38 28 29 36 41 ]
(433.48 | 253.92) [ 0 5 15 20 30 25 35 21 41 ]
(446.59 | 240.05) [ 0 13 33 22 26 41 ]


3415.91
(329.42 | 329.42) [ 0 13 33 41 ]
(538.58 | -421.59) [ 0 5 15 20 27 40 24 41 ]
(393.28 | 218.12) [ 0 19 14 34 39 41 ]
(597.05 | 250.39) [ 0 18 10 9 8 30 38 28 29 41 ]
(467.00 | 244.51) [ 0 1 3 4 2 25 23 35 21 41 ]
(488.50 | 252.77) [ 0 11 17 12 37 31 32 41 ]
(502.07 | 259.25) [ 0 16 6 7 22 36 26 41 ]


3402.40
(308.26 | -3312.60) [ 0 7 6 11 27 41 ]
(393.28 | -93.26) [ 0 14 19 39 34 41 ]
(596.84 | 83.75) [ 0 2 4 3 1 24 40 23 41 ]
(545.63 | 134.34) [ 0 8 17 18 38 28 37 41 ]
(450.24 | 247.67) [ 0 13 33 22 31 41 ]
(554.66 | 218.45) [ 0 12 16 10 9 32 36 26 29 41 ]
(433.48 | 254.53) [ 0 5 15 20 30 25 35 21 41 ]


3395.98
(619.00 | 189.87) [ 0 15 9 16 18 38 28 29 36 41 ]
(446.59 | 231.43) [ 0 13 33 22 26 41 ]
(467.00 | 245.01) [ 0 2 4 3 1 21 35 23 25 41 ]
(393.28 | 224.93) [ 0 14 19 34 39 41 ]
(569.58 | 243.05) [ 0 10 5 20 30 40 24 41 ]
(292.04 | 260.93) [ 0 8 6 7 27 41 ]
(488.50 | 255.87) [ 0 11 17 12 32 31 37 41 ]


3396.48
(567.99 | 231.62) [ 0 9 18 13 28 24 29 33 41 ]
(506.44 | 236.82) [ 0 2 4 3 1 22 36 26 41 ]
(393.28 | 219.95) [ 0 19 14 34 39 41 ]
(462.51 | 227.25) [ 0 15 5 10 16 30 25 35 21 41 ]
(488.50 | 218.03) [ 0 12 17 11 32 31 37 41 ]
(292.04 | 232.22) [ 0 7 6 8 27 41 ]
(545.72 | 246.70) [ 0 20 38 40 23 41 ]


3412.22
(467.00 | -28.60) [ 0 1 3 4 2 25 23 35 21 41 ]
(289.67 | 239.08) [ 0 15 7 5 27 41 ]
(495.88 | 245.61) [ 0 18 19 8 39 28 38 41 ]
(456.45 | 242.31) [ 0 13 12 14 34 32 33 41 ]
(576.07 | 270.53) [ 0 9 11 6 31 26 29 41 ]
(493.39 | 263.39) [ 0 10 17 16 22 36 37 41 ]
(533.77 | 257.59) [ 0 20 24 40 30 41 ]


3416.47
(629.11 | -13.90) [ 0 9 11 10 16 30 29 36 31 41 ]
(454.24 | 105.83) [ 0 14 18 38 34 41 ]
(480.21 | 227.39) [ 0 19 17 12 32 37 39 41 ]
(467.00 | 257.26) [ 0 1 3 4 2 21 35 23 25 41 ]
(446.59 | 258.27) [ 0 13 26 22 33 41 ]
(546.94 | 257.60) [ 0 8 15 20 28 24 40 41 ]
(292.38 | 257.45) [ 0 6 7 5 27 41 ]


3412.68
(313.08 | -2471.55) [ 0 2 4 3 1 27 41 ]
(393.28 | -51.20) [ 0 19 14 34 39 41 ]
(572.24 | 185.69) [ 0 5 8 9 13 28 24 29 33 41 ]
(462.76 | 259.90) [ 0 15 7 6 10 30 25 35 21 41 ]
(545.72 | 272.31) [ 0 20 23 40 38 41 ]
(488.50 | 269.55) [ 0 11 17 12 32 31 37 41 ]
(477.10 | 260.60) [ 0 16 18 22 36 26 41 ]


3437.23
(393.28 | -2270.61) [ 0 19 14 34 39 41 ]
(598.35 | -202.11) [ 0 2 4 3 1 22 36 24 28 41 ]
(568.49 | 230.63) [ 0 17 11 9 29 26 31 41 ]
(576.76 | 223.07) [ 0 18 12 20 38 40 23 41 ]
(405.79 | 254.12) [ 0 13 37 32 33 41 ]
(462.51 | 258.49) [ 0 15 5 10 16 21 35 25 30 41 ]
(292.04 | 259.67) [ 0 8 6 7 27 41 ]


3412.49
(486.92 | 188.90) [ 0 10 17 11 37 31 32 41 ]
(545.59 | 220.30) [ 0 5 15 20 24 40 30 41 ]
(393.28 | 215.07) [ 0 19 14 34 39 41 ]
(617.34 | 243.12) [ 0 8 16 18 12 38 28 29 36 41 ]
(467.00 | 248.23) [ 0 1 3 4 2 21 35 23 25 41 ]
(446.59 | 241.95) [ 0 13 33 22 26 41 ]
(295.77 | 261.46) [ 0 7 6 9 27 41 ]


3381.42
(268.79 | 288.79) [ 0 15 27 41 ]
(393.28 | -100.84) [ 0 19 14 39 34 41 ]
(545.16 | 163.33) [ 0 20 5 8 40 24 28 41 ]
(536.09 | 178.96) [ 0 10 12 18 13 30 38 32 33 41 ]
(467.00 | 231.58) [ 0 1 3 4 2 25 23 35 21 41 ]
(569.02 | 225.30) [ 0 9 11 17 37 29 31 41 ]
(502.07 | 276.48) [ 0 16 6 7 22 36 26 41 ]


3410.72
(536.79 | 27.24) [ 0 5 17 10 37 30 25 41 ]
(550.36 | 69.26) [ 0 20 15 7 8 40 24 28 41 ]
(393.28 | 154.98) [ 0 19 14 39 34 41 ]
(253.19 | 199.83) [ 0 13 27 41 ]
(505.46 | 187.19) [ 0 2 4 3 1 21 35 23 38 41 ]
(475.58 | 275.88) [ 0 12 16 18 33 32 22 36 41 ]
(576.07 | 250.93) [ 0 9 11 6 31 26 29 41 ]


3394.06
(253.19 | 273.19) [ 0 13 27 41 ]
(393.28 | 168.31) [ 0 19 14 39 34 41 ]
(505.46 | 235.25) [ 0 2 4 3 1 38 23 35 21 41 ]
(446.34 | 243.13) [ 0 18 12 17 33 32 37 41 ]
(540.66 | 245.62) [ 0 5 15 20 25 30 40 41 ]
(613.52 | 266.86) [ 0 9 11 7 8 28 24 29 31 41 ]
(501.61 | 258.53) [ 0 16 10 6 22 36 26 41 ]


3433.42
(278.56 | 298.56) [ 0 18 27 41 ]
(552.64 | -297.57) [ 0 13 12 16 10 7 33 32 38 30 41 ]
(448.49 | 59.04) [ 0 6 5 15 21 35 23 25 41 ]
(393.28 | 220.83) [ 0 14 19 34 39 41 ]
(569.02 | 224.65) [ 0 9 11 17 37 29 31 41 ]
(506.44 | 259.00) [ 0 2 4 3 1 26 36 22 41 ]
(544.99 | 255.05) [ 0 8 20 28 24 40 41 ]


3385.57
(260.67 | 349.45) [ 0 1 27 41 ]
(393.28 | -2309.07) [ 0 14 19 39 34 41 ]
(536.09 | 245.31) [ 0 10 12 18 13 30 38 32 33 41 ]
(432.81 | 242.58) [ 0 5 15 20 21 35 23 25 41 ]
(569.02 | 198.02) [ 0 9 11 17 31 29 37 41 ]
(570.23 | 178.53) [ 0 2 4 3 28 24 40 41 ]
(503.47 | 249.59) [ 0 16 6 7 8 26 36 22 41 ]


3413.22
(487.52 | 279.77) [ 0 12 18 16 10 22 36 26 41 ]
(292.38 | 258.16) [ 0 6 7 5 27 41 ]
(393.28 | 250.18) [ 0 14 19 34 39 41 ]
(569.02 | 247.73) [ 0 9 11 17 37 29 31 41 ]
(497.08 | 262.87) [ 0 13 30 38 32 33 41 ]
(467.00 | 267.89) [ 0 1 3 4 2 25 23 35 21 41 ]
(546.94 | 246.78) [ 0 8 15 20 28 24 40 41 ]


3408.37
(393.28 | -171.92) [ 0 14 19 34 39 41 ]
(572.24 | 186.81) [ 0 13 9 8 5 33 29 24 28 41 ]
(548.03 | 215.10) [ 0 15 20 38 40 23 41 ]
(447.86 | 271.43) [ 0 18 16 10 21 35 25 30 41 ]
(292.02 | 270.55) [ 0 7 6 27 41 ]
(488.50 | 272.56) [ 0 12 17 11 32 31 37 41 ]
(506.44 | 250.45) [ 0 1 3 4 2 22 36 26 41 ]


3381.42
(268.79 | 288.79) [ 0 15 27 41 ]
(545.16 | -368.37) [ 0 8 5 20 40 24 28 41 ]
(536.09 | 224.96) [ 0 10 12 18 13 33 32 38 30 41 ]
(467.00 | 248.72) [ 0 1 3 4 2 25 23 35 21 41 ]
(569.02 | 194.18) [ 0 9 11 17 31 29 37 41 ]
(393.28 | 239.36) [ 0 14 19 39 34 41 ]
(502.07 | 264.84) [ 0 16 6 7 26 36 22 41 ]


3386.46
(581.04 | -284.67) [ 0 11 10 18 31 38 30 41 ]
(292.38 | 272.47) [ 0 6 7 5 27 41 ]
(393.28 | 257.75) [ 0 19 14 34 39 41 ]
(559.23 | 281.77) [ 0 9 17 16 12 37 29 36 32 41 ]
(546.94 | 228.70) [ 0 8 15 20 40 24 28 41 ]
(467.00 | 240.95) [ 0 2 4 3 1 25 23 35 21 41 ]
(446.59 | 258.18) [ 0 13 26 22 33 41 ]


3408.26
(603.38 | 228.10) [ 0 19 11 9 31 29 24 28 41 ]
(462.51 | 207.17) [ 0 15 5 10 16 21 35 25 30 41 ]
(506.44 | 262.37) [ 0 2 4 3 1 22 36 26 41 ]
(292.04 | 255.58) [ 0 7 6 8 27 41 ]
(545.72 | 250.30) [ 0 20 23 40 38 41 ]
(445.37 | 253.05) [ 0 13 12 17 37 32 33 41 ]
(392.80 | 248.69) [ 0 14 18 34 39 41 ]


3412.68
(267.06 | 287.06) [ 0 20 27 41 ]
(393.28 | -1370.69) [ 0 19 14 39 34 41 ]
(462.76 | 223.37) [ 0 15 7 6 10 21 35 25 30 41 ]
(572.24 | 229.77) [ 0 5 8 9 13 33 29 24 28 41 ]
(562.39 | 243.41) [ 0 18 16 38 40 23 41 ]
(488.50 | 233.13) [ 0 12 17 11 37 31 32 41 ]
(506.44 | 238.14) [ 0 2 4 3 1 22 36 26 41 ]


3398.87
(591.74 | 170.85) [ 0 1 3 4 2 38 40 23 41 ]
(405.79 | 250.73) [ 0 13 33 32 37 41 ]
(393.28 | 233.71) [ 0 14 19 34 39 41 ]
(610.58 | 231.71) [ 0 8 11 10 9 28 24 29 31 41 ]
(306.69 | 256.20) [ 0 17 6 7 27 41 ]
(477.32 | 256.56) [ 0 12 16 18 22 36 26 41 ]
(433.48 | 260.88) [ 0 20 15 5 30 25 35 21 41 ]


3418.98
(433.48 | 188.66) [ 0 5 15 20 30 25 35 21 41 ]
(480.21 | 203.85) [ 0 12 17 19 39 37 32 41 ]
(454.24 | 246.42) [ 0 14 18 34 38 41 ]
(595.59 | 245.79) [ 0 16 10 11 9 31 36 29 28 41 ]
(292.04 | 245.79) [ 0 8 6 7 27 41 ]
(446.59 | 248.24) [ 0 13 26 22 33 41 ]
(596.84 | 267.12) [ 0 1 3 4 2 23 40 24 41 ]


3404.23
(393.28 | 55.15) [ 0 14 19 39 34 41 ]
(584.55 | 271.17) [ 0 13 33 29 40 41 ]
(297.16 | 232.21) [ 0 8 7 6 9 27 41 ]
(433.48 | 223.78) [ 0 5 15 20 21 35 25 30 41 ]
(560.63 | 251.08) [ 0 2 4 3 1 28 24 38 23 41 ]
(486.63 | 253.73) [ 0 10 16 18 22 36 26 41 ]
(488.50 | 254.75) [ 0 12 17 11 37 31 32 41 ]


3403.76
(253.19 | 273.19) [ 0 13 27 41 ]
(591.74 | -403.87) [ 0 1 3 4 2 23 40 38 41 ]
(433.48 | 248.54) [ 0 5 15 20 30 25 35 21 41 ]
(393.28 | 196.39) [ 0 19 14 34 39 41 ]
(486.63 | 238.64) [ 0 10 16 18 22 36 26 41 ]
(576.94 | 231.14) [ 0 9 6 7 8 33 29 24 28 41 ]
(488.50 | 254.48) [ 0 12 17 11 37 31 32 41 ]


3422.76
(545.86 | -4319.58) [ 0 5 8 17 37 28 38 41 ]
(393.28 | -882.81) [ 0 14 19 34 39 41 ]
(467.00 | 56.59) [ 0 1 3 4 2 21 35 23 25 41 ]
(536.08 | 233.74) [ 0 15 20 30 40 24 41 ]
(496.72 | 253.04) [ 0 13 10 11 33 22 31 41 ]
(292.02 | 260.78) [ 0 7 6 27 41 ]
(551.80 | 259.43) [ 0 9 16 18 12 32 36 26 29 41 ]


3401.79
(487.93 | 235.86) [ 0 10 17 16 22 36 26 41 ]
(393.28 | 214.63) [ 0 19 14 34 39 41 ]
(560.63 | 237.56) [ 0 1 3 4 2 28 24 38 23 41 ]
(662.97 | 250.09) [ 0 9 11 20 31 29 40 41 ]
(432.05 | 270.79) [ 0 13 12 18 37 32 33 41 ]
(432.89 | 268.63) [ 0 15 5 21 35 25 30 41 ]
(292.04 | 255.83) [ 0 7 6 8 27 41 ]


3401.63
(309.39 | -16533.70) [ 0 7 6 8 10 27 41 ]
(560.63 | 98.79) [ 0 2 4 3 1 23 38 24 28 41 ]
(662.97 | 112.35) [ 0 20 11 9 31 29 40 41 ]
(477.10 | 262.57) [ 0 18 16 22 36 26 41 ]
(393.28 | 231.01) [ 0 19 14 39 34 41 ]
(432.89 | 242.52) [ 0 5 15 30 25 35 21 41 ]
(445.37 | 269.64) [ 0 13 12 17 37 32 33 41 ]


3386.46
(581.04 | -370.18) [ 0 11 10 18 31 38 30 41 ]
(546.94 | 217.35) [ 0 8 15 20 28 24 40 41 ]
(393.28 | 232.57) [ 0 19 14 34 39 41 ]
(559.23 | 226.69) [ 0 12 16 17 9 37 29 36 32 41 ]
(292.38 | 223.85) [ 0 5 7 6 27 41 ]
(446.59 | 247.78) [ 0 13 33 22 26 41 ]
(467.00 | 243.92) [ 0 1 3 4 2 21 35 23 25 41 ]


3390.61
(459.24 | -235.59) [ 0 15 5 8 10 30 25 35 21 41 ]
(662.97 | 257.53) [ 0 9 11 20 40 29 31 41 ]
(560.63 | 268.67) [ 0 1 3 4 2 23 38 24 28 41 ]
(393.28 | 242.64) [ 0 14 19 34 39 41 ]
(292.02 | 263.80) [ 0 7 6 27 41 ]
(445.37 | 259.29) [ 0 13 12 17 37 32 33 41 ]
(477.10 | 259.17) [ 0 16 18 22 36 26 41 ]


3381.20
(286.80 | 286.80) [ 0 7 27 41 ]
(393.28 | 04.91) [ 0 19 14 34 39 41 ]
(502.06 | 255.60) [ 0 5 6 16 22 36 26 41 ]
(536.09 | 244.16) [ 0 10 12 18 13 30 38 32 33 41 ]
(467.00 | 215.80) [ 0 2 4 3 1 21 35 23 25 41 ]
(569.02 | 248.31) [ 0 9 11 17 31 29 37 41 ]
(546.94 | 257.92) [ 0 8 15 20 28 24 40 41 ]


3410.43
(393.28 | -135.87) [ 0 19 14 39 34 41 ]
(479.64 | 174.40) [ 0 10 17 11 31 37 41 ]
(576.76 | 225.19) [ 0 18 12 20 38 40 23 41 ]
(499.61 | 227.63) [ 0 6 16 13 33 36 26 41 ]
(450.90 | 229.47) [ 0 9 8 7 5 15 21 35 25 30 41 ]
(609.56 | 208.50) [ 0 2 4 3 32 22 29 24 28 41 ]
(260.67 | 244.57) [ 0 1 27 41 ]


3405.09
(360.09 | 496.18) [ 0 1 21 41 ]
(504.52 | 63.10) [ 0 2 4 3 22 36 26 41 ]
(393.28 | 193.54) [ 0 14 19 34 39 41 ]
(545.16 | 185.22) [ 0 8 5 20 28 24 40 41 ]
(475.81 | 249.28) [ 0 15 7 6 10 27 25 30 23 35 41 ]
(585.55 | 287.99) [ 0 9 17 18 37 29 38 41 ]
(440.68 | 255.20) [ 0 13 12 16 11 31 32 33 41 ]


3418.83
(591.74 | -144.34) [ 0 1 3 4 2 23 40 38 41 ]
(393.28 | 101.94) [ 0 19 14 34 39 41 ]
(433.48 | 174.67) [ 0 20 15 5 30 25 35 21 41 ]
(491.29 | 231.00) [ 0 17 12 18 32 26 37 41 ]
(532.98 | 277.41) [ 0 13 33 29 24 28 41 ]
(292.04 | 259.25) [ 0 8 6 7 27 41 ]
(504.03 | 273.53) [ 0 16 10 11 9 31 22 36 41 ]


3397.45
(545.63 | -2004.63) [ 0 8 17 18 37 28 38 41 ]
(393.28 | -677.62) [ 0 19 14 34 39 41 ]
(512.80 | 253.46) [ 0 12 11 6 31 26 32 41 ]
(467.00 | 239.06) [ 0 1 3 4 2 21 35 23 25 41 ]
(555.30 | 243.63) [ 0 13 16 10 9 33 22 36 29 41 ]
(289.67 | 257.19) [ 0 5 7 15 27 41 ]
(533.77 | 259.06) [ 0 20 24 40 30 41 ]


3398.46
(278.56 | 298.56) [ 0 18 27 41 ]
(393.28 | 201.20) [ 0 14 19 34 39 41 ]
(540.66 | 216.68) [ 0 5 15 20 25 30 40 41 ]
(613.52 | 265.17) [ 0 9 11 7 8 31 29 24 28 41 ]
(505.46 | 251.56) [ 0 2 4 3 1 38 23 35 21 41 ]
(501.61 | 255.88) [ 0 16 10 6 26 36 22 41 ]
(445.37 | 254.91) [ 0 13 12 17 37 32 33 41 ]


3398.87
(591.74 | 29.17) [ 0 2 4 3 1 38 40 23 41 ]
(306.69 | 89.98) [ 0 7 6 17 27 41 ]
(393.28 | 106.32) [ 0 19 14 39 34 41 ]
(477.32 | 229.18) [ 0 18 16 12 22 36 26 41 ]
(433.48 | 244.40) [ 0 20 15 5 30 25 35 21 41 ]
(405.79 | 281.87) [ 0 13 37 32 33 41 ]
(610.58 | 287.36) [ 0 9 10 11 8 28 24 29 31 41 ]


3411.87
(393.28 | -755.99) [ 0 19 14 34 39 41 ]
(505.46 | 69.08) [ 0 1 3 4 2 21 35 23 38 41 ]
(446.59 | 265.30) [ 0 13 33 22 26 41 ]
(529.45 | 240.90) [ 0 15 5 8 10 28 24 30 25 41 ]
(651.36 | 258.64) [ 0 12 16 9 20 40 29 36 32 41 ]
(479.64 | 257.02) [ 0 17 11 37 31 41 ]
(306.11 | 252.45) [ 0 18 6 7 27 41 ]


3418.43
(253.19 | 273.20) [ 0 13 27 41 ]
(393.28 | -99.98) [ 0 19 14 39 34 41 ]
(548.56 | -403.09) [ 0 5 7 12 18 30 38 32 33 41 ]
(493.39 | 228.25) [ 0 10 17 16 22 36 37 41 ]
(467.00 | 238.23) [ 0 2 4 3 1 25 23 35 21 41 ]
(576.07 | 238.27) [ 0 9 11 6 31 26 29 41 ]
(546.94 | 263.48) [ 0 20 15 8 28 24 40 41 ]


3415.42
(456.45 | 240.21) [ 0 13 12 14 33 32 34 41 ]
(468.42 | 225.16) [ 0 19 10 5 25 30 39 41 ]
(505.46 | 242.18) [ 0 2 4 3 1 38 23 35 21 41 ]
(569.02 | 234.90) [ 0 17 11 9 31 29 37 41 ]
(546.94 | 254.63) [ 0 8 15 20 40 24 28 41 ]
(477.10 | 257.12) [ 0 16 18 22 36 26 41 ]
(292.02 | 261.92) [ 0 6 7 27 41 ]


3392.26
(560.63 | -713.64) [ 0 2 4 3 1 23 38 24 28 41 ]
(621.49 | 103.37) [ 0 20 9 13 33 29 40 41 ]
(393.28 | 73.94) [ 0 19 14 34 39 41 ]
(459.24 | 266.57) [ 0 15 5 8 10 30 25 35 21 41 ]
(477.10 | 268.66) [ 0 18 16 22 36 26 41 ]
(292.02 | 253.31) [ 0 7 6 27 41 ]
(488.50 | 255.87) [ 0 12 17 11 32 31 37 41 ]


3425.16
(412.51 | -2698.76) [ 0 1 3 4 2 21 41 ]
(393.28 | 200.69) [ 0 14 19 34 39 41 ]
(566.58 | 198.21) [ 0 11 8 20 28 24 40 41 ]
(390.92 | 241.41) [ 0 13 31 32 33 41 ]
(585.55 | 230.22) [ 0 9 17 18 38 29 37 41 ]
(501.05 | 265.60) [ 0 12 16 6 22 36 26 41 ]
(475.28 | 257.30) [ 0 15 5 7 10 27 25 30 23 35 41 ]


3409.51
(393.28 | -5557.48) [ 0 14 19 34 39 41 ]
(604.69 | 208.44) [ 0 5 9 10 13 33 29 30 25 41 ]
(477.10 | 264.84) [ 0 16 18 22 36 26 41 ]
(528.45 | 262.05) [ 0 20 15 28 24 40 41 ]
(505.46 | 255.60) [ 0 1 3 4 2 38 23 35 21 41 ]
(488.50 | 249.06) [ 0 11 17 12 32 31 37 41 ]
(292.04 | 254.38) [ 0 8 6 7 27 41 ]


3409.39
(292.38 | -1715.48) [ 0 6 7 5 27 41 ]
(393.28 | 153.23) [ 0 19 14 34 39 41 ]
(449.16 | 253.46) [ 0 10 17 16 21 35 25 30 41 ]
(608.06 | 266.75) [ 0 8 11 9 28 24 29 31 41 ]
(548.03 | 254.81) [ 0 15 20 38 40 23 41 ]
(432.05 | 269.56) [ 0 18 12 13 33 32 37 41 ]
(506.44 | 257.64) [ 0 2 4 3 1 22 36 26 41 ]


3406.02
(329.42 | 329.42) [ 0 13 33 41 ]
(393.28 | 103.63) [ 0 19 14 39 34 41 ]
(418.86 | 188.40) [ 0 5 15 20 27 25 35 21 41 ]
(597.05 | 262.61) [ 0 18 10 9 8 30 38 28 29 41 ]
(488.50 | 243.53) [ 0 12 17 11 37 31 32 41 ]
(502.07 | 254.64) [ 0 7 6 16 22 36 26 41 ]
(596.84 | 255.49) [ 0 2 4 3 1 24 40 23 41 ]


3421.35
(260.67 | 519.80) [ 0 1 27 41 ]
(393.28 | 224.95) [ 0 14 19 34 39 41 ]
(500.85 | 216.49) [ 0 15 6 18 21 35 23 38 41 ]
(564.65 | 225.51) [ 0 10 5 20 25 30 40 41 ]
(617.35 | 235.02) [ 0 16 11 8 9 31 29 24 28 41 ]
(460.03 | 253.72) [ 0 13 12 17 7 33 32 37 41 ]
(504.52 | 259.90) [ 0 3 4 2 22 36 26 41 ]


3411.20
(393.28 | 14.85) [ 0 19 14 39 34 41 ]
(540.66 | 261.18) [ 0 5 15 20 40 30 25 41 ]
(488.14 | 214.76) [ 0 12 16 17 10 22 36 26 41 ]
(605.83 | 258.99) [ 0 9 11 18 31 29 24 28 41 ]
(405.79 | 275.66) [ 0 13 37 32 33 41 ]
(505.46 | 240.39) [ 0 1 3 4 2 38 23 35 21 41 ]
(292.04 | 267.67) [ 0 8 6 7 27 41 ]


3376.42
(393.28 | -11176.54) [ 0 19 14 34 39 41 ]
(467.00 | -483.40) [ 0 1 3 4 2 25 23 35 21 41 ]
(488.50 | 261.41) [ 0 12 17 11 32 31 37 41 ]
(446.59 | 265.03) [ 0 13 33 22 26 41 ]
(616.94 | 269.79) [ 0 18 16 9 8 38 28 29 36 41 ]
(569.58 | 250.37) [ 0 10 5 20 24 40 30 41 ]
(294.53 | 263.61) [ 0 15 7 6 27 41 ]


3421.65
(278.56 | 298.56) [ 0 18 27 41 ]
(576.07 | 265.84) [ 0 6 11 9 29 26 31 41 ]
(468.42 | 258.88) [ 0 19 10 5 39 30 25 41 ]
(505.46 | 248.44) [ 0 1 3 4 2 21 35 23 38 41 ]
(475.58 | 246.19) [ 0 13 12 16 36 22 32 33 41 ]
(550.36 | 236.23) [ 0 20 15 7 8 28 24 40 41 ]
(467.21 | 241.17) [ 0 17 14 34 37 41 ]


3426.34
(278.56 | 278.56) [ 0 18 27 41 ]
(512.80 | -5865.56) [ 0 12 11 6 31 26 32 41 ]
(505.46 | 95.31) [ 0 1 3 4 2 21 35 23 38 41 ]
(564.65 | 131.16) [ 0 20 5 10 25 30 40 41 ]
(578.21 | 247.93) [ 0 13 9 8 7 15 33 29 24 28 41 ]
(393.28 | 254.08) [ 0 14 19 39 34 41 ]
(493.39 | 254.06) [ 0 17 16 22 36 37 41 ]


3400.22
(253.19 | 273.19) [ 0 13 27 41 ]
(467.00 | -1401.44) [ 0 2 4 3 1 25 23 35 21 41 ]
(548.15 | 12.88) [ 0 18 12 10 5 30 38 32 33 41 ]
(393.28 | 198.28) [ 0 14 19 39 34 41 ]
(569.02 | 237.05) [ 0 17 11 9 37 29 31 41 ]
(504.59 | 255.37) [ 0 16 6 7 15 22 36 26 41 ]
(544.99 | 276.21) [ 0 20 8 40 24 28 41 ]


3438.44
(622.72 | -1986.81) [ 0 2 4 3 1 31 23 35 21 41 ]
(446.59 | 200.39) [ 0 13 26 22 33 41 ]
(393.28 | 70.51) [ 0 19 14 39 34 41 ]
(461.42 | 150.32) [ 0 5 10 18 25 30 38 41 ]
(559.23 | 217.76) [ 0 12 16 17 9 37 29 36 32 41 ]
(308.26 | 252.61) [ 0 7 6 11 27 41 ]
(546.94 | 260.50) [ 0 8 15 20 40 24 28 41 ]


3421.65
(278.56 | 298.56) [ 0 18 27 41 ]
(467.21 | -322.32) [ 0 17 14 37 34 41 ]
(475.58 | 222.06) [ 0 13 12 16 33 32 22 36 41 ]
(505.46 | 247.71) [ 0 2 4 3 1 38 23 35 21 41 ]
(550.36 | 254.83) [ 0 20 15 7 8 40 24 28 41 ]
(468.42 | 261.83) [ 0 19 10 5 39 30 25 41 ]
(576.07 | 243.76) [ 0 9 11 6 31 26 29 41 ]


3425.30
(583.84 | -2331.10) [ 0 18 10 11 38 28 31 41 ]
(393.28 | 131.29) [ 0 14 19 34 39 41 ]
(433.48 | 154.42) [ 0 5 15 20 30 25 35 21 41 ]
(596.84 | 246.49) [ 0 2 4 3 1 24 40 23 41 ]
(559.23 | 232.62) [ 0 9 17 16 12 37 29 36 32 41 ]
(446.59 | 239.41) [ 0 13 26 22 33 41 ]
(292.04 | 234.06) [ 0 8 6 7 27 41 ]


3429.45
(343.29 | 343.29) [ 0 20 33 41 ]
(393.28 | -1998.77) [ 0 14 19 34 39 41 ]
(500.86 | 190.64) [ 0 6 16 13 26 36 22 41 ]
(429.64 | 218.72) [ 0 15 7 5 27 25 35 21 41 ]
(597.05 | 225.02) [ 0 18 10 9 8 30 38 28 29 41 ]
(488.50 | 241.07) [ 0 12 17 11 37 31 32 41 ]
(596.84 | 252.84) [ 0 1 3 4 2 24 40 23 41 ]


3416.59
(576.67 | -214.56) [ 0 20 18 38 40 23 41 ]
(393.28 | 258.00) [ 0 19 14 34 39 41 ]
(588.37 | 258.92) [ 0 12 16 9 8 13 33 29 24 28 41 ]
(432.89 | 253.31) [ 0 15 5 21 35 25 30 41 ]
(486.92 | 276.76) [ 0 10 17 11 32 31 37 41 ]
(506.44 | 275.50) [ 0 2 4 3 1 22 36 26 41 ]
(292.02 | 258.26) [ 0 7 6 27 41 ]


3401.02
(540.66 | 187.92) [ 0 20 15 5 40 30 25 41 ]
(393.28 | 225.97) [ 0 14 19 34 39 41 ]
(444.23 | 232.87) [ 0 10 17 13 37 32 33 41 ]
(505.46 | 254.13) [ 0 2 4 3 1 21 35 23 38 41 ]
(477.32 | 258.66) [ 0 12 16 18 22 36 26 41 ]
(608.06 | 262.97) [ 0 9 11 8 31 29 24 28 41 ]
(292.02 | 262.72) [ 0 7 6 27 41 ]


3392.28
(446.59 | 171.03) [ 0 13 26 22 33 41 ]
(393.28 | 213.24) [ 0 14 19 39 34 41 ]
(460.24 | 253.17) [ 0 5 6 10 21 35 25 30 41 ]
(616.94 | 267.52) [ 0 8 9 16 18 38 28 29 36 41 ]
(488.50 | 234.92) [ 0 11 17 12 37 31 32 41 ]
(289.90 | 255.50) [ 0 20 15 7 27 41 ]
(596.84 | 255.61) [ 0 2 4 3 1 23 40 24 41 ]


3399.18
(393.28 | 208.63) [ 0 14 19 34 39 41 ]
(540.66 | 234.67) [ 0 20 15 5 25 30 40 41 ]
(582.17 | 259.78) [ 0 8 9 10 13 33 29 24 28 41 ]
(488.50 | 247.52) [ 0 12 17 11 32 31 37 41 ]
(505.46 | 248.68) [ 0 1 3 4 2 21 35 23 38 41 ]
(477.10 | 269.97) [ 0 18 16 22 36 26 41 ]
(292.02 | 274.33) [ 0 7 6 27 41 ]


3412.68
(267.06 | 287.06) [ 0 20 27 41 ]
(506.44 | -254.16) [ 0 1 3 4 2 22 36 26 41 ]
(572.24 | -103.81) [ 0 5 8 9 13 28 24 29 33 41 ]
(462.76 | 145.00) [ 0 15 7 6 10 30 25 35 21 41 ]
(393.28 | 224.86) [ 0 14 19 34 39 41 ]
(562.39 | 249.83) [ 0 16 18 38 40 23 41 ]
(488.50 | 218.87) [ 0 12 17 11 37 31 32 41 ]


3385.90
(393.28 | -77.77) [ 0 14 19 34 39 41 ]
(446.59 | 172.28) [ 0 13 26 22 33 41 ]
(488.50 | 187.22) [ 0 12 17 11 37 31 32 41 ]
(606.41 | 238.67) [ 0 9 16 18 36 29 28 38 41 ]
(569.58 | 243.14) [ 0 10 5 20 24 40 30 41 ]
(294.55 | 243.91) [ 0 15 7 6 8 27 41 ]
(467.00 | 259.57) [ 0 1 3 4 2 21 35 23 25 41 ]


3381.80
(286.80 | 286.80) [ 0 7 27 41 ]
(536.09 | 93.56) [ 0 13 18 12 10 30 38 32 33 41 ]
(393.28 | 182.47) [ 0 19 14 39 34 41 ]
(545.16 | 194.30) [ 0 8 5 20 28 24 40 41 ]
(504.45 | 239.46) [ 0 16 6 15 22 36 26 41 ]
(569.02 | 251.36) [ 0 17 11 9 31 29 37 41 ]
(467.00 | 245.25) [ 0 1 3 4 2 21 35 23 25 41 ]


3392.26
(621.49 | -171.71) [ 0 20 9 13 33 29 40 41 ]
(560.63 | -158.57) [ 0 2 4 3 1 28 24 38 23 41 ]
(459.24 | 146.92) [ 0 15 5 8 10 21 35 25 30 41 ]
(393.28 | 214.53) [ 0 19 14 39 34 41 ]
(488.50 | 248.58) [ 0 11 17 12 37 31 32 41 ]
(292.02 | 275.76) [ 0 7 6 27 41 ]
(477.10 | 275.97) [ 0 18 16 26 36 22 41 ]


3381.20
(286.80 | 286.80) [ 0 7 27 41 ]
(393.28 | -974.22) [ 0 14 19 39 34 41 ]
(536.09 | 240.18) [ 0 10 12 18 13 30 38 32 33 41 ]
(569.02 | 222.38) [ 0 17 11 9 31 29 37 41 ]
(467.00 | 273.56) [ 0 2 4 3 1 21 35 23 25 41 ]
(502.06 | 253.34) [ 0 5 6 16 22 36 26 41 ]
(546.94 | 261.33) [ 0 20 15 8 28 24 40 41 ]


3415.03
(505.46 | -431.88) [ 0 2 4 3 1 38 23 35 21 41 ]
(496.11 | 174.39) [ 0 11 16 18 22 36 26 41 ]
(564.65 | 156.86) [ 0 10 5 20 25 30 40 41 ]
(603.37 | 178.10) [ 0 15 8 6 9 28 24 29 31 41 ]
(393.28 | 229.10) [ 0 19 14 34 39 41 ]
(286.80 | 254.14) [ 0 7 27 41 ]
(445.37 | 226.55) [ 0 13 12 17 33 32 37 41 ]


3407.11
(253.19 | 273.19) [ 0 13 27 41 ]
(540.66 | -2003.90) [ 0 5 15 20 25 30 40 41 ]
(584.41 | 255.11) [ 0 7 8 9 18 28 24 29 33 41 ]
(393.28 | 220.03) [ 0 19 14 39 34 41 ]
(505.46 | 248.40) [ 0 2 4 3 1 21 35 23 38 41 ]
(501.61 | 264.29) [ 0 16 10 6 26 36 22 41 ]
(488.50 | 256.55) [ 0 11 17 12 32 31 37 41 ]


3408.37
(506.44 | -325.41) [ 0 2 4 3 1 22 36 26 41 ]
(393.28 | -234.07) [ 0 14 19 39 34 41 ]
(423.97 | 174.44) [ 0 15 20 30 25 35 21 41 ]
(488.50 | 219.78) [ 0 12 17 11 37 31 32 41 ]
(572.24 | 243.52) [ 0 13 9 8 5 28 24 29 33 41 ]
(571.93 | 259.88) [ 0 10 16 18 38 40 23 41 ]
(292.02 | 260.30) [ 0 7 6 27 41 ]


3397.21
(286.80 | 387.83) [ 0 7 27 41 ]
(545.63 | 58.91) [ 0 18 17 8 38 28 37 41 ]
(596.84 | 60.15) [ 0 2 4 3 1 24 40 23 41 ]
(393.28 | 26.19) [ 0 14 19 39 34 41 ]
(485.11 | 257.25) [ 0 13 12 16 10 33 32 22 36 41 ]
(576.07 | 240.92) [ 0 9 11 6 31 26 29 41 ]
(433.48 | 252.48) [ 0 20 15 5 30 25 35 21 41 ]


3427.02
(253.19 | 253.19) [ 0 13 27 41 ]
(510.13 | -909.43) [ 0 2 4 3 1 33 22 31 41 ]
(568.70 | 83.35) [ 0 12 16 9 6 29 26 36 32 41 ]
(393.28 | 236.57) [ 0 14 19 39 34 41 ]
(462.23 | 197.52) [ 0 15 5 7 10 30 25 35 21 41 ]
(542.81 | 250.51) [ 0 8 11 17 37 24 28 41 ]
(576.67 | 258.23) [ 0 20 18 38 40 23 41 ]


3401.83
(488.58 | -384.95) [ 0 10 17 13 33 22 37 41 ]
(512.80 | -172.72) [ 0 6 11 12 31 26 32 41 ]
(393.28 | 254.91) [ 0 19 14 34 39 41 ]
(616.94 | 279.64) [ 0 18 16 9 8 38 28 29 36 41 ]
(536.08 | 263.08) [ 0 15 20 24 40 30 41 ]
(467.00 | 259.98) [ 0 1 3 4 2 21 35 23 25 41 ]
(287.16 | 254.45) [ 0 7 5 27 41 ]


3402.82
(393.28 | -6133.93) [ 0 19 14 39 34 41 ]
(253.19 | 271.94) [ 0 13 27 41 ]
(488.50 | 250.34) [ 0 12 17 11 32 31 37 41 ]
(462.51 | 243.81) [ 0 16 10 5 15 30 25 35 21 41 ]
(574.33 | 272.89) [ 0 9 6 8 33 29 24 28 41 ]
(506.44 | 261.37) [ 0 1 3 4 2 22 36 26 41 ]
(584.56 | 244.58) [ 0 18 7 20 23 40 38 41 ]


3405.35
(253.19 | 273.19) [ 0 13 27 41 ]
(654.96 | -651.69) [ 0 9 11 10 31 29 40 41 ]
(503.47 | 241.97) [ 0 8 7 6 16 22 36 26 41 ]
(446.34 | 187.54) [ 0 17 12 18 37 32 33 41 ]
(433.48 | 221.34) [ 0 20 15 5 30 25 35 21 41 ]
(393.28 | 229.75) [ 0 19 14 34 39 41 ]
(560.63 | 233.96) [ 0 2 4 3 1 23 38 24 28 41 ]


3421.82
(393.28 | 96.94) [ 0 14 19 34 39 41 ]
(591.74 | 82.86) [ 0 2 4 3 1 38 40 23 41 ]
(433.48 | 74.18) [ 0 5 15 20 30 25 35 21 41 ]
(292.04 | 274.56) [ 0 7 6 8 27 41 ]
(482.20 | 273.76) [ 0 12 17 10 9 37 31 32 41 ]
(532.98 | 274.40) [ 0 13 28 24 29 33 41 ]
(496.11 | 256.25) [ 0 11 16 18 22 36 26 41 ]


3414.59
(313.08 | -2729.67) [ 0 1 3 4 2 27 41 ]
(393.28 | -344.39) [ 0 19 14 39 34 41 ]
(595.24 | 128.93) [ 0 7 6 8 9 28 24 29 22 41 ]
(462.51 | 171.88) [ 0 16 10 5 15 30 25 35 21 41 ]
(488.50 | 231.21) [ 0 12 17 11 32 31 37 41 ]
(576.67 | 229.55) [ 0 18 20 38 40 23 41 ]
(445.31 | 253.42) [ 0 13 33 36 26 41 ]


3426.00
(286.80 | 286.80) [ 0 7 27 41 ]
(393.28 | -199.80) [ 0 14 19 34 39 41 ]
(444.23 | 213.17) [ 0 13 17 10 37 32 33 41 ]
(540.66 | 213.73) [ 0 5 15 20 40 30 25 41 ]
(498.23 | 236.96) [ 0 18 12 6 22 36 26 41 ]
(617.35 | 236.57) [ 0 16 11 8 9 28 24 29 31 41 ]
(505.46 | 239.62) [ 0 2 4 3 1 21 35 23 38 41 ]


3392.26
(488.50 | -157.16) [ 0 11 17 12 37 31 32 41 ]
(560.63 | -21.67) [ 0 2 4 3 1 28 24 38 23 41 ]
(621.49 | 229.02) [ 0 20 9 13 40 29 33 41 ]
(393.28 | 229.40) [ 0 14 19 34 39 41 ]
(477.10 | 234.51) [ 0 16 18 22 36 26 41 ]
(459.24 | 256.85) [ 0 10 8 5 15 30 25 35 21 41 ]
(292.02 | 259.32) [ 0 7 6 27 41 ]


3395.44
(488.50 | 179.58) [ 0 12 17 11 37 31 32 41 ]
(393.28 | 193.98) [ 0 14 19 34 39 41 ]
(486.63 | 139.64) [ 0 18 16 10 22 36 26 41 ]
(433.48 | 80.15) [ 0 20 15 5 30 25 35 21 41 ]
(591.74 | 207.08) [ 0 1 3 4 2 23 40 38 41 ]
(569.79 | 260.50) [ 0 13 9 8 33 29 24 28 41 ]
(292.02 | 261.47) [ 0 7 6 27 41 ]


3394.14
(457.47 | 79.47) [ 0 20 5 10 30 25 35 21 41 ]
(393.28 | 237.46) [ 0 14 19 34 39 41 ]
(616.94 | 272.82) [ 0 8 9 16 18 38 28 29 36 41 ]
(488.50 | 237.20) [ 0 12 17 11 32 31 37 41 ]
(596.84 | 247.78) [ 0 2 4 3 1 24 40 23 41 ]
(446.59 | 241.39) [ 0 13 33 22 26 41 ]
(294.53 | 263.81) [ 0 15 7 6 27 41 ]


3424.17
(567.42 | 215.50) [ 0 5 6 10 40 30 25 41 ]
(291.29 | 233.83) [ 0 20 15 7 8 27 41 ]
(603.61 | 263.77) [ 0 9 11 17 28 24 29 31 41 ]
(393.28 | 220.30) [ 0 14 19 34 39 41 ]
(405.79 | 263.28) [ 0 13 37 32 33 41 ]
(477.32 | 245.33) [ 0 12 16 18 26 36 22 41 ]
(505.46 | 253.35) [ 0 1 3 4 2 21 35 23 38 41 ]


3412.26
(462.51 | 138.31) [ 0 15 5 10 16 30 25 35 21 41 ]
(309.10 | 185.65) [ 0 7 11 17 27 41 ]
(598.37 | 252.32) [ 0 9 6 8 31 29 24 28 41 ]
(576.76 | 253.69) [ 0 18 12 20 38 40 23 41 ]
(393.28 | 220.00) [ 0 19 14 34 39 41 ]
(506.44 | 255.34) [ 0 1 3 4 2 22 36 26 41 ]
(405.79 | 258.54) [ 0 13 37 32 33 41 ]


3386.56
(591.74 | -252.09) [ 0 1 3 4 2 38 40 23 41 ]
(479.64 | 269.03) [ 0 11 17 10 37 31 41 ]
(393.28 | 265.93) [ 0 14 19 34 39 41 ]
(433.48 | 277.57) [ 0 20 15 5 21 35 25 30 41 ]
(446.59 | 268.87) [ 0 13 33 22 26 41 ]
(589.80 | 252.22) [ 0 12 18 16 9 28 24 29 36 32 41 ]
(292.04 | 258.20) [ 0 7 6 8 27 41 ]


3398.28
(591.74 | -432.17) [ 0 2 4 3 1 38 40 23 41 ]
(433.48 | 212.52) [ 0 5 15 20 30 25 35 21 41 ]
(393.28 | 227.93) [ 0 19 14 34 39 41 ]
(488.50 | 231.13) [ 0 12 17 11 37 31 32 41 ]
(582.17 | 258.78) [ 0 8 9 10 13 28 24 29 33 41 ]
(292.02 | 264.37) [ 0 7 6 27 41 ]
(477.10 | 258.23) [ 0 16 18 22 36 26 41 ]


3414.19
(253.19 | 273.20) [ 0 13 27 41 ]
(564.65 | -610.01) [ 0 20 5 10 25 30 40 41 ]
(504.59 | 223.85) [ 0 16 6 7 15 22 36 26 41 ]
(445.43 | 221.06) [ 0 12 17 19 33 32 37 41 ]
(608.06 | 250.06) [ 0 8 11 9 28 24 29 31 41 ]
(505.46 | 258.47) [ 0 1 3 4 2 21 35 23 38 41 ]
(392.80 | 248.56) [ 0 14 18 34 39 41 ]


3422.92
(268.79 | 288.79) [ 0 15 27 41 ]
(488.50 | 17.16) [ 0 11 17 12 37 31 32 41 ]
(602.63 | 142.47) [ 0 18 9 8 7 22 29 24 28 41 ]
(393.28 | 99.87) [ 0 19 14 34 39 41 ]
(564.65 | 84.24) [ 0 20 5 10 25 30 40 41 ]
(505.46 | 228.99) [ 0 1 3 4 2 38 23 35 21 41 ]
(499.61 | 250.48) [ 0 13 16 6 33 36 26 41 ]


3417.33
(267.06 | 287.06) [ 0 20 27 41 ]
(393.28 | 84.67) [ 0 19 14 39 34 41 ]
(560.63 | 150.86) [ 0 2 4 3 1 23 38 24 28 41 ]
(655.18 | 217.28) [ 0 9 11 17 31 29 40 41 ]
(503.47 | 174.01) [ 0 8 7 6 16 26 36 22 41 ]
(444.81 | 214.58) [ 0 13 18 12 10 37 32 33 41 ]
(432.89 | 259.39) [ 0 5 15 21 35 25 30 41 ]


3410.31
(623.17 | -119.65) [ 0 5 8 9 16 12 32 36 29 28 25 41 ]
(306.11 | 221.08) [ 0 18 6 7 27 41 ]
(393.28 | 214.77) [ 0 19 14 34 39 41 ]
(479.64 | 257.63) [ 0 10 17 11 31 37 41 ]
(536.08 | 269.46) [ 0 15 20 24 40 30 41 ]
(446.59 | 254.86) [ 0 13 33 22 26 41 ]
(505.46 | 243.78) [ 0 2 4 3 1 38 23 35 21 41 ]


3405.71
(651.36 | 94.35) [ 0 12 9 8 20 40 29 22 32 41 ]
(393.28 | 190.96) [ 0 14 19 34 39 41 ]
(560.63 | 267.02) [ 0 1 3 4 2 23 38 24 28 41 ]
(479.64 | 235.30) [ 0 10 17 11 31 37 41 ]
(432.89 | 263.11) [ 0 5 15 30 25 35 21 41 ]
(292.02 | 262.42) [ 0 7 6 27 41 ]
(475.88 | 251.42) [ 0 13 18 16 33 36 26 41 ]


3421.24
(378.95 | 378.95) [ 0 5 25 41 ]
(585.55 | -229.80) [ 0 9 17 18 38 29 37 41 ]
(440.68 | 231.29) [ 0 13 12 16 11 33 32 31 41 ]
(393.28 | 213.45) [ 0 14 19 39 34 41 ]
(506.44 | 256.87) [ 0 1 3 4 2 22 36 26 41 ]
(471.36 | 246.49) [ 0 15 7 6 10 21 35 23 30 27 41 ]
(544.99 | 260.47) [ 0 20 8 28 24 40 41 ]


3405.09
(360.09 | 475.85) [ 0 1 21 41 ]
(545.16 | 191.83) [ 0 8 5 20 40 24 28 41 ]
(585.55 | 208.95) [ 0 9 17 18 37 29 38 41 ]
(393.28 | 221.34) [ 0 19 14 34 39 41 ]
(504.52 | 174.75) [ 0 2 4 3 22 36 26 41 ]
(475.81 | 216.18) [ 0 15 7 6 10 27 25 30 23 35 41 ]
(440.68 | 259.33) [ 0 13 12 16 11 31 32 33 41 ]


3381.20
(286.80 | 385.30) [ 0 7 27 41 ]
(569.02 | 96.58) [ 0 17 11 9 31 29 37 41 ]
(536.09 | 232.28) [ 0 10 12 18 13 30 38 32 33 41 ]
(393.28 | 212.55) [ 0 14 19 39 34 41 ]
(502.06 | 234.42) [ 0 5 6 16 22 36 26 41 ]
(467.00 | 259.50) [ 0 1 3 4 2 21 35 23 25 41 ]
(546.94 | 238.41) [ 0 8 15 20 28 24 40 41 ]


3381.20
(286.80 | 286.80) [ 0 7 27 41 ]
(393.28 | -3733.24) [ 0 19 14 34 39 41 ]
(569.02 | -13.95) [ 0 9 11 17 37 29 31 41 ]
(536.09 | 245.60) [ 0 10 12 18 13 33 32 38 30 41 ]
(467.00 | 240.06) [ 0 1 3 4 2 21 35 23 25 41 ]
(502.06 | 261.02) [ 0 5 6 16 22 36 26 41 ]
(546.94 | 268.15) [ 0 8 15 20 40 24 28 41 ]


3409.60
(655.18 | -73.33) [ 0 9 11 17 40 29 31 41 ]
(393.28 | -42.20) [ 0 14 19 34 39 41 ]
(433.48 | 223.42) [ 0 5 15 20 21 35 25 30 41 ]
(503.47 | 215.42) [ 0 8 7 6 16 22 36 26 41 ]
(444.81 | 206.86) [ 0 10 12 18 13 33 32 37 41 ]
(260.67 | 250.30) [ 0 1 27 41 ]
(558.71 | 218.39) [ 0 3 4 2 28 24 38 23 41 ]


3392.26
(393.28 | -85298.25) [ 0 19 14 34 39 41 ]
(459.24 | 247.66) [ 0 10 8 5 15 30 25 35 21 41 ]
(560.63 | 234.33) [ 0 1 3 4 2 28 24 38 23 41 ]
(488.50 | 229.63) [ 0 12 17 11 32 31 37 41 ]
(621.49 | 252.00) [ 0 20 9 13 40 29 33 41 ]
(292.02 | 261.37) [ 0 7 6 27 41 ]
(477.10 | 256.74) [ 0 16 18 22 36 26 41 ]


3430.18
(563.81 | -513.58) [ 0 19 10 11 31 39 30 41 ]
(292.38 | 241.30) [ 0 6 7 5 27 41 ]
(559.23 | 215.88) [ 0 12 16 17 9 37 29 36 32 41 ]
(446.59 | 248.51) [ 0 13 33 22 26 41 ]
(467.00 | 265.16) [ 0 1 3 4 2 21 35 23 25 41 ]
(454.24 | 260.26) [ 0 14 18 34 38 41 ]
(546.94 | 260.63) [ 0 8 15 20 28 24 40 41 ]


3411.07
(308.01 | -4584.58) [ 0 7 8 10 18 27 41 ]
(560.63 | -82.08) [ 0 1 3 4 2 23 38 24 28 41 ]
(433.48 | 164.57) [ 0 5 15 20 30 25 35 21 41 ]
(393.28 | 217.49) [ 0 19 14 34 39 41 ]
(584.55 | 247.80) [ 0 13 33 29 40 41 ]
(502.62 | 267.09) [ 0 16 9 6 22 36 26 41 ]
(488.50 | 263.21) [ 0 11 17 12 32 31 37 41 ]


3395.50
(393.28 | -103.96) [ 0 19 14 34 39 41 ]
(467.00 | -359.19) [ 0 2 4 3 1 25 23 35 21 41 ]
(545.63 | 233.72) [ 0 18 17 8 38 28 37 41 ]
(570.78 | 214.27) [ 0 15 20 10 24 40 30 41 ]
(292.38 | 240.55) [ 0 5 7 6 27 41 ]
(446.59 | 250.14) [ 0 13 33 22 26 41 ]
(579.84 | 271.91) [ 0 9 11 16 12 32 31 36 29 41 ]


3401.07
(591.74 | -806.05) [ 0 1 3 4 2 23 40 38 41 ]
(393.28 | 101.43) [ 0 14 19 39 34 41 ]
(433.48 | 140.84) [ 0 20 15 5 30 25 35 21 41 ]
(432.05 | 181.76) [ 0 18 12 13 33 32 37 41 ]
(610.58 | 242.71) [ 0 9 10 11 8 28 24 29 31 41 ]
(487.92 | 254.02) [ 0 17 16 22 36 26 41 ]
(292.02 | 262.40) [ 0 7 6 27 41 ]


3403.76
(253.19 | 273.19) [ 0 13 27 41 ]
(488.50 | 145.95) [ 0 12 17 11 32 31 37 41 ]
(433.48 | 211.43) [ 0 5 15 20 30 25 35 21 41 ]
(393.28 | 202.11) [ 0 19 14 34 39 41 ]
(576.94 | 261.51) [ 0 9 6 7 8 28 24 29 33 41 ]
(486.63 | 221.76) [ 0 18 16 10 22 36 26 41 ]
(591.74 | 222.17) [ 0 2 4 3 1 38 40 23 41 ]


3406.60
(608.06 | -1394.03) [ 0 8 11 9 31 29 24 28 41 ]
(393.28 | 265.47) [ 0 19 14 34 39 41 ]
(488.14 | 264.21) [ 0 10 17 16 12 26 36 22 41 ]
(591.74 | 234.65) [ 0 1 3 4 2 38 40 23 41 ]
(405.79 | 219.27) [ 0 13 37 32 33 41 ]
(306.11 | 265.45) [ 0 18 6 7 27 41 ]
(433.48 | 259.74) [ 0 5 15 20 30 25 35 21 41 ]


