4304.29
(352.83 | 352.83) [ 0 20 45 51 ]
(258.81 | 447.16) [ 0 1 41 51 ]
(466.35 | 266.76) [ 0 5 6 4 40 31 51 ]
(586.88 | 227.18) [ 0 9 12 15 7 34 32 43 29 37 51 ]
(442.94 | 266.30) [ 0 14 16 25 26 39 51 ]
(473.13 | 252.73) [ 0 8 13 21 46 38 33 51 ]
(566.17 | 287.45) [ 0 3 2 50 30 28 51 ]
(493.02 | 274.74) [ 0 23 19 11 10 48 44 36 35 51 ]
(504.17 | 276.19) [ 0 17 18 24 22 49 47 27 42 51 ]


4277.16
(426.65 | -1703.33) [ 0 4 6 5 31 51 ]
(258.81 | 503.24) [ 0 1 41 51 ]
(464.61 | -70.06) [ 0 7 12 20 45 37 29 33 51 ]
(456.44 | 179.27) [ 0 13 14 24 39 38 51 ]
(574.34 | 241.00) [ 0 3 2 28 30 49 51 ]
(488.53 | 255.71) [ 0 25 23 19 17 48 50 42 44 51 ]
(424.05 | 263.17) [ 0 8 15 21 46 40 51 ]
(447.76 | 268.80) [ 0 10 11 35 27 36 47 51 ]
(555.97 | 284.73) [ 0 18 9 16 22 26 43 32 34 51 ]


4309.01
(258.81 | 305.22) [ 0 1 41 51 ]
(561.99 | -146.66) [ 0 5 6 4 40 38 29 51 ]
(360.69 | 274.87) [ 0 3 2 31 51 ]
(447.76 | 262.07) [ 0 11 10 47 36 27 35 51 ]
(488.53 | 243.18) [ 0 25 23 19 17 44 42 50 48 51 ]
(390.22 | 257.18) [ 0 12 15 20 45 37 51 ]
(552.54 | 280.08) [ 0 18 9 22 7 34 32 43 26 51 ]
(476.61 | 272.62) [ 0 21 14 8 33 39 46 51 ]
(591.84 | 279.16) [ 0 24 16 13 28 30 49 51 ]


4327.28
(426.65 | -2001.96) [ 0 4 6 5 31 51 ]
(253.50 | 273.50) [ 0 20 41 51 ]
(566.17 | -658.68) [ 0 2 3 28 30 50 51 ]
(443.45 | 266.64) [ 0 15 12 14 45 37 38 51 ]
(432.14 | 270.40) [ 0 11 13 21 46 40 51 ]
(481.17 | 252.04) [ 0 10 17 19 44 42 35 51 ]
(497.90 | 283.63) [ 0 25 24 23 16 22 48 27 36 47 49 51 ]
(459.67 | 286.82) [ 0 1 26 39 29 51 ]
(566.63 | 288.14) [ 0 18 9 8 7 34 32 43 33 51 ]


4271.30
(258.81 | -18.03) [ 0 1 41 51 ]
(544.31 | 77.34) [ 0 7 9 16 26 43 32 34 51 ]
(543.26 | 129.73) [ 0 2 3 35 27 28 51 ]
(466.35 | 42.30) [ 0 5 6 4 40 31 51 ]
(457.82 | 274.91) [ 0 10 14 21 39 46 51 ]
(488.53 | 237.60) [ 0 25 23 19 17 48 50 42 44 51 ]
(352.83 | 278.59) [ 0 20 45 51 ]
(543.66 | 252.69) [ 0 22 24 15 11 36 30 47 49 51 ]
(475.74 | 249.09) [ 0 8 12 13 18 33 38 29 37 51 ]


4306.83
(426.65 | -1806.15) [ 0 5 6 4 31 51 ]
(258.81 | 560.46) [ 0 1 41 51 ]
(574.34 | -411.93) [ 0 3 2 28 30 49 51 ]
(483.07 | 218.35) [ 0 17 19 24 25 48 50 42 44 51 ]
(478.55 | 242.49) [ 0 22 21 14 33 39 46 51 ]
(551.63 | 271.50) [ 0 18 9 8 7 26 43 32 34 51 ]
(507.80 | 276.81) [ 0 15 23 13 40 38 29 51 ]
(447.76 | 265.89) [ 0 11 10 47 36 27 35 51 ]
(398.20 | 286.82) [ 0 20 12 16 45 37 51 ]


4295.71
(426.65 | -1710.38) [ 0 5 6 4 31 51 ]
(276.76 | 441.67) [ 0 2 41 51 ]
(443.05 | 251.21) [ 0 21 15 11 26 46 40 51 ]
(467.27 | 246.38) [ 0 12 14 13 39 38 37 51 ]
(561.80 | 275.30) [ 0 7 25 18 8 33 43 32 34 51 ]
(498.25 | 284.14) [ 0 24 23 9 16 22 49 47 36 27 48 51 ]
(481.17 | 271.09) [ 0 10 17 19 35 42 44 51 ]
(417.96 | 270.00) [ 0 20 45 29 51 ]
(562.79 | 268.10) [ 0 3 1 28 30 50 51 ]


4309.76
(293.07 | 293.07) [ 0 16 41 51 ]
(440.32 | -1214.24) [ 0 13 12 20 38 45 51 ]
(566.17 | 175.09) [ 0 2 3 28 30 50 51 ]
(494.04 | 262.40) [ 0 19 14 23 35 27 44 48 51 ]
(426.65 | 265.71) [ 0 5 6 4 31 51 ]
(427.11 | 278.34) [ 0 25 21 15 10 46 40 51 ]
(459.78 | 283.23) [ 0 1 26 39 29 37 51 ]
(566.63 | 280.95) [ 0 18 9 8 7 34 32 43 33 51 ]
(496.01 | 260.09) [ 0 22 24 17 11 49 47 36 42 51 ]


4298.23
(258.81 | 504.60) [ 0 1 41 51 ]
(574.34 | -271.65) [ 0 3 2 28 30 49 51 ]
(488.53 | -443.71) [ 0 17 19 23 25 44 42 50 48 51 ]
(508.71 | 201.68) [ 0 8 24 16 18 39 33 29 51 ]
(546.92 | 250.49) [ 0 7 9 14 26 43 32 34 51 ]
(426.65 | 255.49) [ 0 4 6 5 31 51 ]
(447.76 | 264.03) [ 0 11 10 47 36 27 35 51 ]
(440.49 | 264.09) [ 0 13 12 20 45 37 38 51 ]
(426.01 | 283.10) [ 0 22 21 15 40 46 51 ]


4303.60
(426.65 | -1776.44) [ 0 4 6 5 31 51 ]
(300.54 | -882.41) [ 0 14 16 41 51 ]
(519.47 | -260.55) [ 0 20 21 22 45 43 46 51 ]
(447.76 | 215.82) [ 0 11 10 47 36 27 35 51 ]
(488.53 | 272.34) [ 0 25 23 19 17 44 42 50 48 51 ]
(574.34 | 278.44) [ 0 3 2 49 30 28 51 ]
(475.74 | 258.43) [ 0 8 12 13 18 33 38 29 37 51 ]
(400.91 | 273.67) [ 0 1 39 26 51 ]
(529.65 | 276.17) [ 0 7 15 9 24 34 32 40 51 ]


4345.41
(352.83 | 352.83) [ 0 20 45 51 ]
(632.13 | 179.48) [ 0 5 6 4 28 30 50 51 ]
(490.96 | 218.78) [ 0 23 17 11 10 35 36 42 48 51 ]
(281.62 | 259.40) [ 0 3 2 41 51 ]
(596.89 | 198.82) [ 0 18 9 22 7 37 29 43 32 34 51 ]
(499.86 | 274.12) [ 0 19 13 12 24 44 27 47 49 51 ]
(476.63 | 289.35) [ 0 8 14 21 46 38 33 51 ]
(413.57 | 266.22) [ 0 25 16 15 31 40 51 ]
(400.91 | 272.93) [ 0 1 26 39 51 ]


4346.42
(293.07 | 293.07) [ 0 16 41 51 ]
(397.76 | 616.10) [ 0 1 46 51 ]
(566.17 | 109.62) [ 0 2 3 28 30 50 51 ]
(466.35 | 262.28) [ 0 4 6 5 40 31 51 ]
(467.85 | 190.05) [ 0 20 8 12 23 9 45 37 29 33 51 ]
(456.16 | 272.04) [ 0 25 14 13 38 39 51 ]
(490.63 | 248.99) [ 0 11 15 24 22 49 47 36 27 48 51 ]
(547.27 | 258.00) [ 0 7 21 18 34 32 43 26 51 ]
(481.17 | 268.97) [ 0 10 17 19 44 42 35 51 ]


4357.95
(426.65 | -1561.85) [ 0 4 6 5 31 51 ]
(301.26 | -7787.53) [ 0 9 16 14 41 51 ]
(451.98 | -441.97) [ 0 1 2 39 37 45 51 ]
(569.23 | 177.27) [ 0 3 28 30 49 51 ]
(422.61 | 269.02) [ 0 24 15 20 40 46 51 ]
(534.28 | 245.59) [ 0 7 21 22 26 43 32 34 51 ]
(447.76 | 261.36) [ 0 10 11 47 36 27 35 51 ]
(475.63 | 246.48) [ 0 8 12 13 18 33 38 29 51 ]
(488.53 | 244.33) [ 0 17 19 23 25 48 50 42 44 51 ]


4267.45
(258.81 | 436.82) [ 0 1 41 51 ]
(426.01 | 217.11) [ 0 15 21 22 40 46 51 ]
(440.04 | 278.32) [ 0 20 24 13 38 45 51 ]
(426.65 | 241.31) [ 0 5 6 4 31 51 ]
(574.34 | 256.78) [ 0 2 3 49 30 28 51 ]
(544.31 | 258.31) [ 0 7 9 16 26 43 32 34 51 ]
(447.76 | 253.20) [ 0 10 11 47 36 27 35 51 ]
(488.53 | 243.44) [ 0 17 19 23 25 48 50 42 44 51 ]
(501.00 | 283.44) [ 0 18 14 12 8 39 33 29 37 51 ]


4308.08
(301.26 | -59804.94) [ 0 14 16 9 41 51 ]
(444.03 | 255.52) [ 0 3 2 39 38 51 ]
(426.65 | 261.50) [ 0 5 6 4 31 51 ]
(500.65 | 205.60) [ 0 17 19 23 24 49 42 44 48 51 ]
(472.56 | 248.90) [ 0 8 12 13 18 45 37 29 33 51 ]
(559.95 | 277.77) [ 0 25 7 20 28 30 50 51 ]
(447.76 | 274.55) [ 0 11 10 47 36 27 35 51 ]
(426.01 | 277.52) [ 0 15 21 22 40 46 51 ]
(509.21 | 285.82) [ 0 1 26 43 32 34 51 ]


4356.11
(253.50 | 273.50) [ 0 20 41 51 ]
(509.21 | -730.75) [ 0 1 26 43 32 34 51 ]
(543.26 | 223.91) [ 0 3 2 28 27 35 51 ]
(552.13 | 143.80) [ 0 11 16 22 36 30 47 49 51 ]
(426.65 | 255.70) [ 0 5 6 4 31 51 ]
(469.34 | 249.43) [ 0 10 18 14 12 39 37 45 51 ]
(470.11 | 239.00) [ 0 8 13 21 33 38 29 51 ]
(422.63 | 269.78) [ 0 25 24 15 7 40 46 51 ]
(489.28 | 274.65) [ 0 9 23 19 17 44 42 50 48 51 ]


4319.97
(337.88 | 577.77) [ 0 1 31 51 ]
(293.07 | 293.07) [ 0 16 41 51 ]
(550.56 | 205.61) [ 0 4 6 5 29 33 39 51 ]
(440.49 | 225.76) [ 0 13 12 20 38 37 45 51 ]
(552.21 | 256.64) [ 0 22 9 14 18 26 43 32 34 51 ]
(494.37 | 268.42) [ 0 11 7 23 24 25 48 27 36 47 49 51 ]
(481.17 | 256.23) [ 0 10 17 19 35 42 44 51 ]
(424.05 | 271.22) [ 0 8 15 21 40 46 51 ]
(566.17 | 279.30) [ 0 3 2 50 30 28 51 ]


4344.01
(293.07 | 293.07) [ 0 16 41 51 ]
(569.23 | -898.79) [ 0 3 28 30 49 51 ]
(539.52 | 72.53) [ 0 24 9 15 7 26 43 32 34 51 ]
(451.59 | 130.55) [ 0 2 1 39 45 51 ]
(462.77 | 93.24) [ 0 20 11 10 35 27 36 47 51 ]
(436.91 | 272.41) [ 0 22 21 14 40 46 51 ]
(426.65 | 253.77) [ 0 5 6 4 31 51 ]
(475.74 | 251.43) [ 0 8 12 13 18 37 29 38 33 51 ]
(488.53 | 235.52) [ 0 17 19 23 25 44 42 50 48 51 ]


4309.59
(253.50 | 273.50) [ 0 20 41 51 ]
(337.88 | 661.21) [ 0 1 31 51 ]
(574.34 | -1046.36) [ 0 2 3 28 30 49 51 ]
(467.27 | -1329.93) [ 0 12 14 13 39 38 37 51 ]
(481.17 | 55.27) [ 0 10 17 19 44 42 35 51 ]
(562.07 | 218.21) [ 0 7 8 24 18 34 32 43 33 51 ]
(498.27 | 243.80) [ 0 22 16 9 23 25 48 50 27 36 47 51 ]
(512.04 | 281.97) [ 0 4 6 5 29 45 51 ]
(443.05 | 278.52) [ 0 11 15 21 26 46 40 51 ]


4274.61
(258.81 | 403.81) [ 0 1 41 51 ]
(574.34 | -473.28) [ 0 2 3 49 30 28 51 ]
(464.27 | 100.86) [ 0 20 24 14 45 39 51 ]
(477.65 | 282.75) [ 0 16 12 13 33 38 29 37 51 ]
(426.65 | 280.50) [ 0 4 6 5 31 51 ]
(552.54 | 274.86) [ 0 18 9 22 7 34 32 43 26 51 ]
(447.76 | 272.65) [ 0 11 10 47 36 27 35 51 ]
(424.05 | 288.17) [ 0 8 15 21 40 46 51 ]
(488.53 | 274.21) [ 0 25 23 19 17 44 42 50 48 51 ]


4317.71
(296.82 | 121.65) [ 0 12 16 41 51 ]
(566.17 | 147.80) [ 0 2 3 28 30 50 51 ]
(400.91 | 242.10) [ 0 1 26 39 51 ]
(494.04 | 311.87) [ 0 19 14 23 48 44 27 35 51 ]
(521.78 | 302.39) [ 0 21 13 18 38 43 46 51 ]
(426.65 | 255.07) [ 0 5 6 4 31 51 ]
(496.01 | 236.01) [ 0 22 24 17 11 42 36 47 49 51 ]
(445.70 | 248.85) [ 0 10 8 20 45 37 29 33 51 ]
(529.62 | 265.35) [ 0 25 9 15 7 40 32 34 51 ]


4302.76
(253.50 | 273.50) [ 0 20 41 51 ]
(467.27 | -276.67) [ 0 12 14 13 37 38 39 51 ]
(566.17 | 147.97) [ 0 2 3 28 30 50 51 ]
(454.34 | 241.13) [ 0 1 26 29 45 51 ]
(426.65 | 246.07) [ 0 5 6 4 31 51 ]
(501.97 | 257.16) [ 0 10 25 16 22 47 36 27 35 51 ]
(425.58 | 276.68) [ 0 11 15 21 40 46 51 ]
(566.63 | 273.46) [ 0 18 9 8 7 34 32 43 33 51 ]
(500.65 | 283.79) [ 0 17 19 23 24 49 42 44 48 51 ]


4311.58
(276.76 | 458.67) [ 0 2 41 51 ]
(571.37 | 253.32) [ 0 8 9 16 18 33 43 32 34 51 ]
(443.32 | 238.96) [ 0 13 14 12 38 37 45 51 ]
(426.65 | 262.15) [ 0 4 6 5 31 51 ]
(447.76 | 274.08) [ 0 10 11 35 27 36 47 51 ]
(500.65 | 236.17) [ 0 24 23 19 17 49 42 44 48 51 ]
(479.11 | 264.32) [ 0 1 3 29 39 26 51 ]
(426.01 | 289.87) [ 0 15 21 22 46 40 51 ]
(559.95 | 288.58) [ 0 20 7 25 28 30 50 51 ]


4330.66
(258.81 | 485.25) [ 0 1 41 51 ]
(496.84 | 232.43) [ 0 7 15 24 25 40 38 29 51 ]
(499.09 | 180.64) [ 0 11 16 22 49 47 36 27 48 51 ]
(481.17 | 199.29) [ 0 10 17 19 44 42 35 51 ]
(426.65 | 264.47) [ 0 5 6 4 31 51 ]
(354.87 | 276.14) [ 0 20 45 37 51 ]
(476.61 | 261.25) [ 0 8 14 21 33 39 46 51 ]
(550.45 | 265.32) [ 0 18 13 12 23 9 34 32 43 26 51 ]
(566.17 | 250.40) [ 0 2 3 50 30 28 51 ]


4289.08
(566.17 | -130.37) [ 0 3 2 28 30 50 51 ]
(517.68 | 222.03) [ 0 18 9 22 24 25 11 48 49 47 36 27 51 ]
(426.65 | 261.28) [ 0 4 6 5 31 51 ]
(294.55 | 244.48) [ 0 7 23 16 41 51 ]
(509.21 | 255.21) [ 0 1 26 43 32 34 51 ]
(467.27 | 260.41) [ 0 12 14 13 39 38 37 51 ]
(481.17 | 277.51) [ 0 10 17 19 44 42 35 51 ]
(442.42 | 279.68) [ 0 8 20 45 29 33 51 ]
(423.96 | 285.94) [ 0 15 21 46 40 51 ]


4295.54
(426.65 | -1590.02) [ 0 5 6 4 31 51 ]
(276.76 | 464.91) [ 0 2 41 51 ]
(547.31 | 272.94) [ 0 11 18 12 7 26 43 32 34 51 ]
(442.47 | 265.35) [ 0 20 8 45 37 29 33 51 ]
(562.79 | 264.89) [ 0 1 3 28 30 50 51 ]
(456.16 | 261.41) [ 0 25 14 13 38 39 51 ]
(481.17 | 254.94) [ 0 10 17 19 44 42 35 51 ]
(498.25 | 285.21) [ 0 22 16 9 23 24 49 47 36 27 48 51 ]
(423.96 | 286.93) [ 0 15 21 40 46 51 ]


4293.89
(426.65 | -1653.39) [ 0 4 6 5 31 51 ]
(258.81 | 540.73) [ 0 1 41 51 ]
(464.71 | -266.20) [ 0 22 24 14 18 33 39 26 51 ]
(574.34 | 238.24) [ 0 2 3 49 30 28 51 ]
(440.49 | 264.01) [ 0 13 12 20 38 37 45 51 ]
(488.53 | 255.06) [ 0 17 19 23 25 44 42 50 48 51 ]
(588.55 | 282.43) [ 0 7 9 16 29 43 32 34 51 ]
(424.05 | 285.84) [ 0 8 15 21 46 40 51 ]
(447.76 | 285.40) [ 0 11 10 47 36 27 35 51 ]


4255.46
(426.65 | -1564.61) [ 0 5 6 4 31 51 ]
(258.81 | 474.70) [ 0 1 41 51 ]
(456.44 | 234.22) [ 0 24 14 13 38 39 51 ]
(544.31 | 263.07) [ 0 16 9 7 26 43 32 34 51 ]
(574.34 | 261.59) [ 0 3 2 28 30 49 51 ]
(472.62 | 256.45) [ 0 18 12 8 20 33 29 37 45 51 ]
(488.53 | 240.50) [ 0 25 23 19 17 44 42 50 48 51 ]
(447.76 | 287.80) [ 0 10 11 47 36 27 35 51 ]
(426.01 | 274.75) [ 0 22 21 15 40 46 51 ]


4388.38
(293.07 | 293.07) [ 0 16 41 51 ]
(496.03 | -206.42) [ 0 2 3 40 38 29 51 ]
(481.17 | -411.83) [ 0 10 17 19 35 42 44 51 ]
(426.65 | 254.75) [ 0 5 6 4 31 51 ]
(487.43 | 237.69) [ 0 24 15 8 11 48 27 36 47 49 51 ]
(478.26 | 223.26) [ 0 21 9 23 14 33 39 46 51 ]
(402.08 | 276.35) [ 0 18 12 22 20 45 37 51 ]
(574.48 | 279.45) [ 0 7 25 13 28 30 50 51 ]
(509.21 | 279.66) [ 0 1 34 32 43 26 51 ]


4326.77
(305.57 | -9751.94) [ 0 22 16 9 18 41 51 ]
(574.34 | -588.64) [ 0 3 2 28 30 49 51 ]
(464.01 | -3371.41) [ 0 14 12 20 39 37 45 51 ]
(473.56 | 108.54) [ 0 17 13 23 29 38 33 51 ]
(426.65 | 290.89) [ 0 4 6 5 31 51 ]
(481.62 | 265.51) [ 0 19 24 25 7 44 42 50 48 51 ]
(447.76 | 273.91) [ 0 10 11 35 27 36 47 51 ]
(509.21 | 269.57) [ 0 1 26 43 32 34 51 ]
(424.05 | 273.96) [ 0 8 15 21 46 40 51 ]


4323.79
(301.26 | -4442.67) [ 0 9 16 14 41 51 ]
(512.05 | -711.69) [ 0 12 13 18 10 29 38 40 51 ]
(464.31 | 258.04) [ 0 7 21 8 33 39 46 51 ]
(543.26 | 257.13) [ 0 3 2 28 27 35 51 ]
(509.21 | 278.89) [ 0 1 26 43 32 34 51 ]
(354.87 | 272.88) [ 0 20 45 37 51 ]
(426.65 | 268.57) [ 0 4 6 5 31 51 ]
(488.53 | 253.34) [ 0 25 23 19 17 44 42 50 48 51 ]
(543.66 | 283.80) [ 0 11 15 24 22 36 30 47 49 51 ]


4303.03
(258.81 | 561.94) [ 0 1 41 51 ]
(500.58 | -2179.08) [ 0 24 23 22 27 36 47 49 48 51 ]
(464.02 | -256.40) [ 0 14 25 20 39 45 51 ]
(426.65 | 244.06) [ 0 4 6 5 31 51 ]
(481.17 | 229.58) [ 0 10 17 19 35 42 44 51 ]
(544.31 | 237.67) [ 0 16 9 7 26 43 32 34 51 ]
(566.17 | 230.72) [ 0 3 2 50 30 28 51 ]
(475.74 | 242.10) [ 0 8 12 13 18 37 29 38 33 51 ]
(425.58 | 266.24) [ 0 21 15 11 40 46 51 ]


4322.84
(264.55 | 284.55) [ 0 7 41 51 ]
(385.01 | -5749.45) [ 0 10 21 20 45 51 ]
(466.35 | 173.25) [ 0 5 6 4 31 40 51 ]
(543.26 | 244.25) [ 0 3 2 35 27 28 51 ]
(496.01 | 214.80) [ 0 11 17 24 22 42 36 47 49 51 ]
(475.74 | 264.73) [ 0 8 12 13 18 37 29 38 33 51 ]
(540.37 | 276.16) [ 0 19 23 15 25 48 50 30 44 51 ]
(462.35 | 281.14) [ 0 9 16 14 39 46 51 ]
(509.21 | 284.29) [ 0 1 26 43 32 34 51 ]


4327.64
(569.48 | -7220.83) [ 0 2 49 30 28 51 ]
(466.35 | 243.91) [ 0 5 6 4 40 31 51 ]
(383.78 | 251.84) [ 0 20 15 24 45 37 51 ]
(301.47 | 236.05) [ 0 12 14 16 41 51 ]
(473.13 | 256.98) [ 0 8 13 21 46 38 33 51 ]
(447.76 | 270.95) [ 0 10 11 35 27 36 47 51 ]
(596.79 | 267.89) [ 0 18 9 22 7 34 32 43 29 51 ]
(488.53 | 257.13) [ 0 17 19 23 25 44 42 50 48 51 ]
(420.35 | 280.46) [ 0 1 3 26 39 51 ]


4337.11
(355.83 | 375.83) [ 0 2 31 51 ]
(253.50 | 273.50) [ 0 20 41 51 ]
(562.79 | -289.91) [ 0 1 3 28 30 50 51 ]
(424.05 | 308.90) [ 0 8 15 21 46 40 51 ]
(552.54 | 213.23) [ 0 7 22 9 18 26 43 32 34 51 ]
(498.81 | 266.43) [ 0 25 24 13 19 44 27 47 49 51 ]
(523.32 | 253.15) [ 0 5 6 4 45 29 33 51 ]
(475.30 | 271.90) [ 0 16 14 12 39 38 37 51 ]
(490.96 | 279.00) [ 0 23 17 11 10 48 42 36 35 51 ]


4287.25
(426.65 | -1823.16) [ 0 4 6 5 31 51 ]
(258.81 | 427.57) [ 0 1 41 51 ]
(566.17 | 180.48) [ 0 3 2 50 30 28 51 ]
(552.54 | 179.18) [ 0 18 9 22 7 34 32 43 26 51 ]
(469.24 | 230.19) [ 0 14 12 20 33 29 37 45 51 ]
(447.76 | 282.28) [ 0 10 11 47 36 27 35 51 ]
(461.37 | 286.42) [ 0 25 16 13 38 39 51 ]
(500.65 | 245.84) [ 0 17 19 23 24 49 42 44 48 51 ]
(424.05 | 259.91) [ 0 8 15 21 40 46 51 ]


4312.85
(258.81 | 360.32) [ 0 1 41 51 ]
(500.65 | -1707.58) [ 0 24 23 19 17 48 44 42 49 51 ]
(574.48 | 222.01) [ 0 7 25 13 28 30 50 51 ]
(526.44 | 262.63) [ 0 5 6 4 33 38 29 51 ]
(360.69 | 251.46) [ 0 2 3 31 51 ]
(464.01 | 259.13) [ 0 14 12 20 39 37 45 51 ]
(447.76 | 246.16) [ 0 10 11 47 36 27 35 51 ]
(555.97 | 260.26) [ 0 18 9 16 22 34 32 43 26 51 ]
(424.05 | 260.23) [ 0 8 15 21 40 46 51 ]


4327.52
(293.90 | -1625.12) [ 0 7 9 16 41 51 ]
(507.67 | 20.71) [ 0 21 13 10 40 38 29 51 ]
(426.65 | 241.22) [ 0 5 6 4 31 51 ]
(543.26 | 265.24) [ 0 3 2 35 27 28 51 ]
(479.77 | 254.71) [ 0 8 12 14 18 33 39 46 51 ]
(509.21 | 247.34) [ 0 1 26 43 32 34 51 ]
(488.53 | 204.70) [ 0 25 23 19 17 48 50 42 44 51 ]
(543.66 | 230.60) [ 0 22 24 15 11 36 30 47 49 51 ]
(354.87 | 284.80) [ 0 20 37 45 51 ]


4300.69
(276.76 | 296.76) [ 0 2 41 51 ]
(441.11 | -380.46) [ 0 1 3 26 39 33 51 ]
(426.65 | 266.48) [ 0 5 6 4 31 51 ]
(500.65 | 240.75) [ 0 17 19 23 24 48 44 42 49 51 ]
(585.38 | 264.54) [ 0 25 16 14 50 30 28 51 ]
(447.76 | 263.15) [ 0 11 10 47 36 27 35 51 ]
(595.88 | 264.70) [ 0 18 9 8 7 29 43 32 34 51 ]
(440.49 | 247.69) [ 0 20 12 13 38 37 45 51 ]
(426.01 | 281.43) [ 0 15 21 22 46 40 51 ]


4305.98
(632.13 | -244.51) [ 0 5 6 4 50 30 28 51 ]
(464.01 | 164.17) [ 0 14 12 20 39 37 45 51 ]
(360.69 | 268.23) [ 0 3 2 31 51 ]
(493.02 | 269.88) [ 0 23 19 11 10 48 44 36 35 51 ]
(495.64 | 261.24) [ 0 17 24 22 42 27 47 49 51 ]
(473.40 | 273.37) [ 0 8 13 18 29 38 33 51 ]
(293.90 | 254.57) [ 0 7 9 16 41 51 ]
(509.21 | 278.82) [ 0 1 34 32 43 26 51 ]
(423.98 | 285.74) [ 0 25 21 15 46 40 51 ]


4283.88
(355.83 | 396.64) [ 0 2 31 51 ]
(570.96 | -298.27) [ 0 3 1 28 30 49 51 ]
(424.05 | 252.20) [ 0 8 15 21 40 46 51 ]
(523.32 | 259.91) [ 0 4 6 5 45 29 33 51 ]
(447.76 | 240.99) [ 0 11 10 47 36 27 35 51 ]
(467.27 | 259.01) [ 0 13 14 12 39 38 37 51 ]
(488.53 | 233.07) [ 0 25 23 19 17 44 42 50 48 51 ]
(552.54 | 259.51) [ 0 18 9 22 7 34 32 43 26 51 ]
(293.61 | 260.46) [ 0 16 24 20 41 51 ]


4287.94
(276.76 | 373.87) [ 0 2 41 51 ]
(570.96 | -352.94) [ 0 1 3 28 30 49 51 ]
(457.17 | 200.29) [ 0 22 8 20 33 29 37 45 51 ]
(439.35 | 203.88) [ 0 18 12 15 21 46 40 51 ]
(426.65 | 260.33) [ 0 4 6 5 31 51 ]
(488.53 | 211.38) [ 0 25 23 19 17 44 42 50 48 51 ]
(447.76 | 255.82) [ 0 10 11 47 36 27 35 51 ]
(544.31 | 262.63) [ 0 7 9 16 26 43 32 34 51 ]
(456.44 | 265.94) [ 0 24 14 13 39 38 51 ]


4378.43
(347.58 | -2167.98) [ 0 4 6 5 41 51 ]
(425.89 | 127.29) [ 0 10 21 7 40 46 51 ]
(477.12 | 155.61) [ 0 18 14 9 8 33 29 45 51 ]
(543.26 | 321.39) [ 0 3 2 35 27 28 51 ]
(332.57 | 298.77) [ 0 20 31 51 ]
(509.21 | 287.24) [ 0 1 26 43 32 34 51 ]
(500.32 | 275.21) [ 0 22 25 19 11 47 36 44 50 51 ]
(549.96 | 305.68) [ 0 24 23 15 17 49 30 42 48 51 ]
(472.52 | 265.93) [ 0 16 12 13 39 38 37 51 ]


4330.04
(293.90 | -1731.74) [ 0 16 9 7 41 51 ]
(352.83 | 352.83) [ 0 20 45 51 ]
(504.71 | 224.94) [ 0 5 6 4 39 31 51 ]
(543.27 | 198.81) [ 0 14 23 21 25 48 50 30 42 51 ]
(428.15 | 199.30) [ 0 10 17 15 40 46 51 ]
(498.97 | 239.67) [ 0 22 24 19 11 49 47 36 44 51 ]
(509.21 | 280.54) [ 0 1 34 32 43 26 51 ]
(543.26 | 284.50) [ 0 3 2 28 27 35 51 ]
(475.74 | 267.49) [ 0 18 13 12 8 33 38 29 37 51 ]


4285.04
(358.14 | 387.04) [ 0 1 45 51 ]
(293.42 | -3117.18) [ 0 20 16 41 51 ]
(466.35 | 247.82) [ 0 5 6 4 40 31 51 ]
(566.17 | 240.07) [ 0 3 2 28 30 50 51 ]
(539.49 | 256.90) [ 0 25 9 15 7 26 43 32 34 51 ]
(500.65 | 259.77) [ 0 17 19 23 24 48 44 42 49 51 ]
(447.76 | 280.02) [ 0 11 10 47 36 27 35 51 ]
(460.23 | 279.88) [ 0 18 14 21 46 39 51 ]
(472.84 | 269.37) [ 0 22 12 13 8 33 38 29 37 51 ]


4302.84
(253.50 | 253.50) [ 0 20 41 51 ]
(566.63 | -779.93) [ 0 18 9 8 7 34 32 43 33 51 ]
(443.32 | 75.42) [ 0 12 14 13 38 37 45 51 ]
(435.02 | 277.63) [ 0 16 23 15 46 40 51 ]
(566.17 | 286.45) [ 0 3 2 50 30 28 51 ]
(426.65 | 276.73) [ 0 5 6 4 31 51 ]
(481.17 | 271.94) [ 0 10 17 19 35 42 44 51 ]
(490.71 | 277.54) [ 0 25 24 21 22 11 48 27 36 47 49 51 ]
(459.67 | 284.45) [ 0 1 26 39 29 51 ]


4317.40
(293.07 | 293.07) [ 0 16 41 51 ]
(498.97 | 42.80) [ 0 22 24 19 11 44 36 47 49 51 ]
(542.58 | 206.43) [ 0 25 14 17 48 50 30 42 51 ]
(466.26 | 253.44) [ 0 21 15 8 40 46 33 51 ]
(426.65 | 243.29) [ 0 4 6 5 31 51 ]
(575.91 | 267.61) [ 0 10 3 2 35 27 28 51 ]
(438.13 | 270.09) [ 0 20 13 45 38 51 ]
(594.91 | 279.04) [ 0 7 9 23 12 18 34 32 43 29 37 51 ]
(400.91 | 285.76) [ 0 1 26 39 51 ]


4316.01
(346.43 | -1537.93) [ 0 9 16 5 41 51 ]
(352.83 | 352.83) [ 0 20 45 51 ]
(566.17 | -331.52) [ 0 3 2 50 30 28 51 ]
(472.71 | 233.97) [ 0 4 6 15 31 40 51 ]
(493.95 | 200.81) [ 0 7 25 24 23 11 49 47 36 27 48 51 ]
(481.17 | 270.41) [ 0 10 17 19 44 42 35 51 ]
(475.74 | 250.20) [ 0 18 13 12 8 33 38 29 37 51 ]
(457.79 | 264.87) [ 0 22 21 14 39 46 51 ]
(509.21 | 275.69) [ 0 1 26 43 32 34 51 ]


4326.17
(426.65 | -1588.12) [ 0 5 6 4 31 51 ]
(276.51 | 296.51) [ 0 3 41 51 ]
(574.15 | -1155.75) [ 0 1 2 28 30 49 51 ]
(504.16 | 251.14) [ 0 22 12 14 18 39 33 29 37 51 ]
(488.53 | 233.59) [ 0 17 19 23 25 48 50 42 44 51 ]
(544.31 | 262.44) [ 0 7 9 16 26 43 32 34 51 ]
(440.04 | 276.20) [ 0 20 24 13 38 45 51 ]
(447.76 | 279.03) [ 0 10 11 47 36 27 35 51 ]
(424.05 | 284.02) [ 0 8 15 21 40 46 51 ]


4295.26
(258.81 | 415.39) [ 0 1 41 51 ]
(496.99 | 78.77) [ 0 24 23 12 7 11 49 47 36 27 48 51 ]
(566.17 | 170.22) [ 0 3 2 50 30 28 51 ]
(426.65 | 209.23) [ 0 4 6 5 31 51 ]
(481.17 | 201.74) [ 0 10 17 19 44 42 35 51 ]
(424.05 | 256.79) [ 0 8 15 21 40 46 51 ]
(456.16 | 244.52) [ 0 25 14 13 38 39 51 ]
(429.29 | 261.64) [ 0 20 45 37 29 33 51 ]
(555.97 | 245.77) [ 0 18 9 16 22 26 43 32 34 51 ]


4297.99
(426.65 | -1661.36) [ 0 4 6 5 31 51 ]
(296.90 | -4005.89) [ 0 16 12 7 41 51 ]
(566.17 | 188.92) [ 0 2 3 28 30 50 51 ]
(476.61 | 200.02) [ 0 8 14 21 33 39 46 51 ]
(509.38 | 267.66) [ 0 25 9 13 15 40 38 29 51 ]
(490.96 | 264.05) [ 0 23 17 11 10 48 42 36 35 51 ]
(509.21 | 269.51) [ 0 1 26 43 32 34 51 ]
(507.24 | 250.88) [ 0 18 19 24 22 49 47 27 44 51 ]
(354.87 | 269.09) [ 0 20 37 45 51 ]


4309.07
(426.65 | -1580.72) [ 0 5 6 4 31 51 ]
(276.76 | 414.09) [ 0 2 41 51 ]
(562.79 | -508.23) [ 0 1 3 50 30 28 51 ]
(472.62 | 187.45) [ 0 20 12 16 33 29 37 45 51 ]
(481.85 | 239.27) [ 0 10 17 25 8 48 42 27 35 51 ]
(454.92 | 268.39) [ 0 13 14 39 38 51 ]
(550.55 | 274.92) [ 0 18 23 9 7 34 32 43 26 51 ]
(498.97 | 253.60) [ 0 22 24 19 11 44 36 47 49 51 ]
(423.96 | 286.98) [ 0 21 15 40 46 51 ]


4277.15
(426.65 | -1615.19) [ 0 4 6 5 31 51 ]
(258.81 | 565.44) [ 0 1 41 51 ]
(440.49 | 187.17) [ 0 13 12 20 38 37 45 51 ]
(574.34 | 223.81) [ 0 2 3 28 30 49 51 ]
(447.76 | 295.03) [ 0 11 10 47 36 27 35 51 ]
(503.97 | 296.02) [ 0 24 16 14 39 33 29 51 ]
(488.53 | 260.12) [ 0 25 23 19 17 44 42 50 48 51 ]
(552.54 | 270.71) [ 0 7 22 9 18 26 43 32 34 51 ]
(424.05 | 281.89) [ 0 21 15 8 40 46 51 ]


4368.99
(293.07 | 293.07) [ 0 16 41 51 ]
(337.88 | 413.54) [ 0 1 31 51 ]
(601.20 | 202.21) [ 0 10 19 5 44 30 35 51 ]
(496.01 | 157.46) [ 0 22 24 17 11 49 47 36 42 51 ]
(494.15 | 268.30) [ 0 4 6 15 40 46 51 ]
(470.11 | 241.86) [ 0 8 13 21 29 38 33 51 ]
(464.01 | 256.75) [ 0 14 12 20 45 37 39 51 ]
(550.58 | 270.25) [ 0 18 23 9 25 7 34 32 43 26 51 ]
(541.99 | 272.92) [ 0 3 2 48 50 27 28 51 ]


4301.85
(426.65 | -1748.62) [ 0 4 6 5 31 51 ]
(258.81 | 614.36) [ 0 1 41 51 ]
(574.34 | -368.11) [ 0 2 3 49 30 28 51 ]
(494.61 | 249.54) [ 0 17 16 25 44 42 50 48 51 ]
(458.06 | 249.30) [ 0 23 14 13 39 38 51 ]
(472.62 | 213.20) [ 0 20 8 12 18 33 29 37 45 51 ]
(447.76 | 274.42) [ 0 10 11 35 27 36 47 51 ]
(426.01 | 276.61) [ 0 22 21 15 46 40 51 ]
(542.99 | 278.10) [ 0 19 9 24 7 26 43 32 34 51 ]


4291.45
(352.83 | 352.83) [ 0 20 45 51 ]
(258.81 | 449.46) [ 0 1 41 51 ]
(485.95 | 134.83) [ 0 10 19 15 48 44 27 35 51 ]
(466.35 | 176.61) [ 0 5 6 4 40 31 51 ]
(544.31 | 244.32) [ 0 16 9 7 34 32 43 26 51 ]
(475.74 | 249.86) [ 0 18 13 12 8 33 38 29 37 51 ]
(456.92 | 262.61) [ 0 14 23 21 24 39 46 51 ]
(496.22 | 255.94) [ 0 22 25 17 11 50 42 36 47 51 ]
(574.34 | 286.66) [ 0 3 2 28 30 49 51 ]


4306.59
(352.83 | 352.83) [ 0 20 45 51 ]
(566.17 | -338.29) [ 0 3 2 28 30 50 51 ]
(293.54 | 31.37) [ 0 22 16 21 41 51 ]
(466.35 | 247.04) [ 0 4 6 5 31 40 51 ]
(495.03 | 258.81) [ 0 25 24 15 19 44 27 47 49 51 ]
(490.96 | 262.02) [ 0 23 17 11 10 35 36 42 48 51 ]
(514.18 | 258.57) [ 0 12 14 13 37 29 38 46 51 ]
(566.63 | 260.55) [ 0 18 9 8 7 34 32 43 33 51 ]
(400.91 | 286.66) [ 0 1 39 26 51 ]


4271.67
(258.81 | 220.91) [ 0 1 41 51 ]
(426.65 | -1375.98) [ 0 5 6 4 31 51 ]
(476.61 | 173.60) [ 0 8 14 21 33 39 46 51 ]
(552.54 | 255.16) [ 0 18 9 22 7 34 32 43 26 51 ]
(504.27 | 292.42) [ 0 13 15 25 40 38 29 51 ]
(447.76 | 272.64) [ 0 10 11 35 27 36 47 51 ]
(500.65 | 237.99) [ 0 24 23 19 17 48 44 42 49 51 ]
(398.20 | 270.61) [ 0 20 12 16 45 37 51 ]
(566.17 | 269.55) [ 0 3 2 50 30 28 51 ]


4358.83
(332.57 | 332.57) [ 0 20 31 51 ]
(301.26 | -5318.65) [ 0 9 16 14 41 51 ]
(523.37 | -590.93) [ 0 5 6 4 33 29 37 45 51 ]
(574.34 | -520.79) [ 0 2 3 49 30 28 51 ]
(492.37 | 216.06) [ 0 10 19 23 8 35 27 44 48 51 ]
(429.78 | 282.30) [ 0 24 12 15 7 46 40 51 ]
(459.72 | 278.26) [ 0 21 13 18 38 39 51 ]
(496.22 | 246.54) [ 0 22 25 17 11 47 36 42 50 51 ]
(509.21 | 275.79) [ 0 1 34 32 43 26 51 ]


4353.51
(389.98 | 535.86) [ 0 1 26 51 ]
(241.67 | 404.78) [ 0 11 41 51 ]
(596.79 | -124.77) [ 0 18 9 22 7 34 32 43 29 51 ]
(575.91 | 237.79) [ 0 10 3 2 35 27 28 51 ]
(476.61 | 226.74) [ 0 8 14 21 33 39 46 51 ]
(466.35 | 268.83) [ 0 4 6 5 40 31 51 ]
(505.33 | 264.32) [ 0 17 16 24 42 36 47 49 51 ]
(440.49 | 246.93) [ 0 20 12 13 38 37 45 51 ]
(540.37 | 274.01) [ 0 19 23 15 25 44 30 50 48 51 ]


4352.12
(426.65 | -1889.02) [ 0 4 6 5 31 51 ]
(253.50 | 273.50) [ 0 20 41 51 ]
(543.26 | -635.42) [ 0 3 2 35 27 28 51 ]
(540.27 | 245.57) [ 0 19 9 25 7 44 30 50 48 51 ]
(502.94 | 260.03) [ 0 10 24 16 22 49 47 36 42 51 ]
(425.58 | 246.45) [ 0 11 15 21 40 46 51 ]
(509.21 | 265.52) [ 0 1 26 43 32 34 51 ]
(472.64 | 271.12) [ 0 17 18 12 8 45 37 29 33 51 ]
(458.06 | 261.31) [ 0 23 14 13 39 38 51 ]


4303.09
(352.83 | 352.83) [ 0 20 45 51 ]
(258.81 | 580.78) [ 0 1 41 51 ]
(574.34 | 173.34) [ 0 2 3 28 30 49 51 ]
(481.17 | 227.16) [ 0 10 17 19 35 42 44 51 ]
(539.52 | 239.93) [ 0 7 15 9 24 26 43 32 34 51 ]
(454.64 | 263.46) [ 0 21 16 22 46 39 51 ]
(466.35 | 268.24) [ 0 4 6 5 40 31 51 ]
(475.74 | 245.98) [ 0 8 12 13 18 37 29 38 33 51 ]
(499.70 | 266.17) [ 0 25 23 14 11 48 50 27 36 47 51 ]


4350.62
(253.50 | 273.50) [ 0 20 41 51 ]
(566.17 | -963.04) [ 0 2 3 50 30 28 51 ]
(476.46 | 184.51) [ 0 16 21 8 40 46 33 51 ]
(426.65 | 257.60) [ 0 5 6 4 31 51 ]
(597.71 | 243.10) [ 0 22 9 15 18 29 43 32 34 51 ]
(490.96 | 217.97) [ 0 23 17 11 10 35 36 42 48 51 ]
(443.32 | 255.26) [ 0 12 14 13 38 37 45 51 ]
(494.94 | 275.01) [ 0 19 24 25 7 44 27 47 49 51 ]
(400.91 | 286.80) [ 0 1 26 39 51 ]


4316.82
(352.83 | 352.83) [ 0 20 45 51 ]
(276.76 | 289.40) [ 0 2 41 51 ]
(562.79 | -787.65) [ 0 1 3 28 30 50 51 ]
(494.04 | 234.57) [ 0 19 14 23 48 44 27 35 51 ]
(447.99 | 265.50) [ 0 10 15 21 25 46 39 51 ]
(475.74 | 209.56) [ 0 8 12 13 18 37 29 38 33 51 ]
(466.35 | 226.79) [ 0 5 6 4 40 31 51 ]
(544.31 | 239.30) [ 0 7 9 16 26 43 32 34 51 ]
(496.01 | 256.70) [ 0 22 24 17 11 42 36 47 49 51 ]


4263.64
(258.81 | 483.86) [ 0 1 41 51 ]
(574.34 | -346.08) [ 0 3 2 28 30 49 51 ]
(447.76 | 241.93) [ 0 10 11 47 36 27 35 51 ]
(426.65 | 253.14) [ 0 4 6 5 31 51 ]
(552.48 | 260.98) [ 0 8 18 9 7 26 43 32 34 51 ]
(456.44 | 257.35) [ 0 13 14 24 39 38 51 ]
(472.62 | 271.19) [ 0 20 12 16 45 37 29 33 51 ]
(426.01 | 275.06) [ 0 22 21 15 40 46 51 ]
(488.53 | 271.85) [ 0 25 23 19 17 48 50 42 44 51 ]


4319.68
(347.58 | -1826.42) [ 0 4 6 5 41 51 ]
(498.81 | 244.93) [ 0 25 24 13 19 44 27 47 49 51 ]
(502.44 | 263.16) [ 0 12 14 16 26 39 29 37 51 ]
(490.96 | 216.22) [ 0 23 17 11 10 35 36 42 48 51 ]
(566.17 | 267.08) [ 0 3 2 50 30 28 51 ]
(337.88 | 283.31) [ 0 1 31 51 ]
(403.20 | 279.48) [ 0 20 38 45 51 ]
(426.01 | 266.72) [ 0 22 21 15 46 40 51 ]
(566.63 | 275.30) [ 0 18 9 8 7 33 43 32 34 51 ]


4279.74
(426.65 | -1487.55) [ 0 5 6 4 31 51 ]
(436.91 | 196.59) [ 0 22 21 14 46 40 51 ]
(566.17 | 196.34) [ 0 2 3 28 30 50 51 ]
(440.49 | 231.61) [ 0 20 12 13 38 37 45 51 ]
(459.67 | 266.14) [ 0 1 29 39 26 51 ]
(294.81 | 242.66) [ 0 15 16 25 41 51 ]
(500.65 | 262.38) [ 0 24 23 19 17 49 42 44 48 51 ]
(566.63 | 274.31) [ 0 18 9 8 7 34 32 43 33 51 ]
(447.76 | 271.77) [ 0 10 11 35 27 36 47 51 ]


4297.34
(258.81 | 414.98) [ 0 1 41 51 ]
(566.17 | -139.55) [ 0 2 3 28 30 50 51 ]
(504.71 | 234.70) [ 0 4 6 5 39 31 51 ]
(393.19 | 259.31) [ 0 20 25 14 45 51 ]
(544.31 | 265.60) [ 0 7 9 16 26 43 32 34 51 ]
(475.74 | 270.31) [ 0 8 12 13 18 37 29 38 33 51 ]
(447.76 | 270.24) [ 0 11 10 47 36 27 35 51 ]
(500.65 | 276.28) [ 0 24 23 19 17 49 42 44 48 51 ]
(426.01 | 285.69) [ 0 15 21 22 46 40 51 ]


4301.30
(574.34 | 234.21) [ 0 3 2 28 30 49 51 ]
(426.65 | 247.51) [ 0 5 6 4 31 51 ]
(563.83 | 269.08) [ 0 9 7 20 45 32 34 51 ]
(488.53 | 246.68) [ 0 25 23 19 17 44 42 50 48 51 ]
(447.76 | 257.92) [ 0 11 10 47 36 27 35 51 ]
(505.89 | 242.24) [ 0 24 21 15 18 40 46 43 51 ]
(472.84 | 274.11) [ 0 8 13 12 22 33 38 29 37 51 ]
(300.54 | 249.02) [ 0 16 14 41 51 ]
(400.91 | 290.50) [ 0 1 26 39 51 ]


4290.94
(337.88 | 235.53) [ 0 1 31 51 ]
(451.06 | 271.89) [ 0 14 12 15 40 39 51 ]
(574.34 | 295.35) [ 0 2 3 28 30 49 51 ]
(293.61 | 248.65) [ 0 20 24 16 41 51 ]
(473.13 | 278.53) [ 0 8 13 21 46 38 33 51 ]
(552.54 | 271.47) [ 0 18 9 22 7 26 43 32 34 51 ]
(512.09 | 277.38) [ 0 4 6 5 45 37 29 51 ]
(447.76 | 270.32) [ 0 10 11 47 36 27 35 51 ]
(488.53 | 258.87) [ 0 25 23 19 17 44 42 50 48 51 ]


4308.51
(423.13 | 599.63) [ 0 1 29 51 ]
(466.35 | 173.02) [ 0 5 6 4 40 31 51 ]
(294.81 | 193.36) [ 0 15 16 25 41 51 ]
(552.54 | -32.26) [ 0 7 22 9 18 26 43 32 34 51 ]
(447.76 | 258.17) [ 0 10 11 47 36 27 35 51 ]
(500.65 | 243.75) [ 0 24 23 19 17 49 42 44 48 51 ]
(476.61 | 245.15) [ 0 8 14 21 33 39 46 51 ]
(566.17 | 257.91) [ 0 3 2 50 30 28 51 ]
(440.49 | 253.24) [ 0 20 12 13 38 37 45 51 ]


4286.39
(301.26 | -4630.65) [ 0 9 16 14 41 51 ]
(475.74 | -108.67) [ 0 18 13 12 8 33 38 29 37 51 ]
(504.71 | 209.17) [ 0 5 6 4 39 31 51 ]
(574.34 | 252.20) [ 0 3 2 49 30 28 51 ]
(378.83 | 268.14) [ 0 24 7 20 45 51 ]
(447.76 | 254.81) [ 0 11 10 47 36 27 35 51 ]
(509.21 | 269.88) [ 0 1 34 32 43 26 51 ]
(488.53 | 262.88) [ 0 25 23 19 17 44 42 50 48 51 ]
(426.01 | 277.94) [ 0 15 21 22 46 40 51 ]


4329.92
(426.65 | -3166.63) [ 0 4 6 5 31 51 ]
(505.54 | 282.16) [ 0 10 11 35 36 28 51 ]
(421.82 | 258.76) [ 0 3 2 40 46 51 ]
(492.38 | 270.97) [ 0 17 24 20 42 27 47 49 51 ]
(566.63 | 259.28) [ 0 18 9 8 7 34 32 43 33 51 ]
(293.54 | 244.98) [ 0 22 16 21 41 51 ]
(443.32 | 258.33) [ 0 12 14 13 38 37 45 51 ]
(459.67 | 279.15) [ 0 1 29 39 26 51 ]
(540.37 | 277.70) [ 0 19 23 15 25 48 50 30 44 51 ]


4305.17
(300.54 | -1339.87) [ 0 14 16 41 51 ]
(566.17 | -268.50) [ 0 2 3 28 30 50 51 ]
(563.83 | 189.65) [ 0 9 7 20 45 32 34 51 ]
(426.65 | 251.55) [ 0 4 6 5 31 51 ]
(505.81 | 226.48) [ 0 18 15 21 25 40 46 43 51 ]
(447.76 | 270.51) [ 0 10 11 47 36 27 35 51 ]
(500.65 | 252.90) [ 0 17 19 23 24 48 44 42 49 51 ]
(472.84 | 270.51) [ 0 22 12 13 8 33 38 29 37 51 ]
(400.91 | 285.77) [ 0 1 26 39 51 ]


4300.94
(585.38 | -291.17) [ 0 25 16 14 28 30 50 51 ]
(258.81 | 253.64) [ 0 1 41 51 ]
(424.05 | 178.15) [ 0 8 15 21 40 46 51 ]
(360.69 | 287.46) [ 0 3 2 31 51 ]
(552.54 | 269.35) [ 0 7 22 9 18 26 43 32 34 51 ]
(550.56 | 283.23) [ 0 5 6 4 29 33 39 51 ]
(447.76 | 266.71) [ 0 10 11 47 36 27 35 51 ]
(440.49 | 255.78) [ 0 13 12 20 45 37 38 51 ]
(500.65 | 253.85) [ 0 17 19 23 24 49 42 44 48 51 ]


4310.28
(293.07 | 293.07) [ 0 16 41 51 ]
(543.58 | 167.77) [ 0 10 24 22 20 36 30 47 49 51 ]
(443.32 | 179.78) [ 0 12 14 13 38 37 45 51 ]
(426.65 | 257.87) [ 0 4 6 5 31 51 ]
(543.26 | 271.66) [ 0 2 3 35 27 28 51 ]
(425.58 | 253.02) [ 0 21 15 11 46 40 51 ]
(459.67 | 268.44) [ 0 1 26 39 29 51 ]
(566.63 | 268.33) [ 0 18 9 8 7 34 32 43 33 51 ]
(488.53 | 278.55) [ 0 25 23 19 17 44 42 50 48 51 ]


4340.09
(426.65 | -1774.97) [ 0 5 6 4 31 51 ]
(281.62 | 221.72) [ 0 3 2 41 51 ]
(549.07 | 191.75) [ 0 10 18 23 7 35 27 30 48 51 ]
(542.40 | 262.13) [ 0 19 15 25 28 44 50 51 ]
(509.21 | 279.10) [ 0 1 34 32 43 26 51 ]
(437.74 | 281.60) [ 0 21 9 16 12 40 46 51 ]
(454.92 | 286.95) [ 0 13 14 38 39 51 ]
(496.01 | 257.36) [ 0 22 24 17 11 49 47 36 42 51 ]
(442.47 | 276.53) [ 0 8 20 45 37 29 33 51 ]


4284.55
(276.76 | 417.73) [ 0 2 41 51 ]
(562.79 | 01.74) [ 0 3 1 28 30 50 51 ]
(426.65 | 273.28) [ 0 5 6 4 31 51 ]
(544.31 | 261.76) [ 0 7 9 16 26 43 32 34 51 ]
(475.62 | 275.68) [ 0 8 25 13 18 29 38 33 51 ]
(447.76 | 263.89) [ 0 10 11 47 36 27 35 51 ]
(500.65 | 254.28) [ 0 17 19 23 24 49 42 44 48 51 ]
(464.01 | 259.62) [ 0 14 12 20 39 37 45 51 ]
(426.01 | 292.17) [ 0 22 21 15 40 46 51 ]


4277.90
(258.81 | 551.45) [ 0 1 41 51 ]
(566.17 | -1005.77) [ 0 2 3 28 30 50 51 ]
(476.61 | 239.14) [ 0 8 14 21 33 39 46 51 ]
(550.58 | 243.21) [ 0 11 18 9 7 26 43 32 34 51 ]
(426.65 | 267.89) [ 0 4 6 5 31 51 ]
(497.90 | 247.81) [ 0 22 16 23 24 25 49 47 36 27 48 51 ]
(481.17 | 281.19) [ 0 10 17 19 44 42 35 51 ]
(505.14 | 274.39) [ 0 15 12 13 40 38 29 51 ]
(354.87 | 277.15) [ 0 20 37 45 51 ]


4334.11
(253.50 | 273.50) [ 0 20 41 51 ]
(574.34 | 196.85) [ 0 3 2 28 30 49 51 ]
(449.00 | 245.72) [ 0 24 16 13 38 37 45 51 ]
(426.65 | 222.55) [ 0 5 6 4 31 51 ]
(500.90 | 237.94) [ 0 8 12 14 18 29 33 39 51 ]
(481.17 | 248.55) [ 0 10 17 19 35 42 44 51 ]
(509.21 | 272.52) [ 0 1 26 43 32 34 51 ]
(493.75 | 255.86) [ 0 22 9 23 25 7 48 50 27 36 47 51 ]
(425.58 | 286.93) [ 0 21 15 11 46 40 51 ]


4301.73
(426.65 | -1787.63) [ 0 5 6 4 31 51 ]
(276.76 | 410.60) [ 0 2 41 51 ]
(562.79 | -814.19) [ 0 3 1 28 30 50 51 ]
(494.94 | 277.19) [ 0 7 25 24 19 49 47 27 44 51 ]
(442.42 | 264.23) [ 0 8 20 45 29 33 51 ]
(490.96 | 260.48) [ 0 23 17 11 10 35 36 42 48 51 ]
(467.27 | 266.23) [ 0 12 14 13 39 38 37 51 ]
(555.97 | 278.92) [ 0 18 9 16 22 26 43 32 34 51 ]
(423.96 | 286.41) [ 0 15 21 40 46 51 ]


4363.41
(426.65 | -1476.91) [ 0 5 6 4 31 51 ]
(276.76 | 296.76) [ 0 2 41 51 ]
(467.34 | -264.30) [ 0 14 12 7 39 38 37 51 ]
(469.21 | 32.53) [ 0 16 25 20 33 29 45 51 ]
(489.28 | 197.26) [ 0 9 23 19 17 44 42 50 48 51 ]
(424.05 | 255.46) [ 0 8 15 21 46 40 51 ]
(505.54 | 259.19) [ 0 10 11 35 36 28 51 ]
(555.94 | 265.74) [ 0 18 13 24 22 27 30 47 49 51 ]
(528.64 | 260.00) [ 0 1 3 26 43 32 34 51 ]


4271.08
(566.63 | 113.44) [ 0 7 8 9 18 33 43 32 34 51 ]
(426.65 | 255.31) [ 0 4 6 5 31 51 ]
(501.86 | 240.80) [ 0 24 16 14 29 39 26 51 ]
(426.01 | 253.17) [ 0 15 21 22 46 40 51 ]
(447.76 | 258.37) [ 0 11 10 47 36 27 35 51 ]
(488.53 | 255.05) [ 0 17 19 23 25 48 50 42 44 51 ]
(574.34 | 270.08) [ 0 3 2 28 30 49 51 ]
(440.49 | 257.88) [ 0 13 12 20 38 37 45 51 ]
(258.81 | 271.06) [ 0 1 41 51 ]


4317.20
(258.81 | 450.87) [ 0 1 41 51 ]
(551.63 | 221.74) [ 0 18 9 8 7 34 32 43 26 51 ]
(583.51 | 206.20) [ 0 25 16 13 28 30 50 51 ]
(466.35 | 210.11) [ 0 4 6 5 40 31 51 ]
(447.76 | 233.25) [ 0 10 11 47 36 27 35 51 ]
(460.47 | 270.37) [ 0 3 2 33 38 29 51 ]
(457.79 | 247.34) [ 0 22 21 14 39 46 51 ]
(390.22 | 275.37) [ 0 12 15 20 45 37 51 ]
(500.65 | 257.27) [ 0 17 19 23 24 49 42 44 48 51 ]


4265.41
(447.76 | 257.61) [ 0 10 11 47 36 27 35 51 ]
(456.16 | 271.81) [ 0 25 14 13 38 39 51 ]
(426.65 | 257.83) [ 0 4 6 5 31 51 ]
(566.17 | 276.80) [ 0 3 2 50 30 28 51 ]
(552.54 | 270.17) [ 0 18 9 22 7 26 43 32 34 51 ]
(258.81 | 274.90) [ 0 1 41 51 ]
(472.62 | 269.57) [ 0 20 12 16 45 37 29 33 51 ]
(424.05 | 281.21) [ 0 8 15 21 40 46 51 ]
(500.65 | 262.80) [ 0 17 19 23 24 48 44 42 49 51 ]


4365.90
(352.83 | 352.83) [ 0 20 45 51 ]
(389.98 | 421.30) [ 0 1 26 51 ]
(430.48 | 156.57) [ 0 5 6 4 31 41 51 ]
(498.60 | -69.69) [ 0 22 24 19 8 49 47 27 44 51 ]
(566.17 | 249.89) [ 0 2 3 28 30 50 51 ]
(490.96 | 257.13) [ 0 23 17 11 10 35 36 42 48 51 ]
(509.61 | 264.54) [ 0 18 14 21 39 43 46 51 ]
(529.62 | 284.74) [ 0 25 9 15 7 40 32 34 51 ]
(477.65 | 292.50) [ 0 13 12 16 33 38 29 37 51 ]


4348.48
(232.50 | 252.50) [ 0 10 41 51 ]
(432.81 | -4428.43) [ 0 1 16 22 31 51 ]
(486.15 | -444.54) [ 0 3 2 47 36 27 35 51 ]
(632.13 | -25.31) [ 0 4 6 5 28 30 50 51 ]
(550.58 | 237.25) [ 0 11 18 9 7 26 43 32 34 51 ]
(467.27 | 262.81) [ 0 12 14 13 39 38 37 51 ]
(500.65 | 237.70) [ 0 24 23 19 17 49 42 44 48 51 ]
(442.42 | 257.73) [ 0 8 20 45 29 33 51 ]
(423.98 | 286.88) [ 0 15 21 25 40 46 51 ]


4376.33
(294.51 | -135.87) [ 0 16 15 41 51 ]
(561.06 | 140.06) [ 0 3 28 30 50 51 ]
(549.88 | 05.54) [ 0 2 1 17 48 42 27 35 51 ]
(465.86 | 201.12) [ 0 20 12 19 45 37 29 33 51 ]
(426.65 | 275.46) [ 0 5 6 4 31 51 ]
(495.97 | 226.28) [ 0 25 24 21 22 11 44 36 47 49 51 ]
(551.63 | 261.96) [ 0 18 9 8 7 26 43 32 34 51 ]
(458.06 | 262.65) [ 0 23 14 13 38 39 51 ]
(372.70 | 277.17) [ 0 10 40 46 51 ]


4327.92
(258.81 | 360.98) [ 0 1 41 51 ]
(460.47 | 134.73) [ 0 3 2 29 38 33 51 ]
(426.65 | 221.69) [ 0 5 6 4 31 51 ]
(422.66 | 247.18) [ 0 7 21 8 40 46 51 ]
(488.53 | 239.53) [ 0 25 23 19 17 44 42 50 48 51 ]
(587.69 | 265.85) [ 0 24 16 15 49 30 28 51 ]
(551.33 | 271.08) [ 0 22 9 13 18 26 43 32 34 51 ]
(447.76 | 267.65) [ 0 10 11 47 36 27 35 51 ]
(464.01 | 271.28) [ 0 14 12 20 39 37 45 51 ]


4326.61
(276.76 | 446.39) [ 0 2 41 51 ]
(539.88 | -252.67) [ 0 1 3 35 27 28 51 ]
(554.78 | -1997.22) [ 0 11 24 18 10 49 47 30 36 51 ]
(467.27 | 261.66) [ 0 12 14 13 39 38 37 51 ]
(426.01 | 268.99) [ 0 22 21 15 46 40 51 ]
(544.31 | 287.03) [ 0 7 9 16 26 43 32 34 51 ]
(426.65 | 258.08) [ 0 5 6 4 31 51 ]
(442.42 | 273.74) [ 0 8 20 45 29 33 51 ]
(488.53 | 260.62) [ 0 17 19 23 25 44 42 50 48 51 ]


4268.90
(502.00 | 242.54) [ 0 8 24 14 18 39 33 29 51 ]
(488.53 | 185.32) [ 0 17 19 23 25 44 42 50 48 51 ]
(426.65 | 265.73) [ 0 4 6 5 31 51 ]
(509.21 | 283.85) [ 0 1 26 43 32 34 51 ]
(426.01 | 257.91) [ 0 22 21 15 46 40 51 ]
(574.34 | 270.27) [ 0 2 3 49 30 28 51 ]
(293.90 | 234.32) [ 0 7 9 16 41 51 ]
(447.76 | 267.71) [ 0 11 10 47 36 27 35 51 ]
(440.49 | 267.62) [ 0 20 12 13 38 37 45 51 ]


4297.46
(426.65 | -1635.71) [ 0 5 6 4 31 51 ]
(276.76 | 217.77) [ 0 2 41 51 ]
(467.27 | -602.32) [ 0 12 14 13 37 38 39 51 ]
(562.79 | 223.37) [ 0 1 3 28 30 50 51 ]
(495.62 | 223.54) [ 0 10 17 18 23 48 42 27 35 51 ]
(544.31 | 268.80) [ 0 7 9 16 26 43 32 34 51 ]
(495.63 | 263.33) [ 0 11 19 24 25 44 36 47 49 51 ]
(426.01 | 252.76) [ 0 22 21 15 40 46 51 ]
(442.42 | 257.82) [ 0 8 20 33 29 45 51 ]


4271.67
(426.65 | -1576.33) [ 0 5 6 4 31 51 ]
(258.81 | 481.91) [ 0 1 41 51 ]
(552.54 | -1018.83) [ 0 18 9 22 7 26 43 32 34 51 ]
(447.76 | 250.83) [ 0 11 10 47 36 27 35 51 ]
(504.27 | 282.32) [ 0 25 15 13 40 38 29 51 ]
(566.17 | 255.78) [ 0 3 2 28 30 50 51 ]
(398.20 | 263.96) [ 0 20 12 16 45 37 51 ]
(476.61 | 273.23) [ 0 8 14 21 33 39 46 51 ]
(500.65 | 274.36) [ 0 24 23 19 17 49 42 44 48 51 ]


4308.51
(511.90 | -1320.45) [ 0 4 6 5 29 51 ]
(258.81 | 515.20) [ 0 1 41 51 ]
(440.49 | 202.40) [ 0 20 12 13 38 37 45 51 ]
(476.61 | 269.51) [ 0 8 14 21 46 39 33 51 ]
(413.57 | 277.25) [ 0 15 16 25 40 31 51 ]
(447.76 | 258.39) [ 0 10 11 35 27 36 47 51 ]
(500.65 | 242.48) [ 0 24 23 19 17 48 44 42 49 51 ]
(566.17 | 279.61) [ 0 3 2 28 30 50 51 ]
(552.54 | 273.36) [ 0 7 22 9 18 34 32 43 26 51 ]


4294.87
(484.13 | 114.01) [ 0 11 25 17 10 35 36 42 48 51 ]
(455.85 | 219.07) [ 0 12 14 13 39 38 51 ]
(442.47 | 278.26) [ 0 20 8 45 37 29 33 51 ]
(293.90 | 259.44) [ 0 7 9 16 41 51 ]
(509.21 | 265.49) [ 0 1 34 32 43 26 51 ]
(429.24 | 282.67) [ 0 15 23 21 40 46 51 ]
(566.17 | 280.86) [ 0 2 3 28 30 50 51 ]
(426.65 | 281.62) [ 0 5 6 4 31 51 ]
(507.24 | 284.72) [ 0 18 19 24 22 49 47 27 44 51 ]


4274.78
(426.65 | -1610.56) [ 0 4 6 5 31 51 ]
(258.81 | 193.38) [ 0 1 41 51 ]
(574.34 | 186.76) [ 0 3 2 28 30 49 51 ]
(447.76 | 273.43) [ 0 10 11 47 36 27 35 51 ]
(473.13 | 274.78) [ 0 21 13 8 33 38 46 51 ]
(488.53 | 253.88) [ 0 25 23 19 17 44 42 50 48 51 ]
(552.54 | 269.19) [ 0 18 9 22 7 26 43 32 34 51 ]
(461.34 | 262.81) [ 0 16 12 20 45 37 29 51 ]
(451.67 | 272.75) [ 0 24 15 14 40 39 51 ]


4332.26
(347.58 | -1731.29) [ 0 5 6 4 41 51 ]
(380.32 | -2567.15) [ 0 9 16 14 31 51 ]
(486.98 | 223.63) [ 0 22 24 8 7 29 33 39 51 ]
(488.53 | 211.38) [ 0 25 23 19 17 44 42 50 48 51 ]
(447.76 | 263.86) [ 0 11 10 47 36 27 35 51 ]
(440.49 | 241.26) [ 0 13 12 20 38 37 45 51 ]
(574.34 | 268.47) [ 0 3 2 28 30 49 51 ]
(509.21 | 290.57) [ 0 1 34 32 43 26 51 ]
(437.04 | 286.61) [ 0 18 15 21 46 40 51 ]


4304.36
(426.65 | -1843.42) [ 0 4 6 5 31 51 ]
(276.76 | 296.76) [ 0 2 41 51 ]
(459.61 | -39292.66) [ 0 20 21 22 33 29 45 51 ]
(570.96 | -302.27) [ 0 1 3 49 30 28 51 ]
(551.63 | -4.50) [ 0 18 9 8 7 26 43 32 34 51 ]
(467.27 | 193.80) [ 0 12 14 13 39 38 37 51 ]
(447.76 | 276.57) [ 0 11 10 47 36 27 35 51 ]
(488.53 | 234.43) [ 0 17 19 23 25 44 42 50 48 51 ]
(435.17 | 269.26) [ 0 15 16 24 40 46 51 ]


4298.47
(426.65 | -1742.49) [ 0 5 6 4 31 51 ]
(258.81 | 435.96) [ 0 1 41 51 ]
(457.36 | 246.60) [ 0 3 2 45 29 33 51 ]
(424.05 | 254.42) [ 0 8 15 21 46 40 51 ]
(559.95 | 275.32) [ 0 25 7 20 50 30 28 51 ]
(555.97 | 278.22) [ 0 18 9 16 22 26 43 32 34 51 ]
(447.76 | 276.57) [ 0 10 11 47 36 27 35 51 ]
(500.65 | 275.56) [ 0 24 23 19 17 49 42 44 48 51 ]
(467.27 | 280.30) [ 0 12 14 13 39 38 37 51 ]


4301.28
(352.83 | 647.48) [ 0 20 45 51 ]
(566.17 | 28.55) [ 0 3 2 28 30 50 51 ]
(466.35 | 245.35) [ 0 4 6 5 31 40 51 ]
(483.04 | 274.30) [ 0 15 17 10 48 42 27 35 51 ]
(476.63 | 274.19) [ 0 8 14 21 46 38 33 51 ]
(298.95 | 238.59) [ 0 16 23 13 41 51 ]
(400.91 | 290.80) [ 0 1 26 39 51 ]
(597.42 | 282.31) [ 0 25 9 12 18 7 34 32 43 29 37 51 ]
(498.97 | 266.61) [ 0 11 19 24 22 44 36 47 49 51 ]


4412.32
(511.90 | -921.14) [ 0 5 6 4 29 51 ]
(241.67 | 261.67) [ 0 11 41 51 ]
(574.00 | -588.65) [ 0 10 1 2 28 27 35 51 ]
(532.80 | -572.90) [ 0 3 36 30 47 49 51 ]
(464.01 | 187.06) [ 0 20 12 14 39 37 45 51 ]
(488.53 | 229.22) [ 0 17 19 23 25 44 42 50 48 51 ]
(473.13 | 276.59) [ 0 8 13 21 33 38 46 51 ]
(552.54 | 257.83) [ 0 7 22 9 18 34 32 43 26 51 ]
(413.73 | 276.91) [ 0 24 16 15 31 40 51 ]


