4412.68
(225.30 | 245.30) [ 0 16 30 51 ]
(677.70 | 258.18) [ 0 4 1 2 35 41 29 42 51 ]
(385.00 | 159.78) [ 0 20 24 13 11 36 45 49 38 51 ]
(519.65 | 291.37) [ 0 7 21 14 39 32 46 51 ]
(556.17 | 299.80) [ 0 18 17 15 19 26 40 43 51 ]
(567.85 | 299.27) [ 0 6 8 5 27 31 33 51 ]
(372.96 | 296.47) [ 0 12 22 47 37 51 ]
(618.24 | 303.18) [ 0 9 10 23 25 44 34 50 48 51 ]
(349.80 | 313.97) [ 0 3 28 51 ]


4378.32
(225.30 | 245.30) [ 0 16 30 51 ]
(526.14 | 195.67) [ 0 18 21 15 43 40 46 51 ]
(692.93 | 246.03) [ 0 2 1 4 34 29 42 51 ]
(402.15 | 286.65) [ 0 13 14 9 39 51 ]
(567.85 | 288.27) [ 0 6 8 5 31 27 33 51 ]
(366.01 | 308.84) [ 0 3 28 38 44 51 ]
(436.23 | 309.09) [ 0 20 25 22 47 50 45 51 ]
(603.54 | 288.23) [ 0 19 17 10 7 41 35 32 26 51 ]
(398.18 | 308.91) [ 0 11 23 24 12 37 36 48 49 51 ]


4404.33
(225.30 | 245.30) [ 0 16 30 51 ]
(606.80 | 208.34) [ 0 9 13 25 38 34 50 51 ]
(677.70 | 276.79) [ 0 2 1 4 35 41 29 42 51 ]
(555.89 | 288.55) [ 0 18 14 15 43 40 26 51 ]
(518.84 | 294.51) [ 0 7 10 21 17 39 32 46 51 ]
(349.80 | 305.97) [ 0 3 28 51 ]
(567.85 | 298.52) [ 0 6 8 5 33 27 31 51 ]
(372.96 | 316.45) [ 0 12 22 47 37 51 ]
(389.18 | 273.29) [ 0 19 24 23 11 20 45 36 48 49 44 51 ]


4399.62
(225.30 | 245.30) [ 0 16 30 51 ]
(385.54 | 286.84) [ 0 3 36 49 38 28 51 ]
(526.14 | 207.77) [ 0 18 21 15 43 40 46 51 ]
(564.29 | 294.47) [ 0 4 1 2 27 31 51 ]
(643.23 | 262.94) [ 0 9 17 22 34 29 42 51 ]
(409.90 | 313.70) [ 0 14 24 11 13 39 51 ]
(393.48 | 298.55) [ 0 23 12 20 37 48 45 51 ]
(603.66 | 304.72) [ 0 10 7 5 41 35 32 26 51 ]
(468.08 | 297.16) [ 0 6 8 25 19 44 33 50 47 51 ]


4430.95
(343.03 | 363.03) [ 0 16 39 51 ]
(448.74 | 100.86) [ 0 3 28 50 47 51 ]
(633.41 | 41.81) [ 0 2 1 4 41 35 32 26 51 ]
(567.85 | 134.69) [ 0 6 8 5 31 27 33 51 ]
(293.62 | 68.94) [ 0 7 25 20 30 51 ]
(643.23 | 300.82) [ 0 22 17 9 34 29 42 51 ]
(398.55 | 303.85) [ 0 10 23 24 12 37 45 48 49 51 ]
(526.14 | 276.47) [ 0 15 21 18 46 40 43 51 ]
(376.39 | 310.30) [ 0 11 13 14 19 44 38 36 51 ]


4386.44
(328.48 | -2175.48) [ 0 2 1 4 30 51 ]
(409.17 | 494.87) [ 0 3 39 51 ]
(389.39 | 216.29) [ 0 19 14 10 12 37 44 28 51 ]
(530.23 | 243.86) [ 0 16 26 32 35 41 51 ]
(471.68 | 266.01) [ 0 25 7 8 24 23 47 50 33 48 49 51 ]
(643.23 | 300.75) [ 0 22 17 9 34 29 42 51 ]
(533.62 | 299.44) [ 0 6 5 31 27 51 ]
(374.50 | 293.33) [ 0 20 13 11 38 45 36 51 ]
(526.14 | 275.61) [ 0 18 21 15 46 40 43 51 ]


4449.88
(487.13 | -1857.10) [ 0 9 1 3 39 51 ]
(291.29 | 291.29) [ 0 5 30 51 ]
(692.04 | 14.68) [ 0 2 4 34 29 42 51 ]
(530.23 | 283.15) [ 0 16 26 32 35 41 51 ]
(435.86 | 260.80) [ 0 25 11 22 36 50 47 51 ]
(568.35 | 272.53) [ 0 7 8 6 33 27 31 51 ]
(526.14 | 251.15) [ 0 15 21 18 43 40 46 51 ]
(398.55 | 301.46) [ 0 20 12 24 23 49 48 45 37 51 ]
(360.29 | 289.68) [ 0 19 17 14 10 13 28 38 44 51 ]


4405.99
(417.55 | -679.15) [ 0 7 6 39 51 ]
(225.30 | 245.30) [ 0 16 30 51 ]
(556.71 | 104.02) [ 0 3 2 27 31 51 ]
(622.39 | 203.01) [ 0 4 1 26 32 35 41 51 ]
(372.96 | 290.72) [ 0 22 12 37 47 51 ]
(394.84 | 224.92) [ 0 13 23 24 14 19 44 48 49 38 28 51 ]
(526.14 | 285.80) [ 0 15 21 18 46 40 43 51 ]
(648.82 | 256.21) [ 0 11 10 17 9 34 29 42 51 ]
(461.29 | 309.94) [ 0 20 25 8 5 45 36 33 50 51 ]


4449.16
(225.30 | 245.30) [ 0 16 30 51 ]
(355.52 | -4362.64) [ 0 9 18 20 45 51 ]
(591.73 | 294.29) [ 0 2 1 4 26 40 43 51 ]
(519.65 | 233.34) [ 0 7 21 14 39 32 46 51 ]
(368.79 | 282.70) [ 0 22 15 37 47 51 ]
(645.30 | 295.19) [ 0 25 12 10 17 42 29 41 35 51 ]
(390.58 | 277.29) [ 0 11 13 23 24 19 36 48 49 38 44 51 ]
(612.76 | 314.52) [ 0 3 50 34 33 28 51 ]
(539.53 | 286.66) [ 0 5 8 6 27 31 51 ]


4392.40
(225.30 | 245.30) [ 0 16 30 51 ]
(409.17 | 528.84) [ 0 3 39 51 ]
(535.44 | -222.07) [ 0 25 21 15 43 40 46 51 ]
(564.29 | 292.44) [ 0 4 1 2 31 27 51 ]
(481.25 | 270.93) [ 0 6 8 24 23 19 50 33 48 49 44 28 51 ]
(645.81 | 306.08) [ 0 18 17 14 9 34 29 42 51 ]
(603.66 | 315.06) [ 0 5 7 10 26 32 35 41 51 ]
(372.96 | 318.64) [ 0 12 22 37 47 51 ]
(374.50 | 307.07) [ 0 11 13 20 36 45 38 51 ]


4400.89
(225.30 | 245.30) [ 0 16 30 51 ]
(349.80 | 482.96) [ 0 3 28 51 ]
(493.90 | -233.38) [ 0 14 12 5 37 36 39 51 ]
(633.41 | 284.43) [ 0 2 1 4 26 32 35 41 51 ]
(526.14 | 266.71) [ 0 15 21 18 43 40 46 51 ]
(648.82 | 279.88) [ 0 11 10 17 9 34 29 42 51 ]
(472.02 | 295.92) [ 0 22 23 24 8 25 47 50 33 48 49 51 ]
(535.63 | 302.25) [ 0 6 7 27 31 51 ]
(375.87 | 303.21) [ 0 20 13 19 45 38 44 51 ]


4402.33
(343.03 | 599.24) [ 0 16 39 51 ]
(291.44 | 551.67) [ 0 3 30 51 ]
(603.66 | -16435.01) [ 0 5 7 10 41 35 32 26 51 ]
(540.29 | 159.95) [ 0 6 17 9 27 31 51 ]
(692.93 | 287.54) [ 0 2 1 4 34 29 42 51 ]
(469.42 | 227.81) [ 0 25 8 12 24 19 37 50 33 49 44 51 ]
(396.81 | 258.11) [ 0 22 23 11 47 48 36 51 ]
(526.14 | 229.21) [ 0 18 21 15 43 40 46 51 ]
(378.61 | 278.74) [ 0 14 13 20 28 38 45 51 ]


4408.43
(317.09 | 337.09) [ 0 2 30 51 ]
(530.23 | -65.41) [ 0 16 41 35 32 26 51 ]
(390.06 | 252.95) [ 0 13 7 24 19 28 38 49 44 51 ]
(399.06 | 247.62) [ 0 18 14 9 39 51 ]
(681.94 | 307.30) [ 0 4 1 3 34 29 42 51 ]
(567.85 | 285.44) [ 0 5 8 6 27 31 33 51 ]
(373.05 | 307.45) [ 0 12 22 17 37 47 51 ]
(526.81 | 285.33) [ 0 15 10 21 46 40 43 51 ]
(442.36 | 312.00) [ 0 20 25 23 11 45 36 48 50 51 ]


4400.34
(343.03 | 363.03) [ 0 16 39 51 ]
(291.44 | 295.33) [ 0 3 30 51 ]
(382.32 | 114.02) [ 0 6 12 37 47 51 ]
(643.23 | 44.12) [ 0 9 17 22 34 29 42 51 ]
(430.37 | 207.60) [ 0 8 13 11 14 28 38 33 36 51 ]
(564.29 | 298.02) [ 0 4 1 2 31 27 51 ]
(526.14 | 260.54) [ 0 15 21 18 43 40 46 51 ]
(455.86 | 268.17) [ 0 20 25 24 23 19 50 48 45 49 44 51 ]
(603.66 | 289.81) [ 0 10 7 5 26 32 35 41 51 ]


4443.09
(225.30 | 245.30) [ 0 16 30 51 ]
(692.93 | -568.37) [ 0 2 1 4 34 29 42 51 ]
(482.30 | 49.58) [ 0 22 9 47 38 39 51 ]
(550.10 | 216.35) [ 0 6 15 31 27 51 ]
(603.66 | 304.47) [ 0 5 7 10 26 32 35 41 51 ]
(371.11 | 308.38) [ 0 20 11 14 19 44 45 36 51 ]
(349.80 | 315.68) [ 0 3 28 51 ]
(516.56 | 306.39) [ 0 17 21 13 18 46 40 43 51 ]
(471.33 | 276.11) [ 0 23 24 12 8 25 37 50 33 48 49 51 ]


4422.64
(328.48 | -2114.18) [ 0 2 1 4 30 51 ]
(496.01 | -234.28) [ 0 3 47 28 39 51 ]
(359.09 | 251.74) [ 0 7 10 14 19 44 51 ]
(530.23 | 241.52) [ 0 16 26 32 35 41 51 ]
(526.14 | 192.10) [ 0 15 21 18 46 40 43 51 ]
(374.50 | 251.52) [ 0 20 13 11 38 45 36 51 ]
(643.23 | 298.54) [ 0 22 17 9 42 29 34 51 ]
(471.33 | 289.28) [ 0 25 8 12 24 23 37 50 33 48 49 51 ]
(533.62 | 291.17) [ 0 5 6 27 31 51 ]


4375.01
(291.44 | 291.44) [ 0 3 30 51 ]
(343.03 | 343.03) [ 0 16 39 51 ]
(668.92 | 303.50) [ 0 9 17 6 34 29 42 51 ]
(374.50 | 285.41) [ 0 11 13 20 36 45 38 51 ]
(490.06 | 285.19) [ 0 19 25 8 24 23 14 44 49 48 50 33 28 51 ]
(526.14 | 269.28) [ 0 15 21 18 46 40 43 51 ]
(372.96 | 301.36) [ 0 22 12 47 37 51 ]
(603.66 | 300.76) [ 0 5 7 10 26 32 35 41 51 ]
(564.29 | 305.19) [ 0 4 1 2 27 31 51 ]


4464.62
(225.30 | 245.30) [ 0 16 30 51 ]
(663.90 | -3705.15) [ 0 2 8 6 31 27 51 ]
(435.22 | 236.05) [ 0 4 1 3 39 51 ]
(377.50 | 203.25) [ 0 19 17 11 20 28 44 45 36 51 ]
(526.14 | 245.50) [ 0 15 21 18 43 40 46 51 ]
(605.16 | 317.79) [ 0 14 7 5 41 35 32 26 51 ]
(617.68 | 306.82) [ 0 9 42 29 34 51 ]
(460.74 | 301.51) [ 0 13 10 23 24 25 38 49 48 33 50 51 ]
(372.96 | 299.67) [ 0 22 12 47 37 51 ]


4422.39
(343.03 | 343.03) [ 0 16 39 51 ]
(317.09 | 606.94) [ 0 2 30 51 ]
(681.94 | -311.28) [ 0 3 1 4 34 29 42 51 ]
(441.29 | 166.50) [ 0 14 12 20 45 50 37 51 ]
(358.06 | 271.35) [ 0 9 19 17 13 44 38 28 51 ]
(526.14 | 287.32) [ 0 15 21 18 43 40 46 51 ]
(567.85 | 304.37) [ 0 6 8 5 27 31 33 51 ]
(404.53 | 303.59) [ 0 11 23 24 22 47 36 48 49 51 ]
(602.46 | 284.41) [ 0 7 25 10 26 32 35 41 51 ]


4398.16
(225.30 | 468.22) [ 0 16 30 51 ]
(409.17 | 596.06) [ 0 3 39 51 ]
(592.61 | -281.36) [ 0 2 1 4 27 31 33 51 ]
(526.14 | 238.15) [ 0 18 21 15 43 40 46 51 ]
(436.23 | 260.20) [ 0 22 25 20 45 50 47 51 ]
(398.18 | 294.98) [ 0 11 23 24 12 37 36 48 49 51 ]
(603.66 | 288.69) [ 0 10 7 5 26 32 35 41 51 ]
(644.50 | 315.96) [ 0 17 14 19 9 42 29 34 51 ]
(382.37 | 303.75) [ 0 13 8 6 44 38 28 51 ]


4399.10
(409.17 | 429.17) [ 0 3 39 51 ]
(225.30 | 245.30) [ 0 16 30 51 ]
(602.84 | 191.70) [ 0 7 10 9 26 32 35 41 51 ]
(387.94 | 259.69) [ 0 14 24 11 20 28 49 45 36 51 ]
(692.93 | 292.62) [ 0 4 1 2 34 29 42 51 ]
(526.14 | 262.04) [ 0 15 21 18 43 40 46 51 ]
(394.06 | 305.26) [ 0 13 22 19 44 38 47 51 ]
(533.62 | 289.70) [ 0 5 6 31 27 51 ]
(467.10 | 309.01) [ 0 17 23 12 8 25 37 50 33 48 51 ]


4422.00
(291.44 | 497.01) [ 0 3 30 51 ]
(395.08 | 128.75) [ 0 19 10 24 23 11 28 38 49 48 44 51 ]
(692.93 | 187.89) [ 0 4 1 2 34 29 42 51 ]
(530.23 | 258.94) [ 0 16 26 32 35 41 51 ]
(415.12 | 273.90) [ 0 14 12 13 39 51 ]
(356.02 | 237.70) [ 0 9 17 22 37 47 51 ]
(461.43 | 270.82) [ 0 8 7 25 20 45 36 33 50 51 ]
(526.14 | 252.22) [ 0 15 21 18 46 40 43 51 ]
(533.62 | 304.91) [ 0 6 5 27 31 51 ]


4373.35
(343.03 | 363.03) [ 0 16 39 51 ]
(291.44 | 469.92) [ 0 3 30 51 ]
(564.29 | 290.25) [ 0 4 1 2 31 27 51 ]
(391.86 | 269.74) [ 0 24 23 11 13 19 36 48 49 38 44 51 ]
(526.14 | 274.96) [ 0 15 21 18 43 40 46 51 ]
(644.42 | 281.43) [ 0 9 14 17 34 29 42 51 ]
(467.35 | 284.63) [ 0 20 25 6 28 33 50 45 51 ]
(372.96 | 310.24) [ 0 12 22 37 47 51 ]
(611.85 | 305.86) [ 0 5 8 7 10 26 32 35 41 51 ]


4388.11
(225.30 | 245.30) [ 0 16 30 51 ]
(434.82 | 586.83) [ 0 2 39 51 ]
(392.07 | 183.31) [ 0 4 1 3 28 38 44 51 ]
(436.23 | 262.20) [ 0 22 25 20 45 50 47 51 ]
(398.18 | 268.26) [ 0 12 24 23 11 37 36 48 49 51 ]
(526.14 | 273.62) [ 0 15 21 18 43 40 46 51 ]
(644.50 | 300.98) [ 0 9 19 14 17 34 29 42 51 ]
(567.85 | 304.94) [ 0 6 8 5 31 27 33 51 ]
(603.02 | 297.29) [ 0 13 10 7 41 35 32 26 51 ]


4393.01
(225.30 | 245.30) [ 0 16 30 51 ]
(429.54 | 652.62) [ 0 4 39 51 ]
(394.84 | 45.06) [ 0 13 23 24 14 19 44 48 49 38 28 51 ]
(382.32 | 303.31) [ 0 6 12 47 37 51 ]
(563.34 | 295.19) [ 0 3 1 2 27 31 51 ]
(526.14 | 268.51) [ 0 18 21 15 43 40 46 51 ]
(464.63 | 233.79) [ 0 20 8 25 11 45 36 33 50 51 ]
(603.66 | 299.43) [ 0 10 7 5 26 32 35 41 51 ]
(643.23 | 286.23) [ 0 9 17 22 42 29 34 51 ]


4401.65
(225.30 | 245.30) [ 0 16 30 51 ]
(434.82 | 788.84) [ 0 2 39 51 ]
(372.96 | -17.40) [ 0 12 22 37 47 51 ]
(388.73 | 254.70) [ 0 19 14 24 23 20 44 49 48 36 45 51 ]
(622.42 | 304.04) [ 0 3 1 4 41 35 32 26 51 ]
(466.83 | 291.27) [ 0 5 8 25 13 28 38 33 50 51 ]
(535.63 | 303.87) [ 0 7 6 27 31 51 ]
(526.14 | 287.85) [ 0 18 21 15 46 40 43 51 ]
(648.82 | 304.35) [ 0 9 17 10 11 42 29 34 51 ]


4422.96
(225.30 | 162.75) [ 0 16 30 51 ]
(564.29 | 244.35) [ 0 2 1 4 31 27 51 ]
(564.56 | 279.80) [ 0 6 5 18 43 40 26 51 ]
(519.65 | 326.98) [ 0 7 21 14 46 32 39 51 ]
(636.73 | 315.73) [ 0 9 19 24 8 25 48 50 34 33 49 51 ]
(372.96 | 293.58) [ 0 22 12 47 37 51 ]
(646.16 | 281.63) [ 0 17 10 23 15 42 29 41 35 51 ]
(358.80 | 298.47) [ 0 3 44 28 51 ]
(374.50 | 301.49) [ 0 20 13 11 38 45 36 51 ]


4406.50
(225.30 | 245.30) [ 0 16 30 51 ]
(409.17 | 402.41) [ 0 3 39 51 ]
(399.22 | 230.52) [ 0 12 24 23 14 37 36 48 49 51 ]
(438.48 | 243.15) [ 0 7 25 20 47 50 45 51 ]
(358.13 | 242.56) [ 0 13 22 19 28 38 44 51 ]
(633.41 | 289.63) [ 0 4 1 2 41 35 32 26 51 ]
(567.85 | 307.34) [ 0 5 8 6 31 27 33 51 ]
(526.14 | 278.25) [ 0 18 21 15 46 40 43 51 ]
(648.82 | 302.42) [ 0 11 10 17 9 34 29 42 51 ]


4405.14
(225.30 | 245.30) [ 0 16 30 51 ]
(434.82 | 864.39) [ 0 2 39 51 ]
(681.94 | 219.21) [ 0 3 1 4 34 29 42 51 ]
(368.27 | 276.19) [ 0 9 19 17 13 28 38 49 44 51 ]
(567.85 | 305.56) [ 0 5 8 6 33 31 27 51 ]
(442.36 | 273.01) [ 0 11 23 25 20 50 48 36 45 51 ]
(526.14 | 284.10) [ 0 15 21 18 46 40 43 51 ]
(374.54 | 312.46) [ 0 12 24 22 37 47 51 ]
(603.93 | 299.59) [ 0 14 10 7 26 32 35 41 51 ]


4426.87
(328.48 | -2211.90) [ 0 2 1 4 30 51 ]
(417.54 | -88.77) [ 0 5 10 14 39 51 ]
(526.14 | 58.79) [ 0 18 21 15 43 40 46 51 ]
(555.56 | 231.40) [ 0 3 31 27 33 51 ]
(381.96 | 232.06) [ 0 8 7 13 19 44 38 28 51 ]
(643.23 | 269.45) [ 0 9 17 22 42 29 34 51 ]
(445.55 | 311.06) [ 0 6 25 20 47 50 45 51 ]
(530.23 | 275.01) [ 0 16 41 35 32 26 51 ]
(398.18 | 266.97) [ 0 11 23 24 12 37 36 48 49 51 ]


4395.88
(225.30 | 245.30) [ 0 16 30 51 ]
(409.17 | 668.78) [ 0 3 39 51 ]
(602.57 | 164.47) [ 0 7 10 21 26 32 35 41 51 ]
(398.55 | 240.26) [ 0 23 24 12 20 49 48 45 37 51 ]
(358.06 | 272.66) [ 0 13 17 19 9 28 38 44 51 ]
(435.86 | 253.46) [ 0 22 11 25 36 50 47 51 ]
(567.85 | 264.10) [ 0 6 8 5 27 31 33 51 ]
(692.93 | 304.46) [ 0 2 1 4 34 29 42 51 ]
(525.60 | 320.70) [ 0 15 14 18 43 40 46 51 ]


4377.60
(530.23 | 231.96) [ 0 16 26 32 35 41 51 ]
(416.87 | 286.18) [ 0 19 14 10 7 39 51 ]
(366.01 | 265.60) [ 0 3 44 38 28 51 ]
(328.48 | 260.87) [ 0 2 1 4 30 51 ]
(647.61 | 259.96) [ 0 9 17 13 34 29 42 51 ]
(398.18 | 306.63) [ 0 11 23 24 12 37 36 48 49 51 ]
(526.14 | 259.79) [ 0 18 21 15 46 40 43 51 ]
(567.85 | 306.91) [ 0 6 8 5 31 27 33 51 ]
(436.23 | 313.83) [ 0 22 25 20 45 50 47 51 ]


4396.01
(225.30 | 245.30) [ 0 16 30 51 ]
(409.17 | 429.17) [ 0 3 39 51 ]
(564.29 | -21908.32) [ 0 2 1 4 31 27 51 ]
(400.16 | 150.15) [ 0 19 24 12 18 37 49 44 28 51 ]
(526.82 | 293.00) [ 0 14 15 21 46 40 43 51 ]
(603.66 | 290.30) [ 0 10 7 5 26 32 35 41 51 ]
(643.23 | 281.65) [ 0 22 17 9 34 29 42 51 ]
(468.87 | 302.99) [ 0 6 8 25 23 47 50 33 48 51 ]
(374.50 | 316.27) [ 0 13 11 20 38 45 36 51 ]


4387.30
(225.30 | 245.30) [ 0 16 30 51 ]
(349.80 | 349.80) [ 0 3 28 51 ]
(677.70 | 296.84) [ 0 2 1 4 42 29 41 35 51 ]
(567.85 | 310.92) [ 0 6 8 5 31 27 33 51 ]
(557.04 | 320.42) [ 0 18 10 15 26 40 43 51 ]
(373.05 | 272.80) [ 0 12 22 17 37 47 51 ]
(606.34 | 292.22) [ 0 9 25 20 50 34 45 51 ]
(390.58 | 300.61) [ 0 19 24 23 11 13 44 38 49 48 36 51 ]
(519.65 | 312.26) [ 0 7 21 14 39 32 46 51 ]


4418.49
(291.44 | 457.50) [ 0 3 30 51 ]
(343.03 | 363.03) [ 0 16 39 51 ]
(391.97 | 210.76) [ 0 19 23 13 11 44 48 38 28 51 ]
(540.29 | 260.74) [ 0 6 17 9 27 31 51 ]
(692.93 | 297.77) [ 0 2 1 4 34 29 42 51 ]
(526.14 | 247.76) [ 0 15 21 18 43 40 46 51 ]
(475.80 | 289.42) [ 0 25 5 8 24 20 45 36 50 33 49 51 ]
(372.96 | 291.51) [ 0 22 12 47 37 51 ]
(603.93 | 300.70) [ 0 14 10 7 26 32 35 41 51 ]


4405.84
(225.30 | 245.30) [ 0 16 30 51 ]
(580.71 | 64.52) [ 0 1 4 26 40 43 51 ]
(372.96 | 187.78) [ 0 22 12 47 37 51 ]
(379.26 | 287.93) [ 0 2 3 28 51 ]
(519.65 | 286.02) [ 0 14 21 7 39 32 46 51 ]
(389.18 | 270.28) [ 0 20 11 23 24 19 45 36 48 49 44 51 ]
(567.85 | 306.81) [ 0 6 8 5 31 27 33 51 ]
(606.80 | 294.77) [ 0 9 13 25 50 34 38 51 ]
(644.13 | 306.61) [ 0 18 10 15 17 42 29 41 35 51 ]


4384.00
(409.17 | 429.17) [ 0 3 39 51 ]
(225.30 | 245.30) [ 0 16 30 51 ]
(564.29 | 297.40) [ 0 2 1 4 31 27 51 ]
(483.20 | 304.62) [ 0 6 8 25 19 44 48 50 33 28 51 ]
(603.66 | 304.03) [ 0 10 7 5 26 32 35 41 51 ]
(372.96 | 304.63) [ 0 12 22 47 37 51 ]
(526.14 | 285.71) [ 0 18 21 15 46 40 43 51 ]
(385.00 | 287.69) [ 0 20 24 13 11 36 45 49 38 51 ]
(654.27 | 307.56) [ 0 9 17 14 23 34 29 42 51 ]


4407.12
(225.30 | 245.30) [ 0 16 30 51 ]
(598.44 | -266.21) [ 0 9 13 18 38 34 50 51 ]
(652.21 | 215.65) [ 0 17 15 10 25 35 41 29 42 51 ]
(591.73 | 297.23) [ 0 2 1 4 26 40 43 51 ]
(349.80 | 308.78) [ 0 3 28 51 ]
(519.65 | 287.45) [ 0 7 21 14 46 32 39 51 ]
(567.85 | 288.63) [ 0 6 8 5 31 27 33 51 ]
(389.18 | 277.79) [ 0 20 11 23 24 19 45 36 48 49 44 51 ]
(372.96 | 300.94) [ 0 22 12 47 37 51 ]


4384.04
(349.80 | 857.65) [ 0 3 28 51 ]
(472.61 | -855.35) [ 0 19 14 10 11 36 45 44 39 51 ]
(530.23 | 163.66) [ 0 16 26 32 35 41 51 ]
(293.95 | 214.56) [ 0 5 7 20 30 51 ]
(564.29 | 144.19) [ 0 4 1 2 27 31 51 ]
(643.23 | 258.89) [ 0 22 17 9 34 29 42 51 ]
(526.14 | 270.97) [ 0 15 21 18 43 40 46 51 ]
(468.87 | 303.78) [ 0 6 8 25 23 47 50 33 48 51 ]
(394.93 | 288.82) [ 0 13 24 12 37 49 38 51 ]


4407.85
(343.03 | 363.03) [ 0 16 39 51 ]
(291.44 | 652.66) [ 0 3 30 51 ]
(441.77 | -4542.37) [ 0 9 14 13 50 38 28 51 ]
(692.93 | 280.94) [ 0 2 1 4 34 29 42 51 ]
(526.14 | 261.37) [ 0 18 21 15 43 40 46 51 ]
(567.85 | 311.81) [ 0 6 8 5 31 27 33 51 ]
(373.05 | 308.86) [ 0 12 22 17 47 37 51 ]
(389.18 | 287.36) [ 0 20 11 23 24 19 44 49 48 36 45 51 ]
(602.46 | 308.49) [ 0 7 25 10 41 35 32 26 51 ]


4395.40
(343.03 | 363.03) [ 0 16 39 51 ]
(291.44 | 457.60) [ 0 3 30 51 ]
(534.93 | 159.01) [ 0 6 9 31 27 51 ]
(391.93 | 77.09) [ 0 5 13 11 17 28 38 36 51 ]
(692.93 | 291.20) [ 0 2 1 4 34 29 42 51 ]
(478.11 | 229.33) [ 0 19 23 24 8 25 20 44 49 48 33 50 45 51 ]
(372.96 | 299.18) [ 0 12 22 47 37 51 ]
(526.14 | 282.79) [ 0 15 21 18 43 40 46 51 ]
(603.93 | 302.99) [ 0 14 10 7 26 32 35 41 51 ]


4386.45
(328.48 | -2115.74) [ 0 2 1 4 30 51 ]
(343.03 | 363.03) [ 0 16 39 51 ]
(526.14 | -70.24) [ 0 18 21 15 46 40 43 51 ]
(453.09 | 307.38) [ 0 3 28 38 33 50 51 ]
(372.96 | 292.22) [ 0 12 22 47 37 51 ]
(612.44 | 317.28) [ 0 8 7 10 13 26 32 35 41 51 ]
(644.42 | 322.40) [ 0 9 14 17 42 29 34 51 ]
(536.70 | 314.27) [ 0 25 5 6 31 27 51 ]
(389.18 | 288.93) [ 0 20 11 23 24 19 45 36 48 49 44 51 ]


4388.11
(225.30 | 245.30) [ 0 16 30 51 ]
(434.82 | 600.98) [ 0 2 39 51 ]
(392.07 | 222.84) [ 0 3 1 4 44 38 28 51 ]
(644.50 | 283.52) [ 0 17 14 19 9 34 29 42 51 ]
(526.14 | 208.76) [ 0 18 21 15 43 40 46 51 ]
(567.85 | 300.34) [ 0 6 8 5 27 31 33 51 ]
(398.18 | 281.56) [ 0 12 24 23 11 49 48 36 37 51 ]
(436.23 | 273.73) [ 0 22 25 20 47 50 45 51 ]
(603.02 | 305.16) [ 0 7 10 13 26 32 35 41 51 ]


4409.67
(225.30 | 245.30) [ 0 16 30 51 ]
(434.82 | 454.82) [ 0 2 39 51 ]
(681.94 | -807.86) [ 0 3 1 4 42 29 34 51 ]
(540.29 | 287.70) [ 0 6 17 9 27 31 51 ]
(490.06 | 267.94) [ 0 14 23 24 8 25 19 28 33 50 48 49 44 51 ]
(372.96 | 299.37) [ 0 12 22 47 37 51 ]
(603.66 | 295.50) [ 0 5 7 10 26 32 35 41 51 ]
(526.14 | 277.82) [ 0 18 21 15 43 40 46 51 ]
(374.50 | 308.18) [ 0 11 13 20 38 45 36 51 ]


4390.36
(225.30 | 245.30) [ 0 16 30 51 ]
(429.54 | 449.54) [ 0 4 39 51 ]
(389.18 | 41.44) [ 0 19 24 23 11 20 45 36 48 49 44 51 ]
(472.62 | 227.84) [ 0 6 8 25 14 28 38 33 50 51 ]
(563.34 | 295.60) [ 0 3 1 2 31 27 51 ]
(647.61 | 294.25) [ 0 13 17 9 42 29 34 51 ]
(526.14 | 286.08) [ 0 15 21 18 43 40 46 51 ]
(603.66 | 306.00) [ 0 10 7 5 26 32 35 41 51 ]
(372.96 | 306.59) [ 0 22 12 47 37 51 ]


4420.76
(317.09 | 291.76) [ 0 2 30 51 ]
(343.03 | 363.03) [ 0 16 39 51 ]
(567.85 | -513.26) [ 0 6 8 5 27 31 33 51 ]
(644.50 | 273.52) [ 0 17 14 19 9 42 29 34 51 ]
(622.42 | 264.08) [ 0 4 1 3 41 35 32 26 51 ]
(459.08 | 261.27) [ 0 7 25 13 28 44 38 50 51 ]
(526.14 | 277.68) [ 0 18 21 15 43 40 46 51 ]
(372.96 | 312.48) [ 0 22 12 47 37 51 ]
(387.69 | 291.73) [ 0 20 11 23 24 10 45 36 48 49 51 ]


4400.94
(225.30 | 245.30) [ 0 16 30 51 ]
(692.93 | -680.84) [ 0 4 1 2 42 29 34 51 ]
(525.88 | -119.47) [ 0 19 15 17 18 43 40 46 51 ]
(400.82 | 284.71) [ 0 21 14 9 39 51 ]
(571.91 | 305.58) [ 0 13 8 6 33 27 31 51 ]
(366.01 | 291.78) [ 0 3 44 38 28 51 ]
(435.86 | 292.93) [ 0 22 11 25 47 50 36 51 ]
(398.55 | 295.84) [ 0 23 24 12 20 49 48 45 37 51 ]
(603.66 | 314.53) [ 0 10 7 5 26 32 35 41 51 ]


4408.14
(328.48 | -1940.30) [ 0 2 1 4 30 51 ]
(409.17 | 424.28) [ 0 3 39 51 ]
(335.97 | 253.46) [ 0 16 28 36 47 51 ]
(526.14 | 72.31) [ 0 18 21 15 43 40 46 51 ]
(533.62 | 279.47) [ 0 5 6 31 27 51 ]
(643.23 | 265.50) [ 0 9 17 22 34 29 42 51 ]
(471.33 | 257.91) [ 0 23 24 12 8 25 37 50 33 48 49 51 ]
(603.02 | 298.15) [ 0 11 10 7 26 32 35 41 51 ]
(377.17 | 308.05) [ 0 19 14 13 20 44 38 45 51 ]


4393.75
(343.03 | 584.91) [ 0 16 39 51 ]
(291.44 | 562.74) [ 0 3 30 51 ]
(611.85 | -668.37) [ 0 5 8 7 10 26 32 35 41 51 ]
(390.58 | 225.80) [ 0 19 24 23 11 13 44 38 49 48 36 51 ]
(460.36 | 214.73) [ 0 20 25 12 28 33 50 45 51 ]
(564.29 | 306.83) [ 0 4 1 2 31 27 51 ]
(526.14 | 261.49) [ 0 18 21 15 43 40 46 51 ]
(381.63 | 309.48) [ 0 6 22 47 37 51 ]
(644.42 | 312.92) [ 0 17 14 9 42 29 34 51 ]


4377.78
(225.30 | 245.30) [ 0 16 30 51 ]
(409.17 | 498.11) [ 0 3 39 51 ]
(526.14 | 75.11) [ 0 18 21 15 46 40 43 51 ]
(358.06 | 182.11) [ 0 13 17 19 9 28 38 44 51 ]
(567.85 | 288.62) [ 0 5 8 6 33 31 27 51 ]
(692.93 | 308.66) [ 0 2 1 4 34 29 42 51 ]
(436.23 | 309.25) [ 0 20 25 22 45 50 47 51 ]
(398.18 | 299.25) [ 0 12 24 23 11 49 48 36 37 51 ]
(603.93 | 307.92) [ 0 14 10 7 26 32 35 41 51 ]


4400.54
(429.54 | 449.54) [ 0 4 39 51 ]
(563.34 | 284.26) [ 0 2 1 3 27 31 51 ]
(530.23 | 254.17) [ 0 16 26 32 35 41 51 ]
(479.88 | 217.49) [ 0 19 14 23 24 8 20 44 49 45 48 33 50 51 ]
(389.36 | 246.46) [ 0 7 11 13 36 38 28 51 ]
(300.89 | 226.67) [ 0 25 5 6 30 51 ]
(526.14 | 264.66) [ 0 18 21 15 43 40 46 51 ]
(372.96 | 299.96) [ 0 12 22 37 47 51 ]
(648.20 | 309.40) [ 0 9 17 10 42 29 34 51 ]


4396.96
(328.48 | -1757.43) [ 0 2 1 4 30 51 ]
(349.80 | 600.77) [ 0 3 28 51 ]
(574.52 | -364.54) [ 0 16 42 29 41 35 51 ]
(373.05 | 240.40) [ 0 12 22 17 47 37 51 ]
(617.15 | 315.23) [ 0 25 24 11 9 36 50 34 49 51 ]
(557.04 | 312.35) [ 0 15 10 18 26 40 43 51 ]
(567.85 | 293.28) [ 0 6 8 5 31 27 33 51 ]
(519.65 | 280.07) [ 0 7 21 14 46 32 39 51 ]
(389.43 | 299.90) [ 0 19 23 13 20 45 48 38 44 51 ]


4400.87
(225.30 | 225.30) [ 0 16 30 51 ]
(403.37 | -4406.10) [ 0 9 14 20 39 51 ]
(536.70 | 270.11) [ 0 6 5 25 27 31 51 ]
(390.58 | 186.90) [ 0 13 11 23 24 19 36 48 49 38 44 51 ]
(384.67 | 263.65) [ 0 22 12 8 37 47 51 ]
(458.10 | 288.82) [ 0 3 45 50 33 28 51 ]
(692.93 | 273.56) [ 0 2 1 4 34 29 42 51 ]
(526.14 | 298.30) [ 0 15 21 18 46 40 43 51 ]
(603.09 | 310.15) [ 0 7 10 17 26 32 35 41 51 ]


4420.17
(225.30 | 245.30) [ 0 16 30 51 ]
(542.67 | -511.56) [ 0 9 14 13 44 38 50 33 39 51 ]
(692.93 | 137.10) [ 0 2 1 4 34 29 42 51 ]
(349.80 | 290.36) [ 0 3 28 51 ]
(373.05 | 267.19) [ 0 17 22 12 47 37 51 ]
(526.14 | 236.03) [ 0 15 21 18 43 40 46 51 ]
(603.58 | 306.47) [ 0 19 10 25 7 26 32 35 41 51 ]
(387.17 | 304.93) [ 0 11 23 24 20 45 36 48 49 51 ]
(539.53 | 300.19) [ 0 6 8 5 31 27 51 ]


4388.65
(409.17 | 587.27) [ 0 3 39 51 ]
(297.82 | 250.45) [ 0 5 6 30 51 ]
(564.29 | 136.60) [ 0 4 1 2 31 27 51 ]
(526.14 | 105.01) [ 0 15 21 18 46 40 43 51 ]
(317.89 | 207.16) [ 0 16 37 44 28 51 ]
(604.07 | 269.35) [ 0 19 14 10 7 41 35 32 26 51 ]
(643.23 | 300.99) [ 0 22 17 9 34 29 42 51 ]
(471.55 | 300.66) [ 0 25 8 12 24 23 47 50 33 48 49 51 ]
(374.50 | 300.24) [ 0 11 13 20 38 45 36 51 ]


4407.05
(281.86 | 301.86) [ 0 16 37 51 ]
(291.44 | 546.35) [ 0 3 30 51 ]
(454.69 | 35.87) [ 0 9 14 13 44 38 28 39 51 ]
(540.89 | 248.72) [ 0 12 6 31 27 51 ]
(526.14 | 280.82) [ 0 18 21 15 43 40 46 51 ]
(692.93 | 300.44) [ 0 2 1 4 34 29 42 51 ]
(472.02 | 248.79) [ 0 25 8 24 23 22 49 48 33 50 47 51 ]
(604.35 | 292.69) [ 0 5 7 10 17 26 32 35 41 51 ]
(362.72 | 301.79) [ 0 19 11 20 36 45 51 ]


4449.75
(343.03 | 363.03) [ 0 16 39 51 ]
(311.81 | 331.81) [ 0 4 30 51 ]
(409.57 | 63.85) [ 0 5 10 11 18 47 36 28 51 ]
(526.82 | 244.61) [ 0 14 15 21 43 40 46 51 ]
(563.34 | 291.66) [ 0 3 1 2 31 27 51 ]
(643.23 | 301.74) [ 0 22 17 9 34 29 42 51 ]
(471.33 | 300.39) [ 0 25 8 12 24 23 37 50 33 48 49 51 ]
(604.74 | 308.40) [ 0 6 7 41 35 32 26 51 ]
(375.87 | 315.83) [ 0 19 13 20 45 38 44 51 ]


4425.48
(225.30 | 245.30) [ 0 16 30 51 ]
(677.40 | 37.82) [ 0 1 4 29 34 33 51 ]
(549.37 | 294.40) [ 0 13 17 19 9 35 41 42 38 44 51 ]
(398.18 | 269.41) [ 0 11 23 24 12 49 48 36 37 51 ]
(529.07 | 285.33) [ 0 8 7 21 14 46 32 39 51 ]
(379.26 | 312.00) [ 0 2 3 28 51 ]
(533.62 | 313.93) [ 0 6 5 31 27 51 ]
(557.04 | 313.53) [ 0 15 10 18 26 40 43 51 ]
(436.23 | 309.35) [ 0 22 25 20 47 50 45 51 ]


4422.42
(225.30 | 245.30) [ 0 16 30 51 ]
(526.14 | -460.60) [ 0 15 21 18 46 40 43 51 ]
(483.81 | -86.90) [ 0 22 14 47 38 39 51 ]
(603.95 | 06.10) [ 0 17 10 13 7 26 32 35 41 51 ]
(540.69 | 224.15) [ 0 6 5 19 31 27 51 ]
(692.93 | 243.94) [ 0 2 1 4 34 29 42 51 ]
(368.48 | 233.01) [ 0 9 11 20 44 45 36 51 ]
(349.80 | 315.73) [ 0 3 28 51 ]
(471.33 | 303.93) [ 0 25 8 12 24 23 37 50 33 48 49 51 ]


4386.59
(225.30 | 245.30) [ 0 16 30 51 ]
(409.17 | 545.60) [ 0 3 39 51 ]
(564.29 | 133.00) [ 0 4 1 2 27 31 51 ]
(396.36 | 137.42) [ 0 11 12 14 28 36 37 51 ]
(643.23 | 94.50) [ 0 9 17 22 34 29 42 51 ]
(526.14 | 260.17) [ 0 18 21 15 43 40 46 51 ]
(603.66 | 309.52) [ 0 10 7 5 26 32 35 41 51 ]
(390.36 | 294.67) [ 0 20 24 23 13 45 48 49 38 51 ]
(468.08 | 302.88) [ 0 19 25 8 6 44 33 50 47 51 ]


4388.11
(434.82 | 489.79) [ 0 2 39 51 ]
(225.30 | 245.30) [ 0 16 30 51 ]
(567.85 | -344.29) [ 0 5 8 6 27 31 33 51 ]
(392.07 | 161.75) [ 0 4 1 3 28 38 44 51 ]
(398.18 | 247.18) [ 0 12 24 23 11 37 36 48 49 51 ]
(644.50 | 298.21) [ 0 9 19 14 17 34 29 42 51 ]
(436.23 | 298.98) [ 0 22 25 20 47 50 45 51 ]
(603.02 | 300.89) [ 0 13 10 7 26 32 35 41 51 ]
(526.14 | 296.01) [ 0 15 21 18 43 40 46 51 ]


4395.10
(291.44 | 367.66) [ 0 3 30 51 ]
(343.03 | 363.03) [ 0 16 39 51 ]
(385.61 | 239.80) [ 0 19 24 13 20 44 38 49 45 51 ]
(564.29 | 298.62) [ 0 4 1 2 27 31 51 ]
(376.11 | 297.17) [ 0 5 12 25 47 37 51 ]
(526.14 | 263.37) [ 0 18 21 15 46 40 43 51 ]
(481.33 | 277.47) [ 0 6 8 23 11 28 48 33 50 36 51 ]
(603.93 | 292.94) [ 0 7 10 14 41 35 32 26 51 ]
(643.23 | 293.96) [ 0 9 17 22 42 29 34 51 ]


4409.62
(328.48 | -2276.67) [ 0 4 1 2 30 51 ]
(343.03 | 363.03) [ 0 16 39 51 ]
(361.26 | 199.25) [ 0 20 13 10 19 28 38 44 51 ]
(398.18 | 185.48) [ 0 12 24 23 11 37 36 48 49 51 ]
(526.14 | 250.84) [ 0 15 21 18 43 40 46 51 ]
(596.36 | 308.98) [ 0 3 26 32 35 41 51 ]
(443.39 | 276.31) [ 0 5 25 22 47 50 45 51 ]
(568.35 | 300.09) [ 0 6 8 7 31 27 33 51 ]
(644.42 | 310.46) [ 0 17 14 9 42 29 34 51 ]


4398.16
(225.30 | 245.30) [ 0 16 30 51 ]
(409.17 | 429.17) [ 0 3 39 51 ]
(526.14 | 255.58) [ 0 18 21 15 46 40 43 51 ]
(692.93 | 296.91) [ 0 4 1 2 42 29 34 51 ]
(378.61 | 291.02) [ 0 14 13 20 28 38 45 51 ]
(458.02 | 297.89) [ 0 25 24 23 11 17 19 50 48 36 49 44 51 ]
(571.36 | 292.15) [ 0 6 8 9 31 27 33 51 ]
(372.96 | 282.52) [ 0 22 12 47 37 51 ]
(603.66 | 281.92) [ 0 10 7 5 41 35 32 26 51 ]


4392.10
(291.44 | 448.03) [ 0 3 30 51 ]
(343.03 | 669.12) [ 0 16 39 51 ]
(393.35 | 223.73) [ 0 12 23 11 48 36 37 51 ]
(692.93 | 318.49) [ 0 4 1 2 34 29 42 51 ]
(377.02 | 276.99) [ 0 9 19 24 13 28 38 49 44 51 ]
(567.85 | 305.67) [ 0 6 8 5 33 31 27 51 ]
(436.23 | 289.06) [ 0 20 25 22 47 50 45 51 ]
(526.14 | 289.14) [ 0 15 21 18 43 40 46 51 ]
(604.12 | 306.65) [ 0 17 14 10 7 26 32 35 41 51 ]


4374.92
(291.44 | 402.72) [ 0 3 30 51 ]
(343.03 | 363.03) [ 0 16 39 51 ]
(564.29 | -160.45) [ 0 4 1 2 31 27 51 ]
(374.50 | 224.94) [ 0 20 11 13 38 45 36 51 ]
(643.23 | 278.99) [ 0 22 17 9 34 29 42 51 ]
(399.75 | 297.67) [ 0 12 24 14 19 28 44 49 37 51 ]
(526.14 | 271.93) [ 0 18 21 15 46 40 43 51 ]
(603.66 | 305.64) [ 0 10 7 5 26 32 35 41 51 ]
(468.87 | 308.86) [ 0 6 8 25 23 47 50 33 48 51 ]


4382.41
(291.44 | 491.94) [ 0 3 30 51 ]
(343.03 | 363.03) [ 0 16 39 51 ]
(397.67 | 147.11) [ 0 12 6 37 44 28 51 ]
(564.29 | 294.47) [ 0 4 1 2 27 31 51 ]
(644.50 | 279.14) [ 0 17 14 19 9 42 29 34 51 ]
(526.14 | 271.16) [ 0 18 21 15 43 40 46 51 ]
(466.67 | 256.74) [ 0 8 25 23 22 48 33 50 47 51 ]
(385.00 | 272.39) [ 0 20 24 11 13 36 45 49 38 51 ]
(603.66 | 294.09) [ 0 10 7 5 26 32 35 41 51 ]


4373.45
(328.48 | -2048.27) [ 0 2 1 4 30 51 ]
(343.03 | 363.03) [ 0 16 39 51 ]
(567.85 | 280.02) [ 0 6 8 5 31 27 33 51 ]
(435.86 | 302.61) [ 0 25 11 22 36 50 47 51 ]
(398.55 | 295.67) [ 0 23 24 12 20 37 45 48 49 51 ]
(526.14 | 274.42) [ 0 15 21 18 43 40 46 51 ]
(644.50 | 299.37) [ 0 17 14 19 9 42 29 34 51 ]
(366.01 | 303.73) [ 0 3 28 38 44 51 ]
(603.02 | 314.29) [ 0 7 10 13 26 32 35 41 51 ]


4422.34
(225.30 | 245.30) [ 0 16 30 51 ]
(429.54 | 449.54) [ 0 4 39 51 ]
(563.34 | 295.50) [ 0 3 1 2 27 31 51 ]
(611.85 | 292.94) [ 0 5 8 7 10 26 32 35 41 51 ]
(473.56 | 308.75) [ 0 23 24 25 6 38 49 48 33 50 51 ]
(526.14 | 283.24) [ 0 18 21 15 46 40 43 51 ]
(372.96 | 305.14) [ 0 12 22 37 47 51 ]
(644.50 | 307.98) [ 0 9 19 14 17 34 29 42 51 ]
(375.14 | 291.12) [ 0 20 13 11 28 44 45 36 51 ]


4396.64
(409.17 | 214.79) [ 0 3 39 51 ]
(307.80 | -8.81) [ 0 5 15 30 51 ]
(530.23 | -811.93) [ 0 16 26 32 35 41 51 ]
(692.93 | 226.90) [ 0 2 1 4 34 29 42 51 ]
(568.35 | 262.01) [ 0 6 8 7 31 27 33 51 ]
(377.61 | 255.91) [ 0 13 10 24 14 19 28 38 49 44 51 ]
(373.05 | 318.94) [ 0 17 22 12 47 37 51 ]
(442.36 | 316.79) [ 0 20 25 23 11 45 36 48 50 51 ]
(515.15 | 300.49) [ 0 9 21 18 43 40 46 51 ]


4414.01
(343.03 | 363.03) [ 0 16 39 51 ]
(291.44 | 420.89) [ 0 3 30 51 ]
(424.27 | -1313.73) [ 0 6 24 14 19 28 44 49 47 51 ]
(643.23 | 283.25) [ 0 22 17 9 42 29 34 51 ]
(464.64 | 276.19) [ 0 5 8 12 23 37 50 33 48 51 ]
(564.29 | 284.09) [ 0 4 1 2 31 27 51 ]
(526.14 | 246.98) [ 0 18 21 15 43 40 46 51 ]
(602.46 | 312.13) [ 0 10 25 7 26 32 35 41 51 ]
(374.50 | 309.78) [ 0 20 11 13 38 45 36 51 ]


4402.54
(349.80 | 563.88) [ 0 3 28 51 ]
(225.30 | 517.38) [ 0 16 30 51 ]
(565.99 | 255.40) [ 0 19 10 13 5 44 38 42 41 35 51 ]
(564.29 | 290.67) [ 0 4 1 2 27 31 51 ]
(436.23 | 284.80) [ 0 22 25 20 45 50 47 51 ]
(555.93 | 306.09) [ 0 15 17 18 26 40 43 51 ]
(398.18 | 292.51) [ 0 12 24 23 11 37 36 48 49 51 ]
(519.65 | 319.03) [ 0 7 21 14 39 32 46 51 ]
(667.18 | 296.87) [ 0 9 8 6 33 34 29 51 ]


4408.73
(225.30 | 245.30) [ 0 16 30 51 ]
(417.51 | -4935.03) [ 0 9 14 5 39 51 ]
(692.93 | -623.08) [ 0 2 1 4 42 29 34 51 ]
(596.36 | 278.40) [ 0 3 26 32 35 41 51 ]
(568.35 | 312.01) [ 0 6 8 7 33 27 31 51 ]
(526.14 | 297.18) [ 0 15 21 18 46 40 43 51 ]
(404.53 | 294.76) [ 0 22 24 23 11 47 36 48 49 51 ]
(438.34 | 291.79) [ 0 20 25 12 37 50 45 51 ]
(359.26 | 299.79) [ 0 19 17 10 13 28 38 44 51 ]


4430.77
(291.44 | 469.36) [ 0 3 30 51 ]
(589.74 | -382.46) [ 0 16 42 29 34 51 ]
(523.19 | 10.67) [ 0 9 15 43 40 46 51 ]
(564.29 | 289.18) [ 0 4 1 2 31 27 51 ]
(389.03 | 291.64) [ 0 19 17 22 18 28 44 47 51 ]
(374.50 | 299.74) [ 0 20 11 13 36 45 38 51 ]
(423.58 | 321.67) [ 0 6 21 14 39 51 ]
(471.33 | 298.28) [ 0 25 8 12 24 23 37 50 33 48 49 51 ]
(603.66 | 307.01) [ 0 10 7 5 26 32 35 41 51 ]


4411.24
(429.54 | 449.54) [ 0 4 39 51 ]
(404.06 | -1687.06) [ 0 6 12 37 36 28 51 ]
(530.23 | -158.10) [ 0 16 26 32 35 41 51 ]
(297.15 | 248.78) [ 0 5 7 11 30 51 ]
(563.34 | 277.06) [ 0 2 1 3 31 27 51 ]
(649.23 | 273.08) [ 0 9 17 14 10 34 29 42 51 ]
(475.68 | 288.85) [ 0 23 24 8 25 22 47 50 33 48 49 51 ]
(526.14 | 293.56) [ 0 15 21 18 43 40 46 51 ]
(375.87 | 312.39) [ 0 19 13 20 45 38 44 51 ]


4393.45
(291.44 | 282.45) [ 0 3 30 51 ]
(343.03 | 363.03) [ 0 16 39 51 ]
(403.06 | 306.87) [ 0 4 1 2 28 38 44 51 ]
(398.18 | 239.27) [ 0 11 23 24 12 37 36 48 49 51 ]
(567.85 | 301.84) [ 0 6 8 5 27 31 33 51 ]
(603.02 | 316.00) [ 0 13 10 7 26 32 35 41 51 ]
(526.14 | 301.55) [ 0 18 21 15 43 40 46 51 ]
(644.50 | 316.74) [ 0 9 19 14 17 42 29 34 51 ]
(436.23 | 308.89) [ 0 22 25 20 45 50 47 51 ]


4384.71
(225.30 | 245.30) [ 0 16 30 51 ]
(564.29 | 204.43) [ 0 2 1 4 27 31 51 ]
(526.14 | -87.52) [ 0 15 21 18 43 40 46 51 ]
(484.77 | 150.17) [ 0 12 10 14 19 39 44 37 51 ]
(604.74 | 304.03) [ 0 7 6 26 32 35 41 51 ]
(643.23 | 315.06) [ 0 9 17 22 34 29 42 51 ]
(374.50 | 303.28) [ 0 11 13 20 38 45 36 51 ]
(349.80 | 324.03) [ 0 3 28 51 ]
(471.94 | 313.13) [ 0 5 8 25 24 23 47 50 33 48 49 51 ]


4402.72
(435.22 | -1998.03) [ 0 3 1 4 39 51 ]
(317.09 | 317.09) [ 0 2 30 51 ]
(526.14 | -519.37) [ 0 18 21 15 43 40 46 51 ]
(396.03 | 173.48) [ 0 5 24 13 11 28 38 49 36 51 ]
(530.23 | 207.27) [ 0 16 26 32 35 41 51 ]
(445.67 | 167.70) [ 0 25 23 22 19 44 48 50 47 51 ]
(568.35 | 272.10) [ 0 7 8 6 27 31 33 51 ]
(379.57 | 277.36) [ 0 20 12 10 45 37 51 ]
(644.42 | 308.18) [ 0 9 14 17 42 29 34 51 ]


4405.19
(299.12 | -1186.42) [ 0 9 6 30 51 ]
(343.03 | 363.03) [ 0 16 39 51 ]
(681.90 | -104.41) [ 0 1 4 34 29 42 51 ]
(556.71 | 230.38) [ 0 2 3 31 27 51 ]
(487.15 | 274.87) [ 0 19 17 14 23 24 8 25 28 49 33 50 48 44 51 ]
(526.14 | 277.03) [ 0 18 21 15 43 40 46 51 ]
(603.66 | 280.72) [ 0 10 7 5 26 32 35 41 51 ]
(374.50 | 285.68) [ 0 13 11 20 38 45 36 51 ]
(372.96 | 302.35) [ 0 12 22 37 47 51 ]


4419.97
(225.30 | 332.57) [ 0 16 30 51 ]
(420.47 | -625.35) [ 0 2 1 3 28 38 49 45 51 ]
(676.25 | 22.40) [ 0 4 34 29 42 51 ]
(372.96 | 255.75) [ 0 12 22 37 47 51 ]
(602.84 | 244.05) [ 0 7 10 9 41 35 32 26 51 ]
(404.29 | 286.94) [ 0 17 14 13 20 39 51 ]
(478.09 | 267.24) [ 0 19 11 23 24 8 25 36 50 33 48 44 51 ]
(526.14 | 268.40) [ 0 18 21 15 43 40 46 51 ]
(533.62 | 303.72) [ 0 6 5 27 31 51 ]


4444.75
(343.03 | 363.03) [ 0 16 39 51 ]
(317.09 | 537.15) [ 0 2 30 51 ]
(427.88 | 104.77) [ 0 18 13 22 45 50 47 51 ]
(567.85 | 294.18) [ 0 6 8 5 31 27 33 51 ]
(526.82 | 278.18) [ 0 14 15 21 46 40 43 51 ]
(648.25 | 300.66) [ 0 20 17 9 42 29 34 51 ]
(603.58 | 299.90) [ 0 19 10 25 7 26 32 35 41 51 ]
(398.18 | 312.14) [ 0 11 23 24 12 37 36 48 49 51 ]
(392.07 | 302.63) [ 0 4 1 3 44 38 28 51 ]


4375.87
(225.30 | 245.30) [ 0 16 30 51 ]
(409.17 | 429.17) [ 0 3 39 51 ]
(374.67 | 229.67) [ 0 19 10 13 5 44 38 28 51 ]
(398.55 | 190.15) [ 0 23 24 12 20 49 48 45 37 51 ]
(568.35 | 270.86) [ 0 6 8 7 31 27 33 51 ]
(633.41 | 308.25) [ 0 2 1 4 26 32 35 41 51 ]
(644.42 | 292.00) [ 0 17 14 9 34 29 42 51 ]
(526.14 | 306.58) [ 0 18 21 15 46 40 43 51 ]
(435.86 | 307.94) [ 0 25 11 22 47 50 36 51 ]


4397.26
(291.44 | 348.66) [ 0 3 30 51 ]
(343.03 | 363.03) [ 0 16 39 51 ]
(692.93 | 252.85) [ 0 2 1 4 34 29 42 51 ]
(372.64 | 229.39) [ 0 17 14 19 9 37 44 28 51 ]
(540.89 | 243.67) [ 0 12 6 31 27 51 ]
(526.14 | 267.53) [ 0 15 21 18 46 40 43 51 ]
(374.50 | 305.23) [ 0 13 11 20 38 45 36 51 ]
(472.02 | 309.15) [ 0 25 8 24 23 22 47 50 33 48 49 51 ]
(603.66 | 303.85) [ 0 10 7 5 26 32 35 41 51 ]


4391.07
(328.48 | -1861.80) [ 0 2 1 4 30 51 ]
(409.17 | 429.17) [ 0 3 39 51 ]
(530.23 | -898.05) [ 0 16 26 32 35 41 51 ]
(378.55 | 140.39) [ 0 13 11 10 14 36 38 28 51 ]
(643.23 | 167.91) [ 0 9 17 22 34 29 42 51 ]
(387.71 | 262.51) [ 0 20 12 19 37 45 44 51 ]
(535.63 | 310.10) [ 0 7 6 31 27 51 ]
(526.14 | 272.30) [ 0 15 21 18 43 40 46 51 ]
(471.94 | 312.89) [ 0 5 8 25 24 23 47 50 33 48 49 51 ]


4388.58
(349.80 | 512.06) [ 0 3 28 51 ]
(225.30 | 245.30) [ 0 16 30 51 ]
(677.70 | -1107.14) [ 0 2 1 4 35 41 29 42 51 ]
(606.34 | 235.47) [ 0 20 25 9 45 34 50 51 ]
(567.85 | 290.17) [ 0 6 8 5 27 31 33 51 ]
(557.04 | 312.54) [ 0 15 10 18 43 40 26 51 ]
(391.86 | 293.54) [ 0 19 13 11 23 24 44 38 49 48 36 51 ]
(519.65 | 307.52) [ 0 14 21 7 46 32 39 51 ]
(373.05 | 297.48) [ 0 17 22 12 47 37 51 ]


4425.74
(317.49 | -1880.26) [ 0 3 1 4 30 51 ]
(434.82 | 454.82) [ 0 2 39 51 ]
(567.85 | -450.62) [ 0 6 8 5 31 27 33 51 ]
(530.23 | -173.08) [ 0 16 41 35 32 26 51 ]
(392.05 | 251.48) [ 0 7 12 19 37 36 44 51 ]
(386.39 | 288.34) [ 0 10 24 13 20 28 38 49 45 51 ]
(441.66 | 298.32) [ 0 25 23 22 47 50 48 51 ]
(526.14 | 276.85) [ 0 15 21 18 43 40 46 51 ]
(649.12 | 308.72) [ 0 9 17 14 11 34 29 42 51 ]


4392.22
(409.17 | 429.17) [ 0 3 39 51 ]
(300.23 | 231.02) [ 0 14 7 5 30 51 ]
(526.81 | 221.65) [ 0 15 10 21 43 40 46 51 ]
(479.53 | 243.42) [ 0 6 8 25 23 28 44 48 33 50 51 ]
(564.29 | 284.59) [ 0 4 1 2 31 27 51 ]
(385.00 | 242.16) [ 0 11 13 24 20 36 45 49 38 51 ]
(372.96 | 288.23) [ 0 22 12 47 37 51 ]
(643.99 | 297.97) [ 0 9 19 17 18 34 29 42 51 ]
(530.23 | 295.36) [ 0 16 26 32 35 41 51 ]


4451.66
(225.30 | 245.30) [ 0 16 30 51 ]
(648.32 | 175.27) [ 0 9 17 10 5 35 41 29 42 51 ]
(349.80 | 310.56) [ 0 3 28 51 ]
(556.09 | 289.74) [ 0 19 15 18 43 40 26 51 ]
(519.65 | 297.07) [ 0 7 21 14 39 32 46 51 ]
(576.97 | 285.80) [ 0 23 25 8 6 31 50 33 48 51 ]
(697.56 | 309.56) [ 0 2 1 4 27 34 44 51 ]
(385.00 | 294.55) [ 0 20 24 13 11 38 49 45 36 51 ]
(372.96 | 314.43) [ 0 12 22 37 47 51 ]


4392.17
(225.30 | 245.30) [ 0 16 30 51 ]
(409.17 | 708.81) [ 0 3 39 51 ]
(413.27 | 202.74) [ 0 6 22 47 44 28 51 ]
(526.14 | 291.32) [ 0 18 21 15 46 40 43 51 ]
(564.29 | 301.55) [ 0 4 1 2 31 27 51 ]
(603.66 | 287.45) [ 0 10 7 5 26 32 35 41 51 ]
(644.50 | 304.55) [ 0 9 19 14 17 34 29 42 51 ]
(471.33 | 289.47) [ 0 25 8 12 24 23 37 50 33 48 49 51 ]
(374.50 | 307.74) [ 0 20 13 11 36 45 38 51 ]


4373.81
(225.30 | 245.30) [ 0 16 30 51 ]
(409.17 | 477.32) [ 0 3 39 51 ]
(643.23 | 124.98) [ 0 9 17 22 42 29 34 51 ]
(564.29 | 301.40) [ 0 4 1 2 27 31 51 ]
(378.61 | 295.80) [ 0 20 13 14 28 38 45 51 ]
(526.14 | 260.12) [ 0 18 21 15 43 40 46 51 ]
(603.66 | 286.22) [ 0 5 7 10 26 32 35 41 51 ]
(394.53 | 298.32) [ 0 11 12 24 19 37 36 49 44 51 ]
(468.87 | 285.77) [ 0 6 8 25 23 47 50 33 48 51 ]


4391.09
(343.03 | 343.03) [ 0 16 39 51 ]
(291.44 | 464.60) [ 0 3 30 51 ]
(592.61 | -257.21) [ 0 2 1 4 27 31 33 51 ]
(398.18 | 234.80) [ 0 12 24 23 11 49 48 36 37 51 ]
(611.85 | 287.16) [ 0 5 8 7 10 26 32 35 41 51 ]
(526.14 | 271.09) [ 0 18 21 15 43 40 46 51 ]
(445.55 | 306.79) [ 0 6 25 20 45 50 47 51 ]
(359.07 | 295.11) [ 0 19 14 13 28 38 44 51 ]
(643.23 | 302.33) [ 0 9 17 22 42 29 34 51 ]


4399.16
(416.85 | -1033.32) [ 0 6 9 39 51 ]
(225.30 | 245.30) [ 0 16 30 51 ]
(681.90 | 195.76) [ 0 1 4 34 29 42 51 ]
(372.96 | 256.66) [ 0 22 12 47 37 51 ]
(556.71 | 207.62) [ 0 3 2 31 27 51 ]
(481.13 | 283.07) [ 0 19 17 14 23 24 8 25 28 44 49 48 33 50 51 ]
(374.50 | 300.98) [ 0 13 11 20 38 45 36 51 ]
(603.66 | 313.94) [ 0 10 7 5 26 32 35 41 51 ]
(526.14 | 289.01) [ 0 15 21 18 43 40 46 51 ]


4447.11
(225.30 | 245.30) [ 0 16 30 51 ]
(349.80 | 434.83) [ 0 3 28 51 ]
(605.80 | -455.76) [ 0 9 22 24 47 34 49 51 ]
(677.70 | 259.93) [ 0 2 1 4 35 41 29 42 51 ]
(448.35 | 181.74) [ 0 19 23 12 25 37 50 48 44 51 ]
(374.50 | 209.95) [ 0 11 13 20 38 45 36 51 ]
(558.16 | 297.68) [ 0 17 15 10 18 26 40 43 51 ]
(567.85 | 308.28) [ 0 6 8 5 33 27 31 51 ]
(519.65 | 289.35) [ 0 7 21 14 39 32 46 51 ]


4472.30
(327.53 | -1744.80) [ 0 3 1 2 30 51 ]
(397.46 | 397.46) [ 0 14 39 51 ]
(526.14 | -297.94) [ 0 18 21 15 46 40 43 51 ]
(750.26 | -40.13) [ 0 9 17 4 34 29 42 51 ]
(388.89 | 201.93) [ 0 12 13 19 37 44 28 51 ]
(540.62 | 256.04) [ 0 6 5 10 27 31 51 ]
(530.23 | 244.54) [ 0 16 26 32 35 41 51 ]
(434.95 | 278.75) [ 0 23 24 8 7 11 38 49 33 48 36 51 ]
(436.23 | 297.65) [ 0 22 25 20 45 50 47 51 ]


4402.96
(343.03 | 363.03) [ 0 16 39 51 ]
(291.44 | 393.35) [ 0 3 30 51 ]
(392.70 | 233.90) [ 0 19 12 7 37 44 28 51 ]
(526.81 | 183.55) [ 0 21 10 15 43 40 46 51 ]
(645.81 | 288.53) [ 0 9 14 17 18 42 29 34 51 ]
(633.41 | 305.86) [ 0 2 1 4 41 35 32 26 51 ]
(447.41 | 291.52) [ 0 25 24 23 22 47 50 48 49 51 ]
(567.85 | 303.34) [ 0 6 8 5 31 27 33 51 ]
(374.50 | 308.58) [ 0 13 11 20 38 45 36 51 ]


4434.21
(291.44 | 311.44) [ 0 3 30 51 ]
(437.37 | 141.13) [ 0 8 23 10 17 9 28 33 48 37 51 ]
(419.50 | 298.32) [ 0 5 12 14 39 51 ]
(535.63 | 280.53) [ 0 6 7 31 27 51 ]
(526.14 | 291.00) [ 0 15 21 18 43 40 46 51 ]
(436.23 | 287.30) [ 0 22 25 20 47 50 45 51 ]
(692.93 | 300.66) [ 0 2 1 4 34 29 42 51 ]
(530.23 | 274.66) [ 0 16 41 35 32 26 51 ]
(384.75 | 307.78) [ 0 11 13 24 19 44 38 49 36 51 ]


4387.12
(291.44 | 514.88) [ 0 3 30 51 ]
(343.03 | 363.03) [ 0 16 39 51 ]
(633.41 | -638.05) [ 0 2 1 4 26 32 35 41 51 ]
(398.18 | 271.97) [ 0 11 23 24 12 49 48 36 37 51 ]
(439.22 | 257.34) [ 0 5 25 20 45 50 47 51 ]
(526.14 | 250.58) [ 0 15 21 18 43 40 46 51 ]
(568.35 | 301.29) [ 0 7 8 6 33 27 31 51 ]
(649.23 | 296.26) [ 0 10 14 17 9 34 29 42 51 ]
(358.13 | 310.06) [ 0 19 22 13 44 38 28 51 ]


4431.78
(435.22 | -2421.74) [ 0 4 1 3 39 51 ]
(317.09 | 337.09) [ 0 2 30 51 ]
(387.64 | 101.78) [ 0 7 24 13 19 44 49 38 28 51 ]
(654.06 | 300.44) [ 0 9 14 23 10 42 29 34 51 ]
(440.59 | 242.74) [ 0 17 11 25 20 50 48 36 45 51 ]
(526.14 | 269.59) [ 0 18 21 15 46 40 43 51 ]
(530.23 | 251.58) [ 0 16 26 32 35 41 51 ]
(372.96 | 288.13) [ 0 12 22 37 47 51 ]
(567.85 | 287.42) [ 0 6 8 5 33 31 27 51 ]


4394.17
(349.80 | 349.80) [ 0 3 28 51 ]
(225.30 | 245.30) [ 0 16 30 51 ]
(473.32 | -77.77) [ 0 13 14 9 39 38 37 51 ]
(692.93 | 290.95) [ 0 2 1 4 42 29 34 51 ]
(540.89 | 302.63) [ 0 6 12 31 27 51 ]
(603.66 | 288.82) [ 0 10 7 5 41 35 32 26 51 ]
(370.09 | 278.26) [ 0 19 17 11 20 44 45 36 51 ]
(526.14 | 280.61) [ 0 18 21 15 46 40 43 51 ]
(472.02 | 295.76) [ 0 25 8 24 23 22 47 50 33 48 49 51 ]


4387.46
(343.03 | 343.03) [ 0 16 39 51 ]
(291.44 | 562.47) [ 0 3 30 51 ]
(592.61 | -381.11) [ 0 2 1 4 27 31 33 51 ]
(398.18 | 254.75) [ 0 11 23 24 12 37 36 48 49 51 ]
(668.92 | 302.72) [ 0 6 17 9 34 29 42 51 ]
(436.23 | 290.75) [ 0 22 25 20 47 50 45 51 ]
(611.85 | 317.04) [ 0 5 8 7 10 26 32 35 41 51 ]
(526.14 | 294.22) [ 0 18 21 15 46 40 43 51 ]
(359.07 | 315.94) [ 0 13 14 19 44 38 28 51 ]


4398.16
(343.03 | 520.59) [ 0 16 39 51 ]
(307.79 | -5309.89) [ 0 6 8 13 30 51 ]
(592.61 | -346.85) [ 0 2 1 4 33 27 31 51 ]
(644.50 | 287.74) [ 0 9 19 14 17 34 29 42 51 ]
(436.23 | 251.10) [ 0 20 25 22 45 50 47 51 ]
(366.01 | 297.02) [ 0 3 44 38 28 51 ]
(526.14 | 267.85) [ 0 15 21 18 46 40 43 51 ]
(603.66 | 287.97) [ 0 10 7 5 26 32 35 41 51 ]
(398.18 | 286.92) [ 0 12 24 23 11 37 36 48 49 51 ]


