3574.61
(454.22 | -10122.54) [ 0 1 3 23 21 41 ]
(411.48 | -406.52) [ 0 11 19 15 31 28 39 41 ]
(527.46 | -479.62) [ 0 14 2 22 25 34 41 ]
(564.36 | -413.88) [ 0 9 17 10 30 35 29 41 ]
(584.58 | 163.36) [ 0 8 13 12 36 33 32 38 41 ]
(592.88 | 148.39) [ 0 4 6 7 5 26 37 24 41 ]
(299.62 | 166.30) [ 0 16 20 18 40 27 41 ]


3595.55
(454.22 | -704.10) [ 0 1 3 23 21 41 ]
(535.44 | -825.64) [ 0 2 12 39 25 22 41 ]
(349.54 | 60.27) [ 0 5 7 6 4 40 27 41 ]
(562.61 | 74.63) [ 0 15 13 16 18 36 33 35 38 41 ]
(549.37 | 132.68) [ 0 10 20 19 26 37 24 41 ]
(445.05 | 194.28) [ 0 8 17 11 28 31 29 41 ]
(519.33 | 187.09) [ 0 9 14 34 32 30 41 ]


3600.17
(433.24 | -5704.08) [ 0 18 12 8 29 31 28 41 ]
(596.07 | -7607.73) [ 0 11 19 15 33 32 35 41 ]
(454.22 | -8472.77) [ 0 1 3 23 21 41 ]
(493.92 | -6.19) [ 0 9 14 16 13 39 36 34 41 ]
(528.18 | 124.77) [ 0 2 38 30 25 22 41 ]
(301.65 | 75.39) [ 0 10 20 17 40 27 41 ]
(592.88 | 98.94) [ 0 5 7 6 4 26 37 24 41 ]


3513.53
(454.22 | -2921.80) [ 0 1 3 23 21 41 ]
(460.18 | -366.87) [ 0 2 22 25 39 41 ]
(588.65 | 46.99) [ 0 10 12 14 34 32 30 41 ]
(382.93 | 22.81) [ 0 9 19 20 40 27 29 41 ]
(562.61 | -20.95) [ 0 15 13 16 18 36 33 35 38 41 ]
(592.88 | 128.15) [ 0 4 6 7 5 24 37 26 41 ]
(392.07 | 168.20) [ 0 11 17 8 31 28 41 ]


3574.42
(454.22 | -21558.29) [ 0 1 3 23 21 41 ]
(584.21 | -1561.55) [ 0 11 12 20 30 32 34 41 ]
(559.77 | 122.85) [ 0 15 13 19 18 38 35 33 36 41 ]
(305.74 | 19.78) [ 0 17 16 14 40 27 41 ]
(592.88 | 161.93) [ 0 4 6 7 5 24 37 26 41 ]
(460.18 | 201.43) [ 0 2 39 25 22 41 ]
(437.43 | 182.07) [ 0 9 8 10 29 31 28 41 ]


3539.70
(454.22 | -134.11) [ 0 1 3 23 21 41 ]
(592.88 | 33.79) [ 0 4 6 7 5 26 37 24 41 ]
(491.10 | 21.77) [ 0 14 16 17 22 25 34 41 ]
(586.59 | 29.01) [ 0 2 9 29 35 36 41 ]
(293.94 | 05.53) [ 0 20 15 40 27 41 ]
(582.72 | 176.14) [ 0 18 12 13 10 30 33 32 38 41 ]
(418.26 | 163.59) [ 0 8 19 11 39 28 31 41 ]


3630.58
(436.11 | -21719.63) [ 0 20 19 9 23 21 41 ]
(577.33 | -298.07) [ 0 15 13 12 38 32 33 36 41 ]
(546.35 | -253.19) [ 0 17 16 14 35 30 34 41 ]
(322.92 | 137.35) [ 0 3 40 27 41 ]
(467.50 | 177.82) [ 0 1 2 22 25 39 41 ]
(447.48 | 166.45) [ 0 10 8 18 11 29 31 28 41 ]
(592.88 | 188.92) [ 0 4 6 7 5 24 37 26 41 ]


3504.52
(454.22 | -1290.60) [ 0 1 3 21 23 41 ]
(527.46 | 100.03) [ 0 2 14 34 25 22 41 ]
(592.88 | 93.10) [ 0 4 6 7 5 26 37 24 41 ]
(582.72 | 130.36) [ 0 10 13 12 18 30 33 32 38 41 ]
(555.06 | 151.13) [ 0 17 16 9 36 35 29 41 ]
(293.94 | 135.03) [ 0 15 20 40 27 41 ]
(418.26 | 178.08) [ 0 8 19 11 31 28 39 41 ]


3514.73
(454.22 | -27149.67) [ 0 1 3 23 21 41 ]
(509.44 | 103.30) [ 0 2 22 25 34 41 ]
(582.07 | 86.45) [ 0 9 16 13 10 30 33 36 29 41 ]
(418.26 | 138.94) [ 0 8 19 11 39 28 31 41 ]
(574.07 | 165.84) [ 0 18 12 15 35 32 38 41 ]
(592.88 | 124.23) [ 0 4 6 7 5 24 37 26 41 ]
(303.80 | 166.50) [ 0 14 17 20 40 27 41 ]


3611.64
(282.71 | -101.67) [ 0 15 20 40 41 ]
(592.88 | -1967.83) [ 0 5 7 6 4 24 37 26 41 ]
(496.64 | -270.61) [ 0 13 17 12 18 28 38 35 41 ]
(454.22 | 16.46) [ 0 1 3 23 21 41 ]
(646.01 | 04.30) [ 0 2 9 33 32 29 27 41 ]
(462.48 | 222.63) [ 0 8 19 11 31 39 22 41 ]
(516.69 | 141.85) [ 0 14 16 10 25 30 36 34 41 ]


3488.67
(454.22 | -1355.94) [ 0 3 1 23 21 41 ]
(546.00 | -1953.66) [ 0 9 16 18 10 30 36 38 29 41 ]
(584.07 | 149.88) [ 0 12 13 15 35 32 33 41 ]
(509.44 | 183.32) [ 0 2 22 25 34 41 ]
(592.88 | 159.04) [ 0 5 7 6 4 26 37 24 41 ]
(303.80 | 177.03) [ 0 14 17 20 40 27 41 ]
(418.26 | 157.90) [ 0 8 19 11 31 28 39 41 ]


3534.70
(487.02 | -3743.93) [ 0 17 20 10 34 25 22 41 ]
(454.22 | 119.67) [ 0 3 1 23 21 41 ]
(418.26 | 58.30) [ 0 8 19 11 31 28 39 41 ]
(324.07 | 141.43) [ 0 2 40 27 41 ]
(584.07 | 109.43) [ 0 15 13 12 35 32 33 41 ]
(534.18 | 178.91) [ 0 18 16 14 9 30 36 38 29 41 ]
(592.88 | 184.15) [ 0 4 6 7 5 24 37 26 41 ]


3554.07
(454.22 | -391.86) [ 0 1 3 23 21 41 ]
(581.61 | -653.98) [ 0 12 13 20 35 32 33 41 ]
(418.26 | -5.83) [ 0 11 19 8 39 28 31 41 ]
(545.03 | 151.49) [ 0 10 15 17 24 37 26 41 ]
(593.49 | 142.51) [ 0 2 16 18 36 25 22 41 ]
(349.54 | 150.77) [ 0 5 7 6 4 40 27 41 ]
(471.93 | 136.70) [ 0 14 9 29 38 34 30 41 ]


3574.29
(598.12 | -4093.35) [ 0 20 2 22 25 30 41 ]
(454.22 | -108.49) [ 0 1 3 23 21 41 ]
(579.02 | -247.03) [ 0 13 19 12 18 36 33 32 38 41 ]
(469.54 | 128.73) [ 0 9 14 34 35 29 41 ]
(301.68 | 136.67) [ 0 10 15 17 40 27 41 ]
(592.88 | 107.92) [ 0 4 6 7 5 26 37 24 41 ]
(418.84 | 184.75) [ 0 8 11 16 39 28 31 41 ]


3545.74
(574.55 | -10422.14) [ 0 15 13 12 35 32 41 ]
(454.22 | 146.28) [ 0 3 1 23 21 41 ]
(324.07 | 131.27) [ 0 2 27 40 41 ]
(418.26 | 162.90) [ 0 8 19 11 39 28 31 41 ]
(592.88 | 154.03) [ 0 4 6 7 5 24 37 26 41 ]
(532.23 | 170.68) [ 0 17 20 10 30 33 25 22 41 ]
(529.52 | 165.67) [ 0 18 16 14 9 36 34 38 29 41 ]


3609.17
(454.22 | -4324.34) [ 0 1 3 23 21 41 ]
(487.02 | -6789.51) [ 0 10 20 17 22 25 34 41 ]
(646.02 | -4899.28) [ 0 15 2 24 37 26 41 ]
(493.36 | -1469.00) [ 0 14 9 29 35 30 41 ]
(349.54 | 142.23) [ 0 4 6 7 5 40 27 41 ]
(580.76 | 85.96) [ 0 18 13 12 16 36 33 32 38 41 ]
(418.26 | 172.16) [ 0 8 19 11 31 28 39 41 ]


3617.22
(454.22 | -1843.15) [ 0 1 3 23 21 41 ]
(710.94 | -183.31) [ 0 8 2 30 32 29 41 ]
(426.54 | 164.97) [ 0 9 14 22 25 34 41 ]
(592.88 | 163.22) [ 0 4 6 7 5 26 37 24 41 ]
(301.65 | 159.98) [ 0 17 20 10 40 27 41 ]
(562.61 | 187.95) [ 0 15 13 16 18 36 33 35 38 41 ]
(408.38 | 184.12) [ 0 12 19 11 39 28 31 41 ]


3506.53
(584.07 | -134.71) [ 0 15 13 12 35 32 33 41 ]
(418.26 | -162.70) [ 0 8 19 11 31 28 39 41 ]
(546.00 | 232.19) [ 0 9 16 18 10 29 38 36 30 41 ]
(355.77 | 191.46) [ 0 20 7 5 27 40 41 ]
(527.46 | 121.10) [ 0 2 14 22 25 34 41 ]
(454.22 | 90.27) [ 0 3 1 23 21 41 ]
(600.75 | 159.23) [ 0 4 6 17 24 37 26 41 ]


3645.56
(440.09 | -4807.39) [ 0 9 16 19 22 39 41 ]
(454.22 | -2799.22) [ 0 1 3 23 21 41 ]
(630.87 | -2726.65) [ 0 5 15 12 35 32 33 41 ]
(592.66 | -160.32) [ 0 7 6 4 24 37 26 41 ]
(489.95 | 26.62) [ 0 8 17 18 29 38 28 31 41 ]
(313.34 | 81.57) [ 0 11 13 20 10 40 27 41 ]
(544.45 | 68.14) [ 0 14 2 34 36 30 25 41 ]


3547.77
(454.22 | -7039.30) [ 0 1 3 23 21 41 ]
(577.40 | -1898.38) [ 0 15 13 12 30 33 32 38 41 ]
(418.26 | 69.35) [ 0 8 19 11 39 28 31 41 ]
(592.88 | 130.18) [ 0 5 7 6 4 26 37 24 41 ]
(563.66 | 190.65) [ 0 10 16 9 29 35 36 41 ]
(527.46 | 171.83) [ 0 14 2 22 25 34 41 ]
(293.89 | 178.92) [ 0 20 17 18 27 40 41 ]


3550.56
(454.22 | -711.88) [ 0 1 3 23 21 41 ]
(370.93 | 212.08) [ 0 14 9 29 31 28 41 ]
(294.05 | 69.30) [ 0 20 13 12 40 27 41 ]
(592.88 | 23.12) [ 0 5 7 6 4 24 37 26 41 ]
(544.94 | 237.29) [ 0 2 11 19 22 25 39 41 ]
(591.25 | 214.81) [ 0 8 18 16 36 33 32 38 41 ]
(542.29 | 170.74) [ 0 10 15 17 35 30 34 41 ]


3522.03
(454.22 | -17596.74) [ 0 3 1 21 23 41 ]
(442.33 | -2185.73) [ 0 20 13 19 11 39 25 22 41 ]
(444.00 | 148.41) [ 0 9 17 8 28 31 29 41 ]
(324.07 | 171.16) [ 0 2 40 27 41 ]
(576.76 | 106.33) [ 0 18 12 16 36 33 32 38 41 ]
(547.76 | 160.96) [ 0 10 15 14 35 30 34 41 ]
(592.88 | 163.98) [ 0 4 6 7 5 24 37 26 41 ]


3568.91
(454.22 | -10019.93) [ 0 1 3 23 21 41 ]
(509.44 | -917.58) [ 0 2 34 25 22 41 ]
(590.91 | -497.15) [ 0 10 4 20 24 37 26 41 ]
(357.83 | 148.17) [ 0 17 7 6 5 40 27 41 ]
(418.26 | 193.55) [ 0 8 19 11 31 28 39 41 ]
(584.07 | 156.45) [ 0 15 13 12 35 32 33 41 ]
(534.18 | 196.89) [ 0 9 14 16 18 29 38 36 30 41 ]


3597.97
(523.67 | -1680.01) [ 0 1 2 36 25 22 41 ]
(528.32 | -2274.78) [ 0 3 16 13 21 23 41 ]
(293.66 | -24.29) [ 0 20 12 18 27 40 41 ]
(589.24 | 17.76) [ 0 17 15 10 35 32 33 41 ]
(471.93 | 125.72) [ 0 9 14 30 34 38 29 41 ]
(418.26 | 76.40) [ 0 11 19 8 31 28 39 41 ]
(592.88 | 128.86) [ 0 4 6 7 5 24 37 26 41 ]


3561.57
(610.09 | -7542.71) [ 0 2 16 18 22 38 29 41 ]
(454.22 | -775.80) [ 0 1 3 23 21 41 ]
(593.13 | 67.97) [ 0 4 6 10 24 37 26 41 ]
(358.27 | 80.83) [ 0 5 7 20 17 40 27 41 ]
(584.07 | 215.27) [ 0 15 13 12 33 32 35 41 ]
(418.26 | 233.86) [ 0 8 19 11 39 28 31 41 ]
(443.53 | 193.76) [ 0 14 9 25 30 36 34 41 ]


3565.01
(454.22 | -19871.19) [ 0 1 3 23 21 41 ]
(584.07 | -41850.51) [ 0 15 13 12 33 32 35 41 ]
(524.21 | 54.56) [ 0 9 2 31 28 38 29 41 ]
(592.88 | 109.00) [ 0 4 6 7 5 24 37 26 41 ]
(303.80 | 139.95) [ 0 14 17 20 27 40 41 ]
(442.17 | 200.93) [ 0 16 11 19 18 39 25 22 41 ]
(483.66 | 209.87) [ 0 8 10 34 36 30 41 ]


3567.48
(592.88 | -56.14) [ 0 5 7 6 4 24 37 26 41 ]
(454.22 | 58.31) [ 0 3 1 21 23 41 ]
(568.01 | 189.97) [ 0 8 13 16 36 33 35 38 41 ]
(436.71 | 211.80) [ 0 9 17 15 28 31 29 41 ]
(588.65 | 206.45) [ 0 14 12 10 30 32 34 41 ]
(460.18 | 206.00) [ 0 2 39 25 22 41 ]
(306.85 | 164.85) [ 0 18 20 19 11 40 27 41 ]


3538.31
(454.22 | -10479.15) [ 0 1 3 23 21 41 ]
(534.37 | 123.92) [ 0 2 14 22 25 36 41 ]
(418.26 | 170.62) [ 0 8 19 11 39 28 31 41 ]
(589.68 | 193.98) [ 0 10 13 16 18 38 32 33 30 41 ]
(592.88 | 171.85) [ 0 4 6 7 5 24 37 26 41 ]
(293.59 | 179.10) [ 0 12 20 40 27 41 ]
(535.31 | 200.93) [ 0 9 17 15 34 35 29 41 ]


3597.23
(454.22 | -198.40) [ 0 1 3 23 21 41 ]
(592.88 | -358.13) [ 0 4 6 7 5 24 37 26 41 ]
(485.38 | -153.81) [ 0 16 19 17 39 30 36 41 ]
(575.11 | -344.87) [ 0 20 13 12 32 33 28 41 ]
(531.16 | 116.00) [ 0 15 14 9 34 35 29 41 ]
(324.07 | 173.00) [ 0 2 40 27 41 ]
(494.41 | 134.56) [ 0 11 18 8 10 22 25 38 31 41 ]


3507.07
(580.72 | -8740.45) [ 0 16 12 13 18 32 33 36 41 ]
(454.22 | -920.36) [ 0 1 3 23 21 41 ]
(592.88 | 98.34) [ 0 4 6 7 5 26 37 24 41 ]
(418.26 | 137.59) [ 0 8 19 11 39 28 31 41 ]
(528.18 | 171.04) [ 0 2 22 25 30 38 41 ]
(531.16 | 142.54) [ 0 15 14 9 29 35 34 41 ]
(301.65 | 87.01) [ 0 10 20 17 27 40 41 ]


3607.09
(454.22 | -10983.59) [ 0 3 1 23 21 41 ]
(603.80 | -840.05) [ 0 2 16 13 22 36 38 41 ]
(545.40 | -154.07) [ 0 10 17 12 24 37 26 41 ]
(586.35 | -100.57) [ 0 18 20 15 32 33 30 25 41 ]
(349.54 | 110.38) [ 0 5 7 6 4 27 40 41 ]
(418.26 | 139.43) [ 0 8 19 11 39 28 31 41 ]
(469.54 | 135.98) [ 0 9 14 34 35 29 41 ]


3588.95
(522.75 | -5950.84) [ 0 12 3 23 21 41 ]
(543.59 | 56.03) [ 0 17 19 16 24 37 26 41 ]
(418.34 | 115.87) [ 0 8 20 11 31 28 39 41 ]
(523.67 | 121.02) [ 0 2 1 22 25 36 41 ]
(581.52 | 81.07) [ 0 18 13 15 10 30 33 32 38 41 ]
(469.54 | 190.52) [ 0 14 9 29 35 34 41 ]
(349.54 | 183.27) [ 0 4 6 7 5 27 40 41 ]


3572.84
(593.12 | -4232.38) [ 0 17 11 2 34 25 22 41 ]
(410.27 | -241.49) [ 0 8 19 18 39 28 31 41 ]
(537.09 | -197.05) [ 0 16 20 10 30 36 38 29 41 ]
(454.22 | 16.57) [ 0 1 3 23 21 41 ]
(592.88 | -13.68) [ 0 4 6 7 5 24 37 26 41 ]
(241.18 | 158.25) [ 0 14 9 40 27 41 ]
(584.07 | 153.51) [ 0 12 13 15 35 32 33 41 ]


3592.04
(559.15 | -1573.52) [ 0 9 19 15 36 35 29 41 ]
(592.88 | -186.02) [ 0 5 7 6 4 26 37 24 41 ]
(454.22 | 108.06) [ 0 1 3 23 21 41 ]
(464.56 | 117.51) [ 0 8 12 18 28 34 38 41 ]
(305.74 | 144.17) [ 0 14 16 17 40 27 41 ]
(460.18 | 196.28) [ 0 2 39 25 22 41 ]
(595.32 | 171.74) [ 0 11 13 20 10 30 33 32 31 41 ]


3596.77
(418.34 | -459.68) [ 0 8 20 11 31 28 39 41 ]
(550.23 | -324.59) [ 0 10 17 16 24 37 26 41 ]
(526.35 | -237.96) [ 0 3 15 23 21 41 ]
(523.67 | -170.01) [ 0 1 2 36 25 22 41 ]
(579.09 | -212.78) [ 0 13 19 12 18 30 33 32 38 41 ]
(469.54 | 127.84) [ 0 14 9 29 35 34 41 ]
(349.54 | 94.15) [ 0 4 6 7 5 40 27 41 ]


3591.41
(447.96 | -1490.54) [ 0 11 20 8 28 22 41 ]
(454.22 | -153.22) [ 0 1 3 23 21 41 ]
(585.31 | 245.29) [ 0 18 12 13 25 33 32 38 31 41 ]
(493.62 | 256.79) [ 0 10 19 16 36 30 39 41 ]
(342.10 | 149.92) [ 0 2 14 40 27 41 ]
(592.88 | 144.25) [ 0 4 6 7 5 24 37 26 41 ]
(535.31 | 174.72) [ 0 9 17 15 29 35 34 41 ]


3579.64
(454.22 | -4217.88) [ 0 1 3 23 21 41 ]
(460.18 | -567.90) [ 0 2 39 25 22 41 ]
(592.88 | -1076.93) [ 0 5 7 6 4 24 37 26 41 ]
(555.89 | 13.26) [ 0 8 19 11 35 30 34 41 ]
(584.37 | -24.65) [ 0 15 13 16 18 36 33 32 38 41 ]
(430.45 | -236.31) [ 0 12 14 9 29 31 28 41 ]
(301.65 | 66.25) [ 0 17 20 10 40 27 41 ]


3516.51
(454.22 | -3195.19) [ 0 3 1 23 21 41 ]
(471.93 | 232.11) [ 0 9 14 29 38 34 30 41 ]
(418.26 | 64.03) [ 0 11 19 8 31 28 39 41 ]
(593.49 | 118.94) [ 0 18 16 2 22 25 36 41 ]
(592.88 | 157.16) [ 0 4 6 7 5 24 37 26 41 ]
(301.65 | 156.45) [ 0 17 20 10 40 27 41 ]
(584.07 | 165.14) [ 0 15 13 12 35 32 33 41 ]


3536.57
(509.44 | -457.65) [ 0 2 22 25 34 41 ]
(454.22 | -510.89) [ 0 1 3 23 21 41 ]
(554.98 | -489.62) [ 0 9 14 15 30 35 29 41 ]
(418.27 | 167.72) [ 0 8 17 11 31 28 39 41 ]
(592.88 | 149.80) [ 0 4 6 7 5 24 37 26 41 ]
(580.76 | 138.37) [ 0 18 13 12 16 38 32 33 36 41 ]
(306.02 | 141.15) [ 0 10 20 19 27 40 41 ]


3565.64
(454.22 | -3197.58) [ 0 3 1 23 21 41 ]
(460.18 | -11.98) [ 0 2 22 25 39 41 ]
(571.66 | 00.25) [ 0 9 14 19 13 29 34 33 30 41 ]
(498.58 | 128.24) [ 0 8 18 16 28 36 38 41 ]
(592.88 | 33.29) [ 0 4 6 7 5 24 37 26 41 ]
(586.47 | 108.30) [ 0 15 12 11 32 35 31 41 ]
(301.65 | 79.17) [ 0 10 20 17 27 40 41 ]


3619.85
(454.22 | -1738.06) [ 0 1 3 21 23 41 ]
(581.36 | -668.12) [ 0 2 9 26 37 24 41 ]
(588.00 | 43.36) [ 0 16 17 5 10 29 36 30 25 41 ]
(349.31 | 174.89) [ 0 7 6 4 27 40 41 ]
(471.69 | 138.05) [ 0 8 18 14 28 34 38 41 ]
(582.67 | 142.24) [ 0 13 20 15 35 32 33 41 ]
(452.60 | 163.40) [ 0 12 19 11 22 39 31 41 ]


3566.08
(454.22 | -2712.20) [ 0 1 3 21 23 41 ]
(594.26 | -632.00) [ 0 19 5 4 10 26 37 24 41 ]
(516.35 | 50.58) [ 0 2 22 25 36 41 ]
(356.02 | 140.73) [ 0 6 7 20 40 27 41 ]
(531.16 | 167.08) [ 0 9 14 15 29 35 34 41 ]
(575.24 | 133.65) [ 0 13 17 12 18 38 32 33 30 41 ]
(418.84 | 171.71) [ 0 8 11 16 39 28 31 41 ]


3549.68
(454.22 | -3016.69) [ 0 1 3 23 21 41 ]
(541.93 | -1170.99) [ 0 18 19 2 39 25 22 41 ]
(592.88 | 101.24) [ 0 4 6 7 5 24 37 26 41 ]
(471.93 | 82.89) [ 0 14 9 30 34 38 29 41 ]
(502.98 | 147.09) [ 0 8 11 16 28 36 31 41 ]
(584.07 | 164.68) [ 0 15 13 12 35 32 33 41 ]
(301.65 | 178.17) [ 0 10 20 17 27 40 41 ]


3547.63
(544.94 | 18.37) [ 0 2 11 19 22 25 39 41 ]
(562.07 | 119.29) [ 0 15 18 16 36 33 35 38 41 ]
(454.22 | 147.60) [ 0 3 1 23 21 41 ]
(580.20 | 101.46) [ 0 10 17 12 34 32 30 41 ]
(302.39 | 137.74) [ 0 8 13 20 27 40 41 ]
(592.88 | 80.16) [ 0 4 6 7 5 24 37 26 41 ]
(370.93 | 174.54) [ 0 9 14 29 31 28 41 ]


3555.91
(300.24 | -5949.23) [ 0 16 19 17 27 40 41 ]
(454.22 | -4150.76) [ 0 3 1 23 21 41 ]
(582.72 | -11.30) [ 0 10 13 12 18 30 33 32 38 41 ]
(541.81 | 195.40) [ 0 4 6 7 5 36 25 22 41 ]
(567.42 | 185.89) [ 0 2 24 37 26 41 ]
(418.34 | 159.92) [ 0 8 20 11 39 28 31 41 ]
(531.16 | 207.06) [ 0 15 14 9 34 35 29 41 ]


3565.86
(454.22 | -2456.34) [ 0 1 3 21 23 41 ]
(564.61 | 129.29) [ 0 15 13 18 14 36 33 35 38 41 ]
(308.66 | 114.21) [ 0 9 16 19 27 40 41 ]
(460.18 | 195.08) [ 0 2 22 25 39 41 ]
(592.88 | 160.08) [ 0 4 6 7 5 24 37 26 41 ]
(580.20 | 162.82) [ 0 10 17 12 30 32 34 41 ]
(445.12 | 204.94) [ 0 11 20 8 28 31 29 41 ]


3611.84
(454.22 | -885.72) [ 0 1 3 23 21 41 ]
(543.59 | -1071.66) [ 0 16 19 17 24 37 26 41 ]
(594.95 | -907.16) [ 0 2 15 36 25 22 41 ]
(469.54 | 140.84) [ 0 9 14 34 35 29 41 ]
(452.51 | 136.46) [ 0 4 6 7 5 39 28 31 41 ]
(301.92 | 199.20) [ 0 8 20 18 40 27 41 ]
(595.11 | 127.48) [ 0 10 13 12 11 30 33 32 38 41 ]


3524.75
(454.22 | -59326.79) [ 0 1 3 23 21 41 ]
(592.88 | 17.46) [ 0 4 6 7 5 24 37 26 41 ]
(588.31 | 77.51) [ 0 15 13 12 32 33 30 25 41 ]
(599.89 | 85.82) [ 0 2 16 18 22 36 38 41 ]
(469.54 | 152.94) [ 0 14 9 29 35 34 41 ]
(418.26 | 194.78) [ 0 8 19 11 31 28 39 41 ]
(301.65 | 171.35) [ 0 10 20 17 40 27 41 ]


3622.77
(315.17 | -1076.90) [ 0 1 3 40 41 ]
(422.38 | -6279.42) [ 0 18 20 15 21 23 41 ]
(584.82 | -2447.18) [ 0 12 13 8 28 33 32 41 ]
(592.88 | 80.97) [ 0 4 6 7 5 24 37 26 41 ]
(462.24 | 133.77) [ 0 14 9 27 29 35 38 41 ]
(556.04 | 153.14) [ 0 2 11 19 22 39 31 41 ]
(509.23 | 125.82) [ 0 10 17 16 34 36 30 25 41 ]


3567.79
(565.85 | -13818.65) [ 0 13 19 11 16 36 33 35 38 41 ]
(454.22 | -6012.07) [ 0 1 3 23 21 41 ]
(460.18 | -235.67) [ 0 2 39 25 22 41 ]
(432.55 | -130.29) [ 0 9 14 15 29 31 28 41 ]
(301.92 | 126.91) [ 0 8 20 18 40 27 41 ]
(592.88 | 140.28) [ 0 4 6 7 5 24 37 26 41 ]
(580.20 | 175.49) [ 0 10 17 12 34 32 30 41 ]


3621.50
(454.22 | -2599.84) [ 0 1 3 23 21 41 ]
(554.14 | -1388.95) [ 0 6 7 5 10 22 25 30 38 41 ]
(538.94 | -274.13) [ 0 4 19 16 34 36 39 41 ]
(437.92 | -19.93) [ 0 9 14 8 28 31 29 41 ]
(567.42 | 139.46) [ 0 2 24 37 26 41 ]
(594.31 | 53.97) [ 0 11 12 17 13 35 32 33 41 ]
(294.56 | 108.61) [ 0 15 20 18 40 27 41 ]


3591.72
(527.46 | -499.80) [ 0 2 14 34 25 22 41 ]
(543.87 | -696.15) [ 0 15 19 26 37 24 41 ]
(454.22 | -154.55) [ 0 3 1 23 21 41 ]
(562.64 | 18.28) [ 0 9 20 10 30 35 29 41 ]
(349.54 | -53.45) [ 0 4 6 7 5 27 40 41 ]
(418.84 | 12.46) [ 0 8 11 16 31 28 39 41 ]
(575.17 | 140.84) [ 0 18 12 17 13 38 32 33 36 41 ]


3506.60
(538.38 | -4006.69) [ 0 15 16 9 34 35 29 41 ]
(454.22 | -8716.74) [ 0 1 3 23 21 41 ]
(516.35 | 128.69) [ 0 2 22 25 36 41 ]
(418.26 | 31.43) [ 0 8 19 11 39 28 31 41 ]
(303.80 | -1.97) [ 0 14 17 20 27 40 41 ]
(592.88 | 134.51) [ 0 5 7 6 4 24 37 26 41 ]
(582.72 | 140.05) [ 0 10 13 12 18 30 33 32 38 41 ]


3549.23
(454.22 | -963.09) [ 0 1 3 23 21 41 ]
(604.57 | -369.80) [ 0 9 12 17 36 32 29 41 ]
(527.46 | 134.81) [ 0 14 2 34 25 22 41 ]
(409.04 | 82.28) [ 0 19 11 16 39 28 31 41 ]
(559.76 | 158.00) [ 0 18 13 15 10 30 33 35 38 41 ]
(592.88 | 200.97) [ 0 4 6 7 5 26 37 24 41 ]
(301.30 | 197.56) [ 0 8 20 40 27 41 ]


3620.62
(510.62 | -9017.16) [ 0 1 2 39 38 22 41 ]
(529.12 | -3223.15) [ 0 3 19 18 21 23 41 ]
(432.70 | 139.13) [ 0 12 16 11 28 31 29 41 ]
(301.65 | 90.25) [ 0 10 20 17 40 27 41 ]
(590.11 | 178.05) [ 0 8 15 13 35 32 33 41 ]
(443.53 | 179.27) [ 0 14 9 25 30 36 34 41 ]
(592.88 | 162.91) [ 0 4 6 7 5 24 37 26 41 ]


3654.79
(421.41 | -4992.71) [ 0 12 20 21 23 41 ]
(649.24 | -454.07) [ 0 10 5 7 11 18 38 32 33 30 41 ]
(410.93 | 37.77) [ 0 19 13 8 31 28 39 41 ]
(558.60 | -89.74) [ 0 9 16 15 36 35 29 41 ]
(600.75 | -64.62) [ 0 4 6 17 24 37 26 41 ]
(326.39 | 75.94) [ 0 1 3 40 27 41 ]
(527.46 | 182.95) [ 0 2 14 22 25 34 41 ]


3653.80
(603.03 | -5124.27) [ 0 10 6 19 24 37 26 41 ]
(592.55 | -9195.06) [ 0 15 13 12 30 32 33 25 41 ]
(459.22 | -281.12) [ 0 1 2 21 23 41 ]
(355.91 | -345.87) [ 0 4 7 5 20 40 27 41 ]
(595.28 | 205.23) [ 0 3 16 18 22 36 38 41 ]
(469.54 | 189.78) [ 0 14 9 29 35 34 41 ]
(418.27 | 173.68) [ 0 8 17 11 39 28 31 41 ]


3574.23
(499.07 | -312.51) [ 0 10 20 16 36 25 22 41 ]
(454.22 | -310.69) [ 0 3 1 23 21 41 ]
(403.39 | 119.23) [ 0 2 17 13 27 40 41 ]
(469.54 | 196.00) [ 0 14 9 29 35 34 41 ]
(418.26 | 172.25) [ 0 8 19 11 39 28 31 41 ]
(592.88 | 181.19) [ 0 5 7 6 4 26 37 24 41 ]
(576.88 | 174.58) [ 0 18 12 15 30 33 32 38 41 ]


3524.62
(454.22 | -80.24) [ 0 3 1 23 21 41 ]
(509.44 | 117.69) [ 0 2 22 25 34 41 ]
(592.88 | 32.97) [ 0 4 6 7 5 24 37 26 41 ]
(580.76 | 13.20) [ 0 16 12 13 18 36 33 32 38 41 ]
(559.14 | 126.36) [ 0 9 17 15 30 35 29 41 ]
(418.26 | 131.22) [ 0 8 19 11 39 28 31 41 ]
(309.93 | 208.47) [ 0 14 20 10 40 27 41 ]


3544.26
(454.22 | -347.96) [ 0 3 1 23 21 41 ]
(595.95 | -284.23) [ 0 15 12 11 35 32 33 41 ]
(527.46 | 84.96) [ 0 2 14 34 25 22 41 ]
(592.88 | 132.23) [ 0 5 7 6 4 24 37 26 41 ]
(539.10 | 109.74) [ 0 10 13 16 18 30 36 38 29 41 ]
(410.27 | 208.92) [ 0 8 19 39 28 31 41 ]
(304.39 | 180.11) [ 0 9 17 20 40 27 41 ]


3559.28
(454.22 | -3538.22) [ 0 1 3 23 21 41 ]
(592.88 | 124.04) [ 0 5 7 6 4 24 37 26 41 ]
(576.25 | 127.80) [ 0 2 30 35 29 41 ]
(492.52 | 121.86) [ 0 14 15 10 22 25 34 41 ]
(418.26 | 177.03) [ 0 8 19 11 31 28 39 41 ]
(304.39 | 154.63) [ 0 9 17 20 27 40 41 ]
(580.76 | 160.05) [ 0 16 12 13 18 36 33 32 38 41 ]


3601.42
(545.03 | -3106.10) [ 0 17 15 10 26 37 24 41 ]
(586.45 | -432.78) [ 0 2 20 5 39 25 22 41 ]
(454.22 | 106.58) [ 0 1 3 23 21 41 ]
(445.61 | 110.75) [ 0 16 11 8 28 31 29 41 ]
(579.02 | 59.27) [ 0 13 19 12 18 38 32 33 36 41 ]
(349.31 | 154.09) [ 0 4 6 7 40 27 41 ]
(481.79 | 144.11) [ 0 9 14 35 30 34 41 ]


3608.51
(485.94 | -15497.79) [ 0 20 12 18 36 25 22 41 ]
(454.22 | -488.94) [ 0 1 3 23 21 41 ]
(301.68 | 73.67) [ 0 17 15 10 40 27 41 ]
(592.88 | -22.14) [ 0 4 6 7 5 24 37 26 41 ]
(686.00 | 129.21) [ 0 2 16 13 30 33 32 38 41 ]
(418.26 | 141.38) [ 0 8 19 11 31 28 39 41 ]
(469.54 | 198.33) [ 0 14 9 29 35 34 41 ]


3548.96
(454.22 | -1612.99) [ 0 1 3 23 21 41 ]
(576.69 | -351.20) [ 0 12 16 36 33 32 38 41 ]
(547.76 | 112.70) [ 0 10 15 14 35 30 34 41 ]
(592.88 | 162.81) [ 0 4 6 7 5 24 37 26 41 ]
(445.05 | 192.44) [ 0 8 17 11 28 31 29 41 ]
(434.34 | 175.55) [ 0 20 13 19 18 39 25 22 41 ]
(338.01 | 155.17) [ 0 9 2 40 27 41 ]


3586.20
(454.22 | -17868.33) [ 0 1 3 23 21 41 ]
(596.17 | -472.48) [ 0 2 11 16 36 25 22 41 ]
(560.80 | -677.65) [ 0 10 15 17 30 33 35 38 41 ]
(592.88 | -916.16) [ 0 4 6 7 5 24 37 26 41 ]
(537.54 | 147.90) [ 0 14 9 34 32 29 41 ]
(293.66 | 155.51) [ 0 20 12 18 27 40 41 ]
(410.93 | 188.64) [ 0 8 13 19 39 28 31 41 ]


3589.08
(454.22 | -1201.42) [ 0 1 3 23 21 41 ]
(406.40 | -1345.85) [ 0 12 8 31 28 39 41 ]
(471.93 | -493.28) [ 0 14 9 30 34 38 29 41 ]
(596.17 | 62.62) [ 0 2 11 16 22 25 36 41 ]
(589.24 | 89.97) [ 0 10 15 17 35 32 33 41 ]
(592.88 | 106.96) [ 0 4 6 7 5 24 37 26 41 ]
(298.24 | 118.46) [ 0 18 19 13 20 40 27 41 ]


3566.52
(556.02 | -12779.15) [ 0 16 5 4 10 25 30 36 34 41 ]
(454.22 | -2207.80) [ 0 1 3 23 21 41 ]
(585.05 | 120.62) [ 0 2 19 18 39 38 22 41 ]
(600.87 | 41.92) [ 0 17 7 6 26 37 24 41 ]
(584.07 | 117.02) [ 0 15 13 12 35 32 33 41 ]
(241.18 | 189.18) [ 0 14 9 40 27 41 ]
(445.12 | 184.30) [ 0 8 20 11 28 31 29 41 ]


3519.09
(497.14 | -1363.28) [ 0 17 16 14 34 36 30 41 ]
(550.27 | 123.67) [ 0 2 9 29 38 25 22 41 ]
(592.88 | 70.67) [ 0 4 6 7 5 24 37 26 41 ]
(419.21 | 151.30) [ 0 10 19 11 18 39 28 31 41 ]
(454.22 | 104.92) [ 0 1 3 23 21 41 ]
(301.30 | 154.09) [ 0 8 20 40 27 41 ]
(584.07 | 104.03) [ 0 15 13 12 35 32 33 41 ]


3524.62
(592.88 | -3909.96) [ 0 4 6 7 5 24 37 26 41 ]
(509.44 | -1009.36) [ 0 2 34 25 22 41 ]
(454.22 | -498.29) [ 0 1 3 23 21 41 ]
(580.76 | 52.25) [ 0 16 12 13 18 38 32 33 36 41 ]
(559.14 | 96.33) [ 0 9 17 15 29 35 30 41 ]
(309.93 | 92.53) [ 0 14 20 10 27 40 41 ]
(418.26 | 153.83) [ 0 11 19 8 31 28 39 41 ]


3559.07
(431.62 | -5014.29) [ 0 14 17 20 23 21 41 ]
(559.72 | -600.43) [ 0 9 15 10 30 35 29 41 ]
(509.44 | 186.33) [ 0 2 22 25 34 41 ]
(418.26 | 120.80) [ 0 8 19 11 39 28 31 41 ]
(326.39 | 153.44) [ 0 1 3 27 40 41 ]
(592.88 | 151.02) [ 0 5 7 6 4 24 37 26 41 ]
(580.76 | 166.48) [ 0 16 12 13 18 36 33 32 38 41 ]


3630.72
(459.22 | -272.58) [ 0 1 2 21 23 41 ]
(464.61 | -193.60) [ 0 3 9 29 31 28 41 ]
(592.66 | 39.93) [ 0 4 6 7 26 37 24 41 ]
(554.17 | 72.78) [ 0 15 20 13 38 35 33 36 41 ]
(303.75 | 43.73) [ 0 8 17 18 27 40 41 ]
(487.66 | 134.73) [ 0 16 11 19 5 22 25 39 41 ]
(588.65 | 154.34) [ 0 10 12 14 34 32 30 41 ]


3555.14
(580.35 | -124804.07) [ 0 16 12 13 32 33 36 41 ]
(504.68 | -6303.94) [ 0 18 15 8 38 30 25 22 41 ]
(592.88 | -1057.52) [ 0 4 6 7 5 26 37 24 41 ]
(454.22 | -289.34) [ 0 1 3 23 21 41 ]
(511.81 | -1.94) [ 0 2 11 19 39 28 31 41 ]
(301.65 | -17.98) [ 0 17 20 10 40 27 41 ]
(469.54 | 170.59) [ 0 14 9 29 35 34 41 ]


3551.86
(454.22 | -1448.69) [ 0 1 3 23 21 41 ]
(469.54 | 32.91) [ 0 9 14 34 35 29 41 ]
(418.26 | -102.26) [ 0 8 19 11 31 28 39 41 ]
(402.19 | -19.04) [ 0 2 20 40 27 41 ]
(592.88 | -48.88) [ 0 4 6 7 5 24 37 26 41 ]
(493.95 | 60.58) [ 0 10 15 17 22 25 36 41 ]
(580.83 | -2.03) [ 0 16 12 13 18 38 32 33 30 41 ]


3541.71
(454.22 | -20201.17) [ 0 1 3 23 21 41 ]
(538.92 | -925.62) [ 0 9 14 8 29 38 34 30 41 ]
(516.35 | 88.74) [ 0 2 22 25 36 41 ]
(592.88 | 115.55) [ 0 5 7 6 4 24 37 26 41 ]
(408.48 | 118.19) [ 0 11 19 17 18 31 28 39 41 ]
(306.79 | 74.06) [ 0 10 20 16 40 27 41 ]
(584.07 | 70.27) [ 0 15 13 12 35 32 33 41 ]


3614.59
(545.00 | -11833.20) [ 0 17 20 10 26 37 24 41 ]
(560.93 | -1601.66) [ 0 1 2 22 33 30 41 ]
(574.07 | -155.93) [ 0 18 12 15 35 32 38 41 ]
(418.26 | -90.92) [ 0 8 19 11 31 28 39 41 ]
(478.47 | -120.68) [ 0 9 14 25 36 34 29 41 ]
(528.32 | 93.11) [ 0 3 16 13 21 23 41 ]
(349.54 | 181.25) [ 0 5 7 6 4 40 27 41 ]


3573.62
(509.44 | 203.26) [ 0 2 22 25 34 41 ]
(454.22 | 31.69) [ 0 1 3 23 21 41 ]
(303.80 | 12.20) [ 0 14 17 20 40 27 41 ]
(592.88 | -101.78) [ 0 5 7 6 4 24 37 26 41 ]
(582.05 | 92.39) [ 0 16 19 13 18 36 33 32 38 41 ]
(411.36 | 163.64) [ 0 15 12 11 39 28 31 41 ]
(559.87 | 148.84) [ 0 9 8 10 30 35 29 41 ]


3576.73
(454.22 | -5381.27) [ 0 1 3 23 21 41 ]
(550.30 | -5278.03) [ 0 9 17 15 24 37 26 41 ]
(597.13 | -377.69) [ 0 12 16 36 32 29 41 ]
(527.46 | 117.13) [ 0 14 2 34 25 22 41 ]
(418.26 | 131.03) [ 0 8 19 11 39 28 31 41 ]
(349.54 | 112.05) [ 0 5 7 6 4 40 27 41 ]
(559.83 | 175.31) [ 0 10 20 13 18 30 33 35 38 41 ]


3559.47
(605.64 | -79733.41) [ 0 12 16 9 29 32 36 41 ]
(454.22 | -1020.83) [ 0 1 3 21 23 41 ]
(509.44 | 156.16) [ 0 2 22 25 34 41 ]
(592.88 | 102.47) [ 0 4 6 7 5 24 37 26 41 ]
(562.01 | 113.92) [ 0 10 8 13 18 38 35 33 30 41 ]
(303.80 | 91.83) [ 0 14 17 20 27 40 41 ]
(411.48 | 137.63) [ 0 11 19 15 39 28 31 41 ]


3614.41
(454.22 | -321.13) [ 0 1 3 23 21 41 ]
(592.88 | -634.71) [ 0 4 6 7 5 26 37 24 41 ]
(444.09 | -14.78) [ 0 10 20 19 28 39 25 41 ]
(578.49 | -182.69) [ 0 15 13 12 30 33 32 31 41 ]
(599.89 | 104.39) [ 0 2 16 18 22 36 38 41 ]
(315.30 | 174.37) [ 0 8 17 11 40 27 41 ]
(469.54 | 164.52) [ 0 14 9 34 35 29 41 ]


3562.31
(454.22 | -181.83) [ 0 1 3 23 21 41 ]
(641.33 | -63.16) [ 0 4 6 7 5 32 33 30 25 41 ]
(294.05 | -48.39) [ 0 20 13 12 40 27 41 ]
(469.54 | 164.98) [ 0 14 9 29 35 34 41 ]
(418.26 | 226.75) [ 0 8 19 11 31 28 39 41 ]
(599.89 | 229.28) [ 0 2 16 18 38 36 22 41 ]
(545.03 | 211.55) [ 0 10 15 17 24 37 26 41 ]


3602.01
(454.22 | -40.43) [ 0 1 3 23 21 41 ]
(546.15 | -523.08) [ 0 9 14 15 24 37 26 41 ]
(477.34 | 38.08) [ 0 8 19 11 28 34 31 41 ]
(580.76 | -105.14) [ 0 18 13 12 16 36 33 32 38 41 ]
(553.84 | 07.38) [ 0 10 20 17 30 35 29 41 ]
(460.18 | 197.14) [ 0 2 39 25 22 41 ]
(349.54 | 201.73) [ 0 5 7 6 4 40 27 41 ]


3570.83
(454.22 | -19659.51) [ 0 1 3 23 21 41 ]
(592.88 | -410.44) [ 0 4 6 7 5 26 37 24 41 ]
(471.93 | -601.25) [ 0 14 9 30 34 38 29 41 ]
(301.65 | 12.61) [ 0 10 20 17 40 27 41 ]
(488.22 | 76.93) [ 0 18 12 16 36 25 22 41 ]
(511.81 | 176.50) [ 0 2 11 19 39 28 31 41 ]
(590.11 | 196.39) [ 0 8 15 13 35 32 33 41 ]


3554.71
(634.58 | -2426.04) [ 0 2 16 13 36 33 22 41 ]
(590.68 | -1164.19) [ 0 10 17 12 38 32 30 25 41 ]
(592.88 | 27.28) [ 0 4 6 7 5 26 37 24 41 ]
(454.22 | 72.79) [ 0 1 3 23 21 41 ]
(294.56 | 44.77) [ 0 15 20 18 40 27 41 ]
(418.26 | 170.51) [ 0 8 19 11 31 28 39 41 ]
(469.54 | 202.23) [ 0 9 14 29 35 34 41 ]


3561.57
(444.61 | -9760.84) [ 0 11 19 15 39 25 22 41 ]
(454.22 | 56.23) [ 0 1 3 21 23 41 ]
(471.85 | -52.92) [ 0 2 14 29 31 28 41 ]
(532.86 | 229.82) [ 0 10 8 34 30 35 41 ]
(580.76 | 140.04) [ 0 18 13 12 16 38 32 33 36 41 ]
(304.39 | 185.95) [ 0 9 17 20 40 27 41 ]
(592.88 | 193.98) [ 0 4 6 7 5 24 37 26 41 ]


3531.65
(454.22 | -37199.07) [ 0 3 1 23 21 41 ]
(519.94 | 146.95) [ 0 9 14 19 18 29 38 25 22 41 ]
(324.07 | 206.19) [ 0 2 27 40 41 ]
(592.88 | 134.57) [ 0 4 6 7 5 26 37 24 41 ]
(418.27 | 244.90) [ 0 8 17 11 31 28 39 41 ]
(584.07 | 161.57) [ 0 15 13 12 35 32 33 41 ]
(498.19 | 164.38) [ 0 16 20 10 30 36 34 41 ]


3533.01
(454.22 | -824.75) [ 0 1 3 23 21 41 ]
(583.55 | 134.64) [ 0 12 19 11 34 32 30 41 ]
(437.92 | 152.01) [ 0 9 14 8 28 31 29 41 ]
(460.18 | 177.80) [ 0 2 22 25 39 41 ]
(301.65 | 137.14) [ 0 10 20 17 40 27 41 ]
(562.61 | 93.92) [ 0 15 13 16 18 36 33 35 38 41 ]
(592.88 | 188.20) [ 0 4 6 7 5 26 37 24 41 ]


3571.57
(454.22 | -7982.02) [ 0 1 3 23 21 41 ]
(541.29 | -8467.17) [ 0 8 2 28 22 41 ]
(516.15 | -1126.52) [ 0 16 11 19 13 31 36 25 39 41 ]
(294.56 | 153.72) [ 0 18 20 15 40 27 41 ]
(469.54 | 172.35) [ 0 14 9 29 35 34 41 ]
(582.93 | -16.97) [ 0 12 17 10 38 32 33 30 41 ]
(592.88 | 160.15) [ 0 4 6 7 5 24 37 26 41 ]


3542.24
(567.42 | -147.99) [ 0 2 24 37 26 41 ]
(454.22 | 68.43) [ 0 3 1 23 21 41 ]
(349.54 | 100.78) [ 0 4 6 7 5 40 27 41 ]
(436.34 | 137.01) [ 0 17 19 16 22 25 39 41 ]
(574.48 | 95.51) [ 0 18 12 20 36 33 32 38 41 ]
(547.76 | 130.57) [ 0 10 15 14 34 30 35 41 ]
(452.48 | 178.97) [ 0 9 11 13 8 28 31 29 41 ]


3545.43
(454.22 | -17986.95) [ 0 1 3 23 21 41 ]
(544.94 | -1704.10) [ 0 2 11 19 39 25 22 41 ]
(580.76 | -988.69) [ 0 18 13 12 16 36 33 32 38 41 ]
(481.79 | 133.23) [ 0 9 14 35 30 34 41 ]
(600.75 | 105.85) [ 0 4 6 17 26 37 24 41 ]
(356.28 | 108.44) [ 0 10 5 7 20 40 27 41 ]
(426.70 | 218.26) [ 0 8 15 29 31 28 41 ]


3588.50
(597.79 | -3585.41) [ 0 10 13 12 25 33 32 30 41 ]
(536.70 | -169.04) [ 0 2 9 22 36 38 41 ]
(454.22 | -220.41) [ 0 3 1 21 23 41 ]
(305.74 | 145.20) [ 0 14 16 17 40 27 41 ]
(418.26 | 163.75) [ 0 8 19 11 31 28 39 41 ]
(592.88 | 207.36) [ 0 4 6 7 5 26 37 24 41 ]
(522.92 | 197.65) [ 0 18 20 15 29 35 34 41 ]


3515.91
(454.22 | -1063.05) [ 0 3 1 23 21 41 ]
(324.07 | 181.79) [ 0 2 40 27 41 ]
(582.72 | 150.04) [ 0 10 13 12 18 30 33 32 38 41 ]
(418.34 | 195.32) [ 0 8 20 11 39 28 31 41 ]
(531.16 | 215.46) [ 0 15 14 9 29 35 34 41 ]
(592.88 | 196.46) [ 0 4 6 7 5 24 37 26 41 ]
(492.52 | 200.03) [ 0 16 19 17 36 25 22 41 ]


3558.52
(454.22 | -3504.73) [ 0 1 3 23 21 41 ]
(492.52 | -982.10) [ 0 16 19 17 36 25 22 41 ]
(592.88 | -563.03) [ 0 4 6 7 5 24 37 26 41 ]
(402.19 | 133.55) [ 0 2 20 27 40 41 ]
(471.93 | 199.35) [ 0 14 9 29 38 34 30 41 ]
(420.71 | 143.58) [ 0 11 18 8 10 39 28 31 41 ]
(584.07 | 95.76) [ 0 12 13 15 35 32 33 41 ]


3587.87
(474.12 | -681.97) [ 0 9 2 39 25 22 41 ]
(454.22 | -201.67) [ 0 1 3 23 21 41 ]
(549.09 | -168.95) [ 0 14 16 17 26 37 24 41 ]
(426.70 | 137.72) [ 0 8 15 29 31 28 41 ]
(587.58 | 107.24) [ 0 11 12 13 18 38 32 33 36 41 ]
(546.63 | 166.54) [ 0 10 20 19 35 30 34 41 ]
(349.54 | 173.94) [ 0 5 7 6 4 40 27 41 ]


3529.16
(528.18 | -1294.27) [ 0 2 22 25 30 38 41 ]
(586.47 | -498.16) [ 0 15 12 11 32 35 31 41 ]
(454.22 | -314.63) [ 0 1 3 23 21 41 ]
(570.97 | 131.98) [ 0 13 16 14 9 29 34 33 36 41 ]
(592.88 | 155.92) [ 0 4 6 7 5 24 37 26 41 ]
(394.78 | 193.85) [ 0 8 19 18 28 39 41 ]
(301.65 | 185.55) [ 0 17 20 10 40 27 41 ]


3527.76
(454.22 | -861.21) [ 0 1 3 23 21 41 ]
(542.29 | -323.64) [ 0 10 15 17 35 30 34 41 ]
(424.80 | -301.14) [ 0 8 11 14 31 28 39 41 ]
(580.76 | -555.09) [ 0 16 12 13 18 36 33 32 38 41 ]
(382.93 | -4.79) [ 0 9 19 20 40 27 29 41 ]
(592.88 | 149.54) [ 0 4 6 7 5 26 37 24 41 ]
(449.89 | 193.15) [ 0 2 25 22 41 ]


3557.10
(454.22 | -511.25) [ 0 1 3 23 21 41 ]
(549.09 | -520.96) [ 0 16 19 10 34 30 35 41 ]
(441.60 | 196.21) [ 0 9 14 11 17 29 31 28 41 ]
(460.18 | 217.00) [ 0 2 22 25 39 41 ]
(592.88 | 202.40) [ 0 4 6 7 5 26 37 24 41 ]
(584.58 | 225.20) [ 0 8 13 12 36 33 32 38 41 ]
(294.56 | 160.01) [ 0 18 20 15 40 27 41 ]


3500.14
(550.27 | -723.88) [ 0 9 2 22 25 38 29 41 ]
(584.07 | -785.89) [ 0 12 13 15 35 32 33 41 ]
(592.88 | 07.66) [ 0 4 6 7 5 24 37 26 41 ]
(454.22 | 42.97) [ 0 1 3 23 21 41 ]
(498.29 | 142.76) [ 0 10 17 16 34 36 30 41 ]
(418.26 | 134.59) [ 0 8 19 11 31 28 39 41 ]
(302.16 | 159.17) [ 0 14 18 20 40 27 41 ]


3564.25
(441.93 | -208.30) [ 0 17 19 10 22 25 39 41 ]
(572.01 | -1244.45) [ 0 1 2 35 30 34 41 ]
(450.75 | 74.80) [ 0 3 21 23 41 ]
(308.00 | 54.39) [ 0 11 20 15 27 40 41 ]
(437.92 | 87.81) [ 0 9 14 8 28 31 29 41 ]
(592.88 | 158.53) [ 0 4 6 7 5 26 37 24 41 ]
(580.76 | 148.53) [ 0 16 12 13 18 38 32 33 36 41 ]


3532.45
(454.22 | -8906.22) [ 0 1 3 23 21 41 ]
(559.87 | -591.72) [ 0 9 8 10 29 35 30 41 ]
(509.44 | 133.03) [ 0 2 34 25 22 41 ]
(580.76 | 23.36) [ 0 16 12 13 18 36 33 32 38 41 ]
(592.88 | 74.20) [ 0 4 6 7 5 24 37 26 41 ]
(411.48 | 123.86) [ 0 11 19 15 39 28 31 41 ]
(303.80 | 105.40) [ 0 20 17 14 40 27 41 ]


3540.44
(454.22 | -14854.58) [ 0 1 3 23 21 41 ]
(528.18 | 149.36) [ 0 2 38 30 25 22 41 ]
(592.88 | 116.50) [ 0 4 6 7 5 24 37 26 41 ]
(584.07 | 169.43) [ 0 15 13 12 35 32 33 41 ]
(301.65 | 142.83) [ 0 17 20 10 40 27 41 ]
(493.83 | 172.28) [ 0 18 19 14 9 39 36 34 41 ]
(445.61 | 212.45) [ 0 8 11 16 28 31 29 41 ]


