2775.82
(277.19 | 311.71) [ 0 3 18 31 ]
(291.20 | 311.20) [ 0 9 20 31 ]
(440.58 | 264.78) [ 0 13 14 12 27 28 29 31 ]
(746.28 | 184.68) [ 0 10 11 6 26 21 25 31 ]
(518.88 | 240.99) [ 0 7 5 8 15 22 16 23 31 ]
(421.68 | 268.77) [ 0 2 4 1 19 24 17 30 31 ]


2827.97
(394.96 | -1049.98) [ 0 6 1 20 31 ]
(277.19 | 241.32) [ 0 3 18 31 ]
(440.58 | 238.33) [ 0 12 14 13 27 28 29 31 ]
(518.88 | 275.62) [ 0 7 5 8 15 23 16 22 31 ]
(683.29 | 280.70) [ 0 10 9 11 25 21 26 31 ]
(413.06 | 271.89) [ 0 2 4 19 24 17 30 31 ]


2796.30
(277.19 | 337.60) [ 0 3 18 31 ]
(291.20 | 291.20) [ 0 9 20 31 ]
(733.04 | 123.56) [ 0 14 11 6 26 21 29 31 ]
(474.31 | 252.67) [ 0 13 12 10 25 28 27 31 ]
(421.68 | 274.47) [ 0 1 4 2 30 17 24 19 31 ]
(518.88 | 278.08) [ 0 7 5 8 15 22 16 23 31 ]


2801.49
(277.19 | 292.69) [ 0 3 18 31 ]
(286.64 | 286.64) [ 0 10 20 31 ]
(421.68 | 241.56) [ 0 1 4 2 19 24 17 30 31 ]
(524.17 | 232.43) [ 0 9 15 8 7 22 16 23 31 ]
(440.58 | 182.45) [ 0 12 14 13 27 28 29 31 ]
(751.22 | 270.12) [ 0 5 6 11 26 21 25 31 ]


2775.82
(277.19 | 277.19) [ 0 3 18 31 ]
(291.20 | 311.20) [ 0 9 20 31 ]
(440.58 | 220.69) [ 0 13 14 12 29 28 27 31 ]
(746.28 | 245.44) [ 0 10 11 6 26 21 25 31 ]
(518.88 | 234.47) [ 0 7 5 8 15 23 16 22 31 ]
(421.68 | 259.19) [ 0 2 4 1 19 24 17 30 31 ]


2785.89
(277.19 | 472.25) [ 0 3 18 31 ]
(344.27 | 364.27) [ 0 6 20 31 ]
(518.88 | 127.73) [ 0 15 8 5 7 23 16 22 31 ]
(421.68 | 232.26) [ 0 1 4 2 19 24 17 30 31 ]
(683.29 | 254.00) [ 0 11 9 10 26 21 25 31 ]
(440.58 | 248.89) [ 0 13 14 12 29 28 27 31 ]


2816.39
(389.25 | -77.52) [ 0 6 18 31 ]
(408.78 | 172.75) [ 0 1 3 23 16 22 31 ]
(361.42 | 239.08) [ 0 15 8 5 7 20 31 ]
(683.29 | 262.37) [ 0 11 9 10 26 21 25 31 ]
(413.06 | 280.39) [ 0 4 2 19 24 17 30 31 ]
(440.58 | 271.58) [ 0 13 14 12 27 28 29 31 ]


2803.54
(291.20 | 311.20) [ 0 9 20 31 ]
(277.19 | 443.70) [ 0 3 18 31 ]
(748.57 | 59.95) [ 0 5 6 10 26 21 25 31 ]
(440.58 | 259.48) [ 0 12 14 13 29 28 27 31 ]
(421.68 | 276.48) [ 0 1 4 2 19 24 17 30 31 ]
(524.32 | 240.75) [ 0 7 8 15 11 23 16 22 31 ]


2796.94
(277.19 | 218.05) [ 0 3 18 31 ]
(428.63 | 94.81) [ 0 13 23 16 22 31 ]
(746.28 | 270.13) [ 0 6 11 10 25 21 26 31 ]
(361.42 | 230.80) [ 0 7 5 8 15 20 31 ]
(423.81 | 239.76) [ 0 14 9 12 29 24 27 31 ]
(459.61 | 251.64) [ 0 1 4 2 19 28 17 30 31 ]


2775.82
(277.19 | 441.11) [ 0 3 18 31 ]
(291.20 | 536.03) [ 0 9 20 31 ]
(421.68 | 29.62) [ 0 2 4 1 19 24 17 30 31 ]
(440.58 | 242.47) [ 0 12 14 13 29 28 27 31 ]
(746.28 | 283.44) [ 0 6 11 10 26 21 25 31 ]
(518.88 | 261.93) [ 0 15 8 5 7 22 16 23 31 ]


2822.92
(277.19 | 277.19) [ 0 3 18 31 ]
(294.12 | 314.12) [ 0 15 20 31 ]
(514.48 | 222.63) [ 0 8 6 9 22 16 23 31 ]
(754.88 | 187.39) [ 0 7 5 11 10 26 21 25 31 ]
(440.58 | 244.07) [ 0 12 14 13 27 28 29 31 ]
(421.68 | 260.72) [ 0 2 4 1 19 24 17 30 31 ]


2825.91
(401.83 | -2582.84) [ 0 1 5 7 20 31 ]
(683.29 | -119.36) [ 0 10 9 11 25 21 26 31 ]
(509.96 | 208.05) [ 0 15 6 8 22 16 23 31 ]
(440.58 | 288.22) [ 0 13 14 12 27 28 29 31 ]
(413.06 | 293.13) [ 0 4 2 19 24 17 30 31 ]
(277.19 | 264.51) [ 0 3 18 31 ]


2776.94
(277.19 | 277.19) [ 0 3 18 31 ]
(271.16 | 291.16) [ 0 13 20 31 ]
(518.88 | 168.57) [ 0 15 8 5 7 22 16 23 31 ]
(423.81 | 251.96) [ 0 12 9 14 29 24 27 31 ]
(459.61 | 246.01) [ 0 1 4 2 19 28 17 30 31 ]
(746.28 | 256.29) [ 0 6 11 10 25 21 26 31 ]


2775.82
(277.19 | 277.19) [ 0 3 18 31 ]
(291.20 | 291.20) [ 0 9 20 31 ]
(746.28 | 261.80) [ 0 6 11 10 26 21 25 31 ]
(440.58 | 227.88) [ 0 12 14 13 29 28 27 31 ]
(421.68 | 228.92) [ 0 2 4 1 19 24 17 30 31 ]
(518.88 | 226.15) [ 0 7 5 8 15 23 16 22 31 ]


2776.94
(277.19 | 277.19) [ 0 3 18 31 ]
(271.16 | 291.16) [ 0 13 20 31 ]
(423.81 | 204.82) [ 0 14 9 12 29 24 27 31 ]
(459.61 | 261.18) [ 0 2 4 1 19 28 17 30 31 ]
(518.88 | 269.95) [ 0 7 5 8 15 22 16 23 31 ]
(746.28 | 290.79) [ 0 10 11 6 26 21 25 31 ]


2793.59
(277.19 | 393.88) [ 0 3 18 31 ]
(745.44 | -328.26) [ 0 6 11 25 21 26 31 ]
(440.58 | 150.69) [ 0 12 14 13 29 28 27 31 ]
(485.26 | 206.19) [ 0 4 2 9 10 19 24 17 30 31 ]
(246.24 | 240.94) [ 0 1 20 31 ]
(518.88 | 250.52) [ 0 7 5 8 15 22 16 23 31 ]


2756.23
(277.19 | 277.19) [ 0 3 18 31 ]
(513.29 | -15.70) [ 0 7 5 8 23 16 22 31 ]
(746.28 | 149.97) [ 0 6 11 10 26 21 25 31 ]
(246.24 | 196.00) [ 0 1 20 31 ]
(440.58 | 246.09) [ 0 13 14 12 27 28 29 31 ]
(492.65 | 257.03) [ 0 4 2 9 15 19 24 17 30 31 ]


2775.82
(277.19 | 277.19) [ 0 3 18 31 ]
(291.20 | 311.20) [ 0 9 20 31 ]
(746.28 | 269.35) [ 0 6 11 10 26 21 25 31 ]
(421.68 | 273.72) [ 0 2 4 1 19 24 17 30 31 ]
(518.88 | 251.64) [ 0 15 8 5 7 23 16 22 31 ]
(440.58 | 262.86) [ 0 12 14 13 27 28 29 31 ]


2776.71
(277.19 | 317.43) [ 0 3 18 31 ]
(733.04 | -1986.39) [ 0 6 11 14 26 21 29 31 ]
(513.29 | 87.15) [ 0 8 5 7 22 16 23 31 ]
(474.31 | 228.95) [ 0 10 12 13 27 28 25 31 ]
(246.24 | 232.07) [ 0 1 20 31 ]
(492.65 | 266.51) [ 0 4 2 9 15 30 17 24 19 31 ]


2805.32
(354.86 | -1300.08) [ 0 6 5 7 20 31 ]
(277.19 | 277.19) [ 0 3 18 31 ]
(556.33 | -34.29) [ 0 8 15 1 23 16 22 31 ]
(683.29 | 283.76) [ 0 11 9 10 25 21 26 31 ]
(440.58 | 252.93) [ 0 12 14 13 27 28 29 31 ]
(413.06 | 278.64) [ 0 4 2 19 24 17 30 31 ]


2827.97
(394.96 | -941.73) [ 0 6 1 20 31 ]
(518.88 | 232.94) [ 0 7 5 8 15 23 16 22 31 ]
(277.19 | 275.48) [ 0 3 18 31 ]
(440.58 | 245.26) [ 0 13 14 12 27 28 29 31 ]
(683.29 | 284.00) [ 0 11 9 10 25 21 26 31 ]
(413.06 | 254.97) [ 0 4 2 19 24 17 30 31 ]


2841.56
(336.19 | 356.19) [ 0 9 18 31 ]
(355.58 | -3339.74) [ 0 5 6 15 20 31 ]
(623.24 | -640.39) [ 0 3 25 21 26 31 ]
(440.58 | 111.60) [ 0 12 14 13 27 28 29 31 ]
(524.30 | 248.90) [ 0 10 11 8 7 22 16 23 31 ]
(421.68 | 246.92) [ 0 2 4 1 19 24 17 30 31 ]


2776.94
(271.16 | 271.16) [ 0 13 20 31 ]
(423.81 | 193.50) [ 0 12 9 14 29 24 27 31 ]
(746.28 | 250.61) [ 0 6 11 10 26 21 25 31 ]
(518.88 | 327.24) [ 0 7 5 8 15 23 16 22 31 ]
(277.19 | 265.29) [ 0 3 18 31 ]
(459.61 | 263.10) [ 0 2 4 1 19 28 17 30 31 ]


2799.76
(277.19 | 350.88) [ 0 3 18 31 ]
(423.05 | 74.86) [ 0 13 27 28 29 31 ]
(361.20 | 246.49) [ 0 5 15 9 14 20 31 ]
(513.36 | 172.34) [ 0 7 8 6 22 16 23 31 ]
(683.29 | 260.43) [ 0 10 11 12 25 21 26 31 ]
(421.68 | 276.46) [ 0 1 4 2 19 24 17 30 31 ]


2819.03
(683.29 | 154.26) [ 0 11 10 26 21 25 31 ]
(352.22 | 202.06) [ 0 6 12 20 31 ]
(277.19 | 276.61) [ 0 3 18 31 ]
(445.77 | 295.87) [ 0 13 14 9 29 28 27 31 ]
(421.68 | 256.54) [ 0 2 4 1 19 24 17 30 31 ]
(518.88 | 257.92) [ 0 7 5 8 15 22 16 23 31 ]


2805.89
(232.20 | 252.20) [ 0 3 20 31 ]
(389.25 | 409.25) [ 0 6 18 31 ]
(683.29 | 38.99) [ 0 10 9 11 26 21 25 31 ]
(440.58 | 276.55) [ 0 12 14 13 29 28 27 31 ]
(421.68 | 270.67) [ 0 2 4 1 19 24 17 30 31 ]
(518.88 | 253.80) [ 0 15 8 5 7 22 16 23 31 ]


2785.89
(277.19 | 277.19) [ 0 3 18 31 ]
(344.27 | 364.27) [ 0 6 20 31 ]
(683.29 | 224.73) [ 0 11 9 10 25 21 26 31 ]
(440.58 | 225.25) [ 0 13 14 12 29 28 27 31 ]
(518.88 | 228.05) [ 0 7 5 8 15 22 16 23 31 ]
(421.68 | 265.25) [ 0 2 4 1 19 24 17 30 31 ]


2812.84
(277.19 | 277.19) [ 0 3 18 31 ]
(682.45 | -1359.78) [ 0 11 26 21 25 31 ]
(354.86 | 122.04) [ 0 7 5 6 20 31 ]
(511.16 | 132.50) [ 0 8 15 9 10 19 24 17 30 31 ]
(440.58 | 232.11) [ 0 13 14 12 29 28 27 31 ]
(426.59 | 265.81) [ 0 1 4 2 22 16 23 31 ]


2785.89
(277.19 | 398.01) [ 0 3 18 31 ]
(344.27 | 344.27) [ 0 6 20 31 ]
(440.58 | 218.37) [ 0 13 14 12 29 28 27 31 ]
(683.29 | 155.11) [ 0 11 9 10 26 21 25 31 ]
(518.88 | 242.16) [ 0 15 8 5 7 23 16 22 31 ]
(421.68 | 268.47) [ 0 2 4 1 19 24 17 30 31 ]


2798.04
(277.19 | 277.19) [ 0 3 18 31 ]
(271.16 | 291.16) [ 0 13 20 31 ]
(742.80 | 89.51) [ 0 10 15 6 26 21 25 31 ]
(523.47 | 158.85) [ 0 11 8 5 7 23 16 22 31 ]
(423.81 | 269.80) [ 0 12 9 14 29 24 27 31 ]
(459.61 | 278.59) [ 0 2 4 1 19 28 17 30 31 ]


2775.82
(277.19 | 277.19) [ 0 3 18 31 ]
(291.20 | 311.20) [ 0 9 20 31 ]
(746.28 | 155.60) [ 0 6 11 10 26 21 25 31 ]
(518.88 | 161.45) [ 0 15 8 5 7 23 16 22 31 ]
(440.58 | 254.38) [ 0 13 14 12 27 28 29 31 ]
(421.68 | 265.40) [ 0 2 4 1 19 24 17 30 31 ]


2888.38
(246.24 | 139.10) [ 0 1 20 31 ]
(359.44 | 359.44) [ 0 14 13 29 31 ]
(548.38 | -869.69) [ 0 3 12 15 5 30 17 27 18 31 ]
(417.67 | 274.19) [ 0 4 2 28 24 19 31 ]
(683.29 | 260.04) [ 0 11 9 10 26 21 25 31 ]
(513.36 | 209.35) [ 0 7 8 6 23 16 22 31 ]


2785.89
(344.27 | 344.27) [ 0 6 20 31 ]
(277.19 | 346.65) [ 0 3 18 31 ]
(440.58 | -71.36) [ 0 12 14 13 29 28 27 31 ]
(518.88 | 181.47) [ 0 15 8 5 7 22 16 23 31 ]
(421.68 | 258.92) [ 0 2 4 1 19 24 17 30 31 ]
(683.29 | 269.01) [ 0 11 9 10 25 21 26 31 ]


2785.89
(277.19 | 277.19) [ 0 3 18 31 ]
(344.27 | 364.27) [ 0 6 20 31 ]
(440.58 | -4183.97) [ 0 13 14 12 29 28 27 31 ]
(518.88 | 101.49) [ 0 7 5 8 15 23 16 22 31 ]
(683.29 | 241.55) [ 0 11 9 10 26 21 25 31 ]
(421.68 | 267.66) [ 0 1 4 2 19 24 17 30 31 ]


2821.93
(747.64 | -2668.37) [ 0 13 10 8 26 21 25 31 ]
(354.86 | 18.59) [ 0 7 5 6 20 31 ]
(445.89 | 276.21) [ 0 14 11 12 27 28 29 31 ]
(277.19 | 264.09) [ 0 3 18 31 ]
(492.65 | 270.11) [ 0 4 2 9 15 30 17 24 19 31 ]
(403.70 | 263.19) [ 0 1 22 16 23 31 ]


2827.97
(394.96 | -954.11) [ 0 1 6 20 31 ]
(518.88 | 121.03) [ 0 7 5 8 15 23 16 22 31 ]
(683.29 | 194.72) [ 0 11 9 10 26 21 25 31 ]
(440.58 | 272.26) [ 0 13 14 12 27 28 29 31 ]
(413.06 | 264.81) [ 0 4 2 19 24 17 30 31 ]
(277.19 | 287.37) [ 0 3 18 31 ]


2827.97
(394.96 | -1217.23) [ 0 6 1 20 31 ]
(683.29 | 323.19) [ 0 10 9 11 26 21 25 31 ]
(277.19 | 236.85) [ 0 3 18 31 ]
(440.58 | 243.47) [ 0 12 14 13 27 28 29 31 ]
(518.88 | 242.68) [ 0 15 8 5 7 22 16 23 31 ]
(413.06 | 276.29) [ 0 4 2 19 24 17 30 31 ]


2791.02
(281.22 | 301.22) [ 0 12 20 31 ]
(445.77 | 156.87) [ 0 13 14 9 27 28 29 31 ]
(421.68 | 259.08) [ 0 1 4 2 19 24 17 30 31 ]
(746.28 | 221.63) [ 0 10 11 6 25 21 26 31 ]
(277.19 | 272.67) [ 0 3 18 31 ]
(518.88 | 255.51) [ 0 15 8 5 7 22 16 23 31 ]


2825.91
(401.83 | -1567.63) [ 0 1 5 7 20 31 ]
(509.96 | 277.46) [ 0 8 6 15 22 16 23 31 ]
(277.19 | 265.19) [ 0 3 18 31 ]
(683.29 | 274.14) [ 0 10 9 11 25 21 26 31 ]
(413.06 | 273.76) [ 0 4 2 19 24 17 30 31 ]
(440.58 | 261.58) [ 0 12 14 13 27 28 29 31 ]


2785.89
(344.27 | -79.18) [ 0 6 20 31 ]
(277.19 | 236.61) [ 0 3 18 31 ]
(421.68 | 256.32) [ 0 2 4 1 19 24 17 30 31 ]
(683.29 | 277.75) [ 0 11 9 10 26 21 25 31 ]
(440.58 | 271.23) [ 0 13 14 12 29 28 27 31 ]
(518.88 | 276.87) [ 0 7 5 8 15 22 16 23 31 ]


2785.89
(277.19 | 400.73) [ 0 3 18 31 ]
(344.27 | 364.27) [ 0 6 20 31 ]
(683.29 | 121.76) [ 0 11 9 10 25 21 26 31 ]
(440.58 | 127.20) [ 0 13 14 12 27 28 29 31 ]
(421.68 | 218.49) [ 0 2 4 1 19 24 17 30 31 ]
(518.88 | 250.09) [ 0 15 8 5 7 23 16 22 31 ]


2827.97
(394.96 | -676.20) [ 0 6 1 20 31 ]
(277.19 | 237.42) [ 0 3 18 31 ]
(683.29 | 249.93) [ 0 11 9 10 26 21 25 31 ]
(440.58 | 226.83) [ 0 12 14 13 27 28 29 31 ]
(413.06 | 273.50) [ 0 4 2 19 24 17 30 31 ]
(518.88 | 280.28) [ 0 15 8 5 7 22 16 23 31 ]


2825.29
(277.19 | 239.98) [ 0 3 18 31 ]
(344.72 | -140.50) [ 0 7 20 31 ]
(421.81 | 255.59) [ 0 1 4 23 16 22 31 ]
(492.24 | 242.04) [ 0 2 12 10 15 27 17 30 25 31 ]
(449.47 | 251.91) [ 0 13 11 9 28 24 19 31 ]
(739.86 | 237.19) [ 0 5 8 6 14 26 21 29 31 ]


2785.89
(344.27 | 344.27) [ 0 6 20 31 ]
(277.19 | 447.46) [ 0 3 18 31 ]
(421.68 | 260.87) [ 0 2 4 1 19 24 17 30 31 ]
(440.58 | 225.09) [ 0 12 14 13 27 28 29 31 ]
(683.29 | 251.50) [ 0 10 9 11 25 21 26 31 ]
(518.88 | 269.66) [ 0 7 5 8 15 23 16 22 31 ]


2785.89
(277.19 | 277.19) [ 0 3 18 31 ]
(344.27 | 364.27) [ 0 6 20 31 ]
(683.29 | 299.63) [ 0 11 9 10 26 21 25 31 ]
(440.58 | 246.66) [ 0 12 14 13 27 28 29 31 ]
(518.88 | 274.45) [ 0 15 8 5 7 22 16 23 31 ]
(421.68 | 249.85) [ 0 2 4 1 19 24 17 30 31 ]


2805.89
(389.25 | 409.25) [ 0 6 18 31 ]
(518.88 | 276.02) [ 0 15 8 5 7 22 16 23 31 ]
(440.58 | 280.09) [ 0 12 14 13 27 28 29 31 ]
(683.29 | 281.33) [ 0 10 9 11 26 21 25 31 ]
(421.68 | 252.79) [ 0 2 4 1 19 24 17 30 31 ]
(232.20 | 261.63) [ 0 3 20 31 ]


2775.82
(277.19 | 256.95) [ 0 3 18 31 ]
(291.20 | 311.20) [ 0 9 20 31 ]
(746.28 | 98.38) [ 0 6 11 10 26 21 25 31 ]
(440.58 | 266.73) [ 0 13 14 12 27 28 29 31 ]
(518.88 | 288.30) [ 0 15 8 5 7 23 16 22 31 ]
(421.68 | 263.84) [ 0 1 4 2 19 24 17 30 31 ]


2827.97
(394.96 | -749.26) [ 0 6 1 20 31 ]
(277.19 | 322.42) [ 0 3 18 31 ]
(683.29 | 204.42) [ 0 11 9 10 25 21 26 31 ]
(413.06 | 278.37) [ 0 4 2 19 24 17 30 31 ]
(518.88 | 270.28) [ 0 15 8 5 7 22 16 23 31 ]
(440.58 | 267.96) [ 0 12 14 13 27 28 29 31 ]


2795.82
(277.19 | 80.38) [ 0 3 18 31 ]
(448.66 | 177.17) [ 0 9 23 16 22 31 ]
(746.28 | 256.83) [ 0 10 11 6 26 21 25 31 ]
(440.58 | 227.11) [ 0 13 14 12 27 28 29 31 ]
(421.68 | 261.35) [ 0 2 4 1 19 24 17 30 31 ]
(361.42 | 262.47) [ 0 15 8 5 7 20 31 ]


2775.82
(291.20 | 381.63) [ 0 9 20 31 ]
(518.88 | 185.67) [ 0 7 5 8 15 22 16 23 31 ]
(746.28 | 270.28) [ 0 6 11 10 25 21 26 31 ]
(277.19 | 255.39) [ 0 3 18 31 ]
(440.58 | 230.45) [ 0 12 14 13 27 28 29 31 ]
(421.68 | 270.20) [ 0 2 4 1 19 24 17 30 31 ]


2776.94
(271.16 | 291.16) [ 0 13 20 31 ]
(423.81 | 152.06) [ 0 14 9 12 27 24 29 31 ]
(746.28 | 196.77) [ 0 6 11 10 26 21 25 31 ]
(518.88 | 158.57) [ 0 7 5 8 15 22 16 23 31 ]
(459.61 | 273.95) [ 0 1 4 2 19 28 17 30 31 ]
(277.19 | 281.17) [ 0 3 18 31 ]


2805.89
(389.25 | 389.25) [ 0 6 18 31 ]
(232.20 | 213.20) [ 0 3 20 31 ]
(683.29 | 291.05) [ 0 11 9 10 26 21 25 31 ]
(440.58 | 290.99) [ 0 12 14 13 29 28 27 31 ]
(518.88 | 270.08) [ 0 15 8 5 7 22 16 23 31 ]
(421.68 | 268.76) [ 0 2 4 1 19 24 17 30 31 ]


2805.89
(389.25 | 409.25) [ 0 6 18 31 ]
(421.68 | 168.01) [ 0 2 4 1 19 24 17 30 31 ]
(683.29 | 285.52) [ 0 11 9 10 26 21 25 31 ]
(518.88 | 250.26) [ 0 15 8 5 7 22 16 23 31 ]
(232.20 | 235.46) [ 0 3 20 31 ]
(440.58 | 226.25) [ 0 13 14 12 27 28 29 31 ]


2782.55
(349.85 | -560.14) [ 0 5 7 20 31 ]
(509.96 | 175.71) [ 0 15 6 8 23 16 22 31 ]
(440.58 | 163.14) [ 0 12 14 13 27 28 29 31 ]
(683.29 | 175.78) [ 0 11 9 10 25 21 26 31 ]
(277.19 | 246.35) [ 0 3 18 31 ]
(421.68 | 204.22) [ 0 2 4 1 19 24 17 30 31 ]


2776.94
(271.16 | 291.16) [ 0 13 20 31 ]
(277.19 | 277.19) [ 0 3 18 31 ]
(423.81 | 219.17) [ 0 12 9 14 29 24 27 31 ]
(746.28 | 194.40) [ 0 10 11 6 25 21 26 31 ]
(518.88 | 233.68) [ 0 7 5 8 15 23 16 22 31 ]
(459.61 | 250.66) [ 0 1 4 2 19 28 17 30 31 ]


2840.62
(394.96 | -1034.87) [ 0 6 1 20 31 ]
(413.06 | -151.86) [ 0 4 2 19 24 17 30 31 ]
(440.58 | 195.36) [ 0 12 14 13 29 28 27 31 ]
(277.19 | 213.49) [ 0 3 18 31 ]
(523.38 | 245.05) [ 0 7 5 8 9 23 16 22 31 ]
(691.44 | 270.56) [ 0 10 11 15 26 21 25 31 ]


2800.11
(277.19 | 663.30) [ 0 3 18 31 ]
(440.58 | -13678.35) [ 0 13 14 12 27 28 29 31 ]
(551.30 | -1266.93) [ 0 4 2 9 5 30 17 24 19 31 ]
(246.24 | 148.11) [ 0 1 20 31 ]
(513.36 | 126.18) [ 0 7 8 6 23 16 22 31 ]
(691.44 | 267.58) [ 0 10 11 15 26 21 25 31 ]


2785.89
(344.27 | 344.27) [ 0 6 20 31 ]
(277.19 | 439.37) [ 0 3 18 31 ]
(421.68 | -191.56) [ 0 1 4 2 30 17 24 19 31 ]
(683.29 | 210.98) [ 0 11 9 10 25 21 26 31 ]
(440.58 | 234.09) [ 0 12 14 13 27 28 29 31 ]
(518.88 | 259.28) [ 0 7 5 8 15 22 16 23 31 ]


2775.82
(277.19 | 277.19) [ 0 3 18 31 ]
(291.20 | 311.20) [ 0 9 20 31 ]
(746.28 | 194.32) [ 0 6 11 10 26 21 25 31 ]
(518.88 | 272.34) [ 0 15 8 5 7 22 16 23 31 ]
(440.58 | 255.31) [ 0 12 14 13 27 28 29 31 ]
(421.68 | 265.89) [ 0 1 4 2 30 17 24 19 31 ]


2780.96
(277.19 | 392.21) [ 0 3 18 31 ]
(271.16 | 291.16) [ 0 13 20 31 ]
(445.77 | -1160.28) [ 0 14 9 12 29 28 27 31 ]
(746.28 | 253.73) [ 0 6 11 10 25 21 26 31 ]
(518.88 | 246.88) [ 0 7 5 8 15 23 16 22 31 ]
(421.68 | 262.26) [ 0 1 4 2 19 24 17 30 31 ]


2775.82
(277.19 | 277.19) [ 0 3 18 31 ]
(291.20 | 311.20) [ 0 9 20 31 ]
(746.28 | -15.40) [ 0 6 11 10 26 21 25 31 ]
(518.88 | 285.33) [ 0 15 8 5 7 23 16 22 31 ]
(440.58 | 251.86) [ 0 12 14 13 29 28 27 31 ]
(421.68 | 239.21) [ 0 1 4 2 19 24 17 30 31 ]


2805.89
(389.25 | 409.25) [ 0 6 18 31 ]
(232.20 | 252.20) [ 0 3 20 31 ]
(683.29 | -7.67) [ 0 11 9 10 25 21 26 31 ]
(440.58 | 201.43) [ 0 12 14 13 29 28 27 31 ]
(518.88 | 253.21) [ 0 7 5 8 15 23 16 22 31 ]
(421.68 | 267.32) [ 0 2 4 1 19 24 17 30 31 ]


2796.82
(428.32 | 436.96) [ 0 13 28 24 19 31 ]
(365.91 | 57.85) [ 0 9 8 5 7 20 31 ]
(733.04 | 209.98) [ 0 6 11 14 26 21 29 31 ]
(277.19 | 277.75) [ 0 3 18 31 ]
(465.77 | 306.34) [ 0 15 10 12 25 30 17 27 31 ]
(426.59 | 271.74) [ 0 2 4 1 23 16 22 31 ]


2785.89
(344.27 | 364.27) [ 0 6 20 31 ]
(277.19 | 364.80) [ 0 3 18 31 ]
(683.29 | 257.42) [ 0 11 9 10 26 21 25 31 ]
(421.68 | 244.82) [ 0 2 4 1 19 24 17 30 31 ]
(518.88 | 245.42) [ 0 15 8 5 7 22 16 23 31 ]
(440.58 | 268.74) [ 0 12 14 13 27 28 29 31 ]


2800.96
(428.63 | -3810.60) [ 0 13 23 16 22 31 ]
(421.68 | -2159.89) [ 0 2 4 1 19 24 17 30 31 ]
(746.28 | 199.16) [ 0 6 11 10 25 21 26 31 ]
(445.77 | 293.64) [ 0 12 9 14 27 28 29 31 ]
(277.19 | 281.63) [ 0 3 18 31 ]
(361.42 | 306.20) [ 0 15 8 5 7 20 31 ]


2797.04
(277.19 | 277.19) [ 0 3 18 31 ]
(291.42 | 311.42) [ 0 11 20 31 ]
(742.80 | 225.89) [ 0 6 15 10 25 21 26 31 ]
(523.38 | 233.92) [ 0 9 8 5 7 22 16 23 31 ]
(421.68 | 270.06) [ 0 2 4 1 19 24 17 30 31 ]
(440.58 | 259.68) [ 0 12 14 13 27 28 29 31 ]


2801.49
(286.64 | 306.64) [ 0 10 20 31 ]
(277.19 | 522.53) [ 0 3 18 31 ]
(524.17 | 00.27) [ 0 7 8 15 9 22 16 23 31 ]
(421.68 | 74.11) [ 0 2 4 1 19 24 17 30 31 ]
(751.22 | 228.72) [ 0 11 6 5 26 21 25 31 ]
(440.58 | 254.99) [ 0 13 14 12 29 28 27 31 ]


2775.82
(291.20 | 311.20) [ 0 9 20 31 ]
(277.19 | 422.47) [ 0 3 18 31 ]
(746.28 | -1059.50) [ 0 10 11 6 26 21 25 31 ]
(440.58 | 249.22) [ 0 13 14 12 27 28 29 31 ]
(421.68 | 269.84) [ 0 2 4 1 19 24 17 30 31 ]
(518.88 | 250.35) [ 0 7 5 8 15 22 16 23 31 ]


2775.82
(277.19 | 384.38) [ 0 3 18 31 ]
(291.20 | 311.20) [ 0 9 20 31 ]
(746.28 | 225.09) [ 0 10 11 6 25 21 26 31 ]
(421.68 | 246.99) [ 0 2 4 1 19 24 17 30 31 ]
(440.58 | 247.60) [ 0 12 14 13 27 28 29 31 ]
(518.88 | 268.04) [ 0 7 5 8 15 22 16 23 31 ]


2775.82
(291.20 | 311.20) [ 0 9 20 31 ]
(277.19 | 452.30) [ 0 3 18 31 ]
(746.28 | 05.38) [ 0 10 11 6 26 21 25 31 ]
(440.58 | 284.14) [ 0 12 14 13 27 28 29 31 ]
(518.88 | 278.22) [ 0 7 5 8 15 22 16 23 31 ]
(421.68 | 253.61) [ 0 2 4 1 19 24 17 30 31 ]


2796.30
(291.20 | 311.20) [ 0 9 20 31 ]
(733.04 | 149.61) [ 0 6 11 14 26 21 29 31 ]
(474.31 | 268.61) [ 0 13 12 10 27 28 25 31 ]
(518.88 | 241.47) [ 0 7 5 8 15 23 16 22 31 ]
(277.19 | 289.51) [ 0 3 18 31 ]
(421.68 | 276.46) [ 0 2 4 1 19 24 17 30 31 ]


2775.82
(277.19 | 352.78) [ 0 3 18 31 ]
(291.20 | 480.15) [ 0 9 20 31 ]
(746.28 | 65.59) [ 0 6 11 10 25 21 26 31 ]
(518.88 | 169.74) [ 0 7 5 8 15 23 16 22 31 ]
(440.58 | 254.18) [ 0 13 14 12 27 28 29 31 ]
(421.68 | 273.03) [ 0 2 4 1 19 24 17 30 31 ]


2793.74
(564.04 | 184.57) [ 0 1 8 7 23 16 22 31 ]
(683.29 | 274.55) [ 0 10 9 11 25 21 26 31 ]
(355.58 | 185.65) [ 0 5 6 15 20 31 ]
(440.58 | 235.13) [ 0 12 14 13 29 28 27 31 ]
(277.19 | 271.45) [ 0 3 18 31 ]
(413.06 | 259.00) [ 0 4 2 19 24 17 30 31 ]


2782.55
(349.85 | 322.51) [ 0 5 7 20 31 ]
(509.96 | 274.57) [ 0 8 6 15 22 16 23 31 ]
(277.19 | 283.71) [ 0 3 18 31 ]
(440.58 | 275.31) [ 0 12 14 13 27 28 29 31 ]
(683.29 | 274.22) [ 0 10 9 11 25 21 26 31 ]
(421.68 | 269.48) [ 0 2 4 1 19 24 17 30 31 ]


2785.89
(277.19 | 253.93) [ 0 3 18 31 ]
(344.27 | 364.27) [ 0 6 20 31 ]
(683.29 | 238.72) [ 0 11 9 10 25 21 26 31 ]
(421.68 | 273.80) [ 0 2 4 1 19 24 17 30 31 ]
(440.58 | 258.87) [ 0 12 14 13 27 28 29 31 ]
(518.88 | 240.41) [ 0 15 8 5 7 22 16 23 31 ]


2807.08
(277.19 | 252.13) [ 0 3 18 31 ]
(399.60 | 107.18) [ 0 5 15 1 20 31 ]
(413.06 | 251.31) [ 0 2 4 19 24 17 30 31 ]
(513.36 | 282.93) [ 0 6 8 7 23 16 22 31 ]
(683.29 | 273.53) [ 0 11 9 10 25 21 26 31 ]
(440.58 | 280.23) [ 0 12 14 13 27 28 29 31 ]


2775.82
(291.20 | 346.06) [ 0 9 20 31 ]
(421.68 | 173.64) [ 0 1 4 2 30 17 24 19 31 ]
(746.28 | 260.38) [ 0 10 11 6 26 21 25 31 ]
(440.58 | 295.35) [ 0 12 14 13 27 28 29 31 ]
(518.88 | 301.40) [ 0 7 5 8 15 22 16 23 31 ]
(277.19 | 282.15) [ 0 3 18 31 ]


2819.68
(749.17 | 323.93) [ 0 7 10 12 26 21 25 31 ]
(351.09 | 214.90) [ 0 6 8 5 20 31 ]
(277.19 | 282.84) [ 0 3 18 31 ]
(445.89 | 268.50) [ 0 13 14 11 29 28 27 31 ]
(492.65 | 243.65) [ 0 4 2 9 15 19 24 17 30 31 ]
(403.70 | 268.62) [ 0 1 22 16 23 31 ]


2805.89
(389.25 | 727.65) [ 0 6 18 31 ]
(232.20 | 690.26) [ 0 3 20 31 ]
(683.29 | 220.26) [ 0 10 9 11 26 21 25 31 ]
(421.68 | 277.00) [ 0 1 4 2 30 17 24 19 31 ]
(518.88 | 226.70) [ 0 7 5 8 15 22 16 23 31 ]
(440.58 | 241.03) [ 0 13 14 12 27 28 29 31 ]


2796.92
(291.20 | 311.20) [ 0 9 20 31 ]
(421.68 | 07.94) [ 0 2 4 1 19 24 17 30 31 ]
(523.47 | 58.94) [ 0 11 8 5 7 22 16 23 31 ]
(440.58 | 45.11) [ 0 13 14 12 27 28 29 31 ]
(742.80 | 227.96) [ 0 6 15 10 26 21 25 31 ]
(277.19 | 278.39) [ 0 3 18 31 ]


2811.17
(277.19 | 341.76) [ 0 3 18 31 ]
(314.01 | -732.62) [ 0 1 13 20 31 ]
(423.81 | 174.74) [ 0 14 9 12 29 24 27 31 ]
(746.28 | 312.56) [ 0 10 11 6 26 21 25 31 ]
(518.88 | 273.33) [ 0 7 5 8 15 23 16 22 31 ]
(451.00 | 243.57) [ 0 4 2 19 28 17 30 31 ]


2775.82
(277.19 | 281.02) [ 0 3 18 31 ]
(291.20 | 311.20) [ 0 9 20 31 ]
(421.68 | -100.84) [ 0 2 4 1 19 24 17 30 31 ]
(746.28 | 192.03) [ 0 6 11 10 25 21 26 31 ]
(440.58 | 319.61) [ 0 13 14 12 27 28 29 31 ]
(518.88 | 263.44) [ 0 7 5 8 15 23 16 22 31 ]


2769.31
(353.21 | -362.48) [ 0 5 15 20 31 ]
(513.36 | 93.76) [ 0 6 8 7 23 16 22 31 ]
(683.29 | 284.08) [ 0 11 9 10 26 21 25 31 ]
(440.58 | 275.68) [ 0 12 14 13 29 28 27 31 ]
(277.19 | 269.10) [ 0 3 18 31 ]
(421.68 | 249.61) [ 0 2 4 1 19 24 17 30 31 ]


2756.23
(492.65 | -94.47) [ 0 4 2 9 15 30 17 24 19 31 ]
(403.70 | 219.39) [ 0 1 22 16 23 31 ]
(746.28 | 283.72) [ 0 6 11 10 26 21 25 31 ]
(277.19 | 271.76) [ 0 3 18 31 ]
(355.82 | 304.86) [ 0 7 5 8 20 31 ]
(440.58 | 264.45) [ 0 12 14 13 27 28 29 31 ]


2805.94
(277.19 | 277.19) [ 0 3 18 31 ]
(517.14 | -309.05) [ 0 7 12 14 29 28 27 31 ]
(684.18 | 144.67) [ 0 10 11 13 26 21 25 31 ]
(351.09 | 250.02) [ 0 5 8 6 20 31 ]
(403.70 | 264.57) [ 0 1 22 16 23 31 ]
(492.65 | 262.72) [ 0 4 2 9 15 19 24 17 30 31 ]


2756.23
(355.82 | 207.69) [ 0 8 5 7 20 31 ]
(277.19 | 269.15) [ 0 3 18 31 ]
(440.58 | 210.97) [ 0 13 14 12 27 28 29 31 ]
(492.65 | 196.31) [ 0 4 2 9 15 30 17 24 19 31 ]
(403.70 | 263.09) [ 0 1 22 16 23 31 ]
(746.28 | 269.69) [ 0 10 11 6 25 21 26 31 ]


2776.94
(271.16 | 291.16) [ 0 13 20 31 ]
(277.19 | 480.60) [ 0 3 18 31 ]
(423.81 | 247.73) [ 0 12 9 14 29 24 27 31 ]
(746.28 | 284.30) [ 0 6 11 10 25 21 26 31 ]
(459.61 | 276.95) [ 0 1 4 2 19 28 17 30 31 ]
(518.88 | 258.58) [ 0 7 5 8 15 22 16 23 31 ]


2775.82
(291.20 | 354.62) [ 0 9 20 31 ]
(746.28 | -61.84) [ 0 6 11 10 25 21 26 31 ]
(440.58 | 216.89) [ 0 12 14 13 27 28 29 31 ]
(518.88 | 214.05) [ 0 7 5 8 15 23 16 22 31 ]
(277.19 | 264.76) [ 0 3 18 31 ]
(421.68 | 247.35) [ 0 2 4 1 19 24 17 30 31 ]


2785.89
(277.19 | 277.19) [ 0 3 18 31 ]
(344.27 | 364.27) [ 0 6 20 31 ]
(518.88 | 55.37) [ 0 15 8 5 7 23 16 22 31 ]
(683.29 | 187.79) [ 0 11 9 10 25 21 26 31 ]
(440.58 | 239.32) [ 0 12 14 13 27 28 29 31 ]
(421.68 | 259.03) [ 0 2 4 1 19 24 17 30 31 ]


2756.23
(246.24 | 277.42) [ 0 1 20 31 ]
(277.19 | 635.64) [ 0 3 18 31 ]
(746.28 | 247.48) [ 0 6 11 10 25 21 26 31 ]
(492.65 | 195.39) [ 0 15 9 2 4 19 24 17 30 31 ]
(440.58 | 273.37) [ 0 13 14 12 27 28 29 31 ]
(513.29 | 298.90) [ 0 8 5 7 22 16 23 31 ]


2821.67
(291.42 | 265.71) [ 0 11 20 31 ]
(421.68 | -3656.12) [ 0 2 4 1 19 24 17 30 31 ]
(746.61 | 246.60) [ 0 5 6 15 25 21 26 31 ]
(277.19 | 232.69) [ 0 3 18 31 ]
(440.58 | 238.24) [ 0 13 14 12 27 28 29 31 ]
(524.20 | 244.26) [ 0 10 9 8 7 23 16 22 31 ]


2827.55
(336.33 | -1249.49) [ 0 9 2 1 20 31 ]
(277.19 | 195.16) [ 0 3 18 31 ]
(408.28 | 142.61) [ 0 4 19 24 17 30 31 ]
(746.28 | 276.24) [ 0 6 11 10 25 21 26 31 ]
(440.58 | 204.21) [ 0 12 14 13 29 28 27 31 ]
(518.88 | 238.98) [ 0 7 5 8 15 22 16 23 31 ]


2805.89
(389.25 | 409.25) [ 0 6 18 31 ]
(232.20 | 348.39) [ 0 3 20 31 ]
(683.29 | 220.46) [ 0 10 9 11 26 21 25 31 ]
(440.58 | 207.35) [ 0 12 14 13 27 28 29 31 ]
(518.88 | 261.75) [ 0 15 8 5 7 22 16 23 31 ]
(421.68 | 279.93) [ 0 2 4 1 19 24 17 30 31 ]


2756.23
(277.19 | -96.33) [ 0 3 18 31 ]
(355.82 | 273.73) [ 0 8 5 7 20 31 ]
(746.28 | 273.63) [ 0 10 11 6 25 21 26 31 ]
(440.58 | 254.25) [ 0 13 14 12 27 28 29 31 ]
(403.70 | 265.12) [ 0 1 22 16 23 31 ]
(492.65 | 267.20) [ 0 4 2 9 15 19 24 17 30 31 ]


2798.27
(468.32 | -186.89) [ 0 13 12 27 28 25 31 ]
(277.19 | 266.77) [ 0 3 18 31 ]
(403.70 | 285.02) [ 0 1 23 16 22 31 ]
(363.38 | 223.13) [ 0 7 5 8 10 20 31 ]
(733.04 | 270.44) [ 0 6 11 14 26 21 29 31 ]
(492.65 | 268.32) [ 0 4 2 9 15 30 17 24 19 31 ]


2782.33
(358.08 | -1638.73) [ 0 5 9 20 31 ]
(440.58 | -622.18) [ 0 12 14 13 27 28 29 31 ]
(277.19 | 248.69) [ 0 3 18 31 ]
(421.68 | 267.47) [ 0 2 4 1 19 24 17 30 31 ]
(513.36 | 278.14) [ 0 7 8 6 23 16 22 31 ]
(691.44 | 257.64) [ 0 15 11 10 26 21 25 31 ]


2775.82
(291.20 | 310.45) [ 0 9 20 31 ]
(421.68 | 218.73) [ 0 1 4 2 30 17 24 19 31 ]
(277.19 | 270.93) [ 0 3 18 31 ]
(518.88 | 308.74) [ 0 7 5 8 15 23 16 22 31 ]
(746.28 | 296.64) [ 0 6 11 10 26 21 25 31 ]
(440.58 | 260.54) [ 0 13 14 12 27 28 29 31 ]


2807.08
(399.60 | -1463.64) [ 0 1 15 5 20 31 ]
(683.29 | -31403.76) [ 0 10 9 11 26 21 25 31 ]
(277.19 | 237.38) [ 0 3 18 31 ]
(513.36 | 216.90) [ 0 6 8 7 22 16 23 31 ]
(440.58 | 232.81) [ 0 13 14 12 27 28 29 31 ]
(413.06 | 278.72) [ 0 2 4 19 24 17 30 31 ]


2804.76
(277.19 | 556.57) [ 0 3 18 31 ]
(559.54 | 110.46) [ 0 1 15 7 22 16 23 31 ]
(440.58 | 259.55) [ 0 12 14 13 29 28 27 31 ]
(683.29 | 245.70) [ 0 11 9 10 25 21 26 31 ]
(351.09 | 280.74) [ 0 5 8 6 20 31 ]
(413.06 | 265.16) [ 0 4 2 19 24 17 30 31 ]


2771.59
(277.19 | 216.34) [ 0 3 18 31 ]
(355.58 | -2663.02) [ 0 15 6 5 20 31 ]
(513.28 | 226.67) [ 0 7 8 22 16 23 31 ]
(440.58 | 230.36) [ 0 12 14 13 29 28 27 31 ]
(683.29 | 244.50) [ 0 11 9 10 26 21 25 31 ]
(421.68 | 252.40) [ 0 2 4 1 19 24 17 30 31 ]


2785.89
(344.27 | 364.27) [ 0 6 20 31 ]
(277.19 | 518.05) [ 0 3 18 31 ]
(683.29 | 181.87) [ 0 11 9 10 25 21 26 31 ]
(421.68 | 168.73) [ 0 2 4 1 19 24 17 30 31 ]
(440.58 | 265.17) [ 0 13 14 12 29 28 27 31 ]
(518.88 | 241.09) [ 0 7 5 8 15 22 16 23 31 ]


