4460.27
(319.16 | 339.16) [ 0 14 37 61 ]
(239.20 | 382.26) [ 0 2 54 61 ]
(426.89 | -1167.81) [ 0 3 4 1 32 33 44 47 61 ]
(608.66 | 101.76) [ 0 7 8 5 6 38 31 35 40 61 ]
(288.79 | 217.44) [ 0 17 25 10 55 61 ]
(508.44 | 226.17) [ 0 9 20 27 57 50 39 61 ]
(373.28 | 247.83) [ 0 18 11 23 26 48 53 41 56 61 ]
(471.97 | 245.42) [ 0 21 29 22 59 52 51 61 ]
(418.67 | 257.51) [ 0 12 13 15 45 43 42 61 ]
(625.21 | 213.27) [ 0 24 28 16 19 30 49 60 34 46 36 58 61 ]


4490.98
(371.57 | -903.25) [ 0 1 17 37 61 ]
(608.66 | 85.55) [ 0 6 5 8 7 40 35 31 38 61 ]
(356.55 | 258.48) [ 0 3 33 45 47 61 ]
(294.47 | 226.02) [ 0 15 25 19 55 61 ]
(297.21 | 217.55) [ 0 10 16 28 24 54 61 ]
(373.28 | 223.53) [ 0 26 23 11 18 48 53 41 56 61 ]
(471.97 | 236.62) [ 0 21 29 22 51 52 59 61 ]
(437.18 | 231.97) [ 0 12 13 30 14 44 60 43 42 61 ]
(508.44 | 245.45) [ 0 9 20 27 57 50 39 61 ]
(591.66 | 256.65) [ 0 4 2 32 49 34 46 36 58 61 ]


4502.12
(286.70 | 286.70) [ 0 24 54 61 ]
(230.98 | 250.98) [ 0 3 55 61 ]
(430.05 | 247.13) [ 0 28 25 27 9 57 39 37 61 ]
(408.87 | 187.88) [ 0 18 17 14 48 44 47 61 ]
(430.82 | 211.56) [ 0 13 23 26 22 32 42 43 53 56 61 ]
(595.68 | 265.44) [ 0 7 8 5 6 38 35 40 50 61 ]
(517.37 | 264.89) [ 0 2 4 1 51 31 61 ]
(366.63 | 238.27) [ 0 11 15 33 45 41 61 ]
(375.45 | 260.07) [ 0 12 20 29 59 52 61 ]
(619.58 | 246.38) [ 0 10 30 19 16 21 49 60 34 46 36 58 61 ]


4470.74
(272.71 | 541.47) [ 0 15 54 61 ]
(608.66 | 205.36) [ 0 6 5 8 7 38 31 35 40 61 ]
(508.44 | 242.34) [ 0 9 20 27 57 50 39 61 ]
(471.97 | 243.34) [ 0 22 29 21 59 52 51 61 ]
(373.28 | 260.26) [ 0 26 23 11 18 56 41 53 48 61 ]
(438.24 | 275.26) [ 0 14 13 12 44 43 42 32 61 ]
(302.85 | 246.55) [ 0 24 28 25 55 61 ]
(315.13 | 247.49) [ 0 1 4 2 37 61 ]
(356.55 | 251.14) [ 0 3 47 45 33 61 ]
(622.93 | 252.58) [ 0 10 16 19 17 30 58 49 60 34 46 36 61 ]


4465.91
(271.93 | 291.93) [ 0 14 55 61 ]
(430.18 | -235.77) [ 0 1 3 2 32 33 44 47 61 ]
(471.97 | 26.99) [ 0 21 29 22 51 52 59 61 ]
(373.28 | 242.19) [ 0 18 11 23 26 56 41 53 48 61 ]
(608.66 | 259.36) [ 0 6 5 8 7 38 31 35 40 61 ]
(508.44 | 261.85) [ 0 27 20 9 57 50 39 61 ]
(418.67 | 273.89) [ 0 15 13 12 45 43 42 61 ]
(301.73 | 239.06) [ 0 4 37 61 ]
(624.99 | 243.91) [ 0 28 16 19 25 30 10 49 60 34 46 36 58 61 ]
(296.06 | 265.44) [ 0 17 24 54 61 ]


4453.81
(287.95 | 287.95) [ 0 25 55 61 ]
(548.20 | 18.23) [ 0 1 4 2 40 35 31 38 61 ]
(625.44 | 158.69) [ 0 28 16 19 17 30 49 60 34 46 36 58 61 ]
(508.44 | 242.46) [ 0 9 20 27 57 50 39 61 ]
(471.97 | 219.01) [ 0 21 29 22 51 52 59 61 ]
(375.58 | 221.46) [ 0 7 8 5 6 37 61 ]
(290.12 | 227.99) [ 0 10 14 24 54 61 ]
(373.28 | 216.36) [ 0 18 11 23 26 48 53 41 56 61 ]
(356.55 | 249.05) [ 0 3 47 45 33 61 ]
(436.29 | 246.76) [ 0 15 13 12 44 43 42 32 61 ]


4505.41
(321.88 | -864.90) [ 0 1 15 55 61 ]
(608.66 | 73.54) [ 0 6 5 8 7 40 35 31 38 61 ]
(508.44 | 08.81) [ 0 9 20 27 57 50 39 61 ]
(342.73 | 262.96) [ 0 17 25 16 37 61 ]
(356.55 | 244.70) [ 0 3 47 45 33 61 ]
(292.68 | 233.74) [ 0 24 28 14 54 61 ]
(369.54 | 252.21) [ 0 10 11 23 26 56 41 58 53 61 ]
(464.90 | 236.64) [ 0 2 19 13 12 30 18 48 60 49 43 42 32 61 ]
(471.97 | 229.65) [ 0 21 29 22 51 52 59 61 ]
(568.06 | 253.62) [ 0 4 44 36 46 34 61 ]


4458.54
(278.20 | 439.25) [ 0 3 37 61 ]
(323.36 | -2210.57) [ 0 1 24 54 61 ]
(608.66 | 182.66) [ 0 7 8 5 6 40 35 31 38 61 ]
(508.44 | 248.35) [ 0 9 20 27 57 50 39 61 ]
(464.90 | 194.98) [ 0 2 19 13 12 30 18 32 42 43 49 60 48 61 ]
(471.97 | 239.23) [ 0 22 29 21 51 52 59 61 ]
(405.62 | 247.48) [ 0 17 15 47 45 33 61 ]
(294.78 | 249.89) [ 0 10 25 16 14 55 61 ]
(394.55 | 261.62) [ 0 28 11 23 26 53 58 41 56 61 ]
(568.06 | 245.50) [ 0 4 34 46 36 44 61 ]


4506.16
(286.70 | 286.70) [ 0 24 54 61 ]
(292.53 | 258.86) [ 0 18 20 25 55 61 ]
(380.11 | 238.51) [ 0 27 19 16 21 37 57 61 ]
(595.68 | 228.51) [ 0 6 5 8 7 38 35 40 50 61 ]
(494.49 | 232.68) [ 0 1 31 51 61 ]
(421.36 | 227.69) [ 0 14 17 28 47 44 58 61 ]
(433.15 | 251.82) [ 0 26 13 11 10 56 41 60 49 43 61 ]
(594.88 | 238.86) [ 0 3 4 2 48 33 36 46 34 32 61 ]
(415.68 | 254.02) [ 0 22 9 29 30 52 59 39 61 ]
(411.58 | 246.59) [ 0 23 12 15 53 45 42 61 ]


4418.20
(286.70 | 286.70) [ 0 24 54 61 ]
(278.20 | 326.75) [ 0 3 37 61 ]
(608.66 | 176.59) [ 0 7 8 5 6 40 35 31 38 61 ]
(473.87 | 169.68) [ 0 2 28 19 13 12 30 58 60 49 43 42 32 61 ]
(508.44 | 258.07) [ 0 9 20 27 57 50 39 61 ]
(576.67 | 253.85) [ 0 1 4 34 46 36 44 61 ]
(471.97 | 254.21) [ 0 22 29 21 59 52 51 61 ]
(373.28 | 246.07) [ 0 26 23 11 18 56 41 53 48 61 ]
(405.62 | 257.86) [ 0 15 17 47 45 33 61 ]
(294.78 | 260.04) [ 0 14 16 25 10 55 61 ]


4473.61
(323.36 | -995.46) [ 0 24 1 54 61 ]
(608.66 | -602.08) [ 0 7 8 5 6 38 31 35 40 61 ]
(456.00 | 140.63) [ 0 30 12 13 19 28 58 60 49 43 42 32 61 ]
(508.44 | 237.03) [ 0 27 20 9 39 50 57 61 ]
(593.35 | 247.60) [ 0 15 14 10 34 46 36 44 61 ]
(471.97 | 219.07) [ 0 22 29 21 59 52 51 61 ]
(373.28 | 228.53) [ 0 18 11 23 26 48 53 41 56 61 ]
(356.55 | 254.65) [ 0 3 47 45 33 61 ]
(306.51 | 250.72) [ 0 2 4 37 61 ]
(295.50 | 250.39) [ 0 16 25 17 55 61 ]


4522.32
(335.91 | 222.67) [ 0 2 32 61 ]
(413.56 | 193.06) [ 0 1 3 23 26 56 41 53 33 61 ]
(289.31 | 202.15) [ 0 10 25 11 54 55 61 ]
(408.87 | 247.76) [ 0 18 17 14 48 44 47 61 ]
(608.66 | 264.29) [ 0 6 5 8 7 38 31 35 40 61 ]
(508.44 | 255.07) [ 0 9 20 27 57 50 39 61 ]
(471.97 | 242.13) [ 0 22 29 21 51 52 59 61 ]
(301.73 | 250.72) [ 0 4 37 61 ]
(418.67 | 244.16) [ 0 15 13 12 45 43 42 61 ]
(625.21 | 211.99) [ 0 30 19 16 28 24 49 60 34 46 36 58 61 ]


4468.53
(287.95 | 287.95) [ 0 25 55 61 ]
(608.66 | -30.79) [ 0 7 8 5 6 40 35 31 38 61 ]
(471.97 | 221.69) [ 0 22 29 21 59 52 51 61 ]
(436.29 | 220.93) [ 0 15 13 12 44 43 42 32 61 ]
(508.44 | 239.07) [ 0 9 20 27 57 50 39 61 ]
(373.28 | 254.17) [ 0 26 23 11 18 56 41 53 48 61 ]
(292.68 | 249.06) [ 0 14 28 24 54 61 ]
(315.13 | 244.21) [ 0 2 4 1 37 61 ]
(617.59 | 239.71) [ 0 10 16 19 17 30 49 60 34 46 36 58 61 ]
(356.55 | 251.37) [ 0 3 47 45 33 61 ]


4495.49
(287.95 | 287.95) [ 0 25 55 61 ]
(301.93 | 321.93) [ 0 18 37 61 ]
(396.71 | -82.80) [ 0 1 4 2 3 47 45 33 61 ]
(608.66 | 263.42) [ 0 6 5 8 7 38 31 35 40 61 ]
(394.55 | 198.38) [ 0 26 23 11 28 56 41 58 53 61 ]
(508.44 | 243.09) [ 0 9 20 27 57 50 39 61 ]
(608.94 | 234.34) [ 0 14 16 17 34 46 36 44 61 ]
(471.97 | 224.97) [ 0 22 29 21 51 52 59 61 ]
(441.49 | 230.10) [ 0 10 30 19 13 12 32 42 43 49 60 48 61 ]
(294.85 | 260.09) [ 0 15 24 54 61 ]


4457.56
(319.16 | 339.16) [ 0 14 37 61 ]
(608.66 | -643.10) [ 0 6 5 8 7 40 35 31 38 61 ]
(581.45 | -394.21) [ 0 2 4 1 44 36 46 34 61 ]
(356.55 | -159.50) [ 0 3 33 45 47 61 ]
(373.28 | 198.99) [ 0 18 11 23 26 48 53 41 56 61 ]
(295.11 | 231.55) [ 0 15 30 24 54 61 ]
(471.97 | 228.04) [ 0 22 29 21 59 52 51 61 ]
(508.44 | 237.53) [ 0 9 20 27 39 50 57 61 ]
(454.16 | 251.14) [ 0 12 13 19 16 28 32 42 43 49 60 58 61 ]
(288.79 | 269.27) [ 0 17 25 10 55 61 ]


4427.25
(263.05 | -2044.19) [ 0 1 4 2 54 61 ]
(321.56 | 341.56) [ 0 11 37 61 ]
(408.87 | 45.98) [ 0 18 17 14 47 44 48 61 ]
(608.66 | 230.99) [ 0 6 5 8 7 38 31 35 40 61 ]
(320.01 | 256.27) [ 0 3 33 45 41 61 ]
(508.44 | 232.62) [ 0 9 20 27 57 50 39 61 ]
(288.46 | 253.65) [ 0 10 25 15 55 61 ]
(625.21 | 205.95) [ 0 30 19 16 28 24 58 36 46 34 60 49 61 ]
(471.97 | 214.05) [ 0 22 29 21 59 52 51 61 ]
(431.04 | 240.47) [ 0 13 12 23 26 56 53 43 42 32 61 ]


4465.34
(258.28 | -1776.40) [ 0 3 4 1 54 61 ]
(287.95 | 287.95) [ 0 25 55 61 ]
(301.93 | 321.93) [ 0 18 37 61 ]
(373.79 | 123.80) [ 0 10 11 23 26 48 53 41 56 61 ]
(405.62 | 245.29) [ 0 15 17 47 45 33 61 ]
(608.66 | 192.73) [ 0 6 5 8 7 40 35 31 38 61 ]
(471.97 | 244.04) [ 0 22 29 21 59 52 51 61 ]
(508.44 | 263.00) [ 0 9 20 27 57 50 39 61 ]
(473.87 | 228.72) [ 0 2 28 19 13 12 30 58 60 49 43 42 32 61 ]
(614.83 | 265.71) [ 0 24 16 14 34 46 36 44 61 ]


4475.06
(327.23 | 347.23) [ 0 17 37 61 ]
(312.01 | -16994.67) [ 0 15 24 2 54 61 ]
(302.94 | 177.84) [ 0 28 16 25 14 55 61 ]
(608.66 | 236.38) [ 0 7 8 5 6 38 31 35 40 61 ]
(576.67 | 247.05) [ 0 1 4 34 46 36 44 61 ]
(356.55 | 263.22) [ 0 3 47 45 33 61 ]
(441.06 | 211.04) [ 0 30 19 13 12 18 32 42 43 49 60 48 61 ]
(471.97 | 254.18) [ 0 21 29 22 59 52 51 61 ]
(508.44 | 222.69) [ 0 9 20 27 39 50 57 61 ]
(369.54 | 239.11) [ 0 10 11 23 26 53 58 41 56 61 ]


4412.85
(608.66 | 241.89) [ 0 6 5 8 7 38 31 35 40 61 ]
(278.20 | 233.64) [ 0 3 37 61 ]
(508.44 | 269.65) [ 0 9 20 27 39 50 57 61 ]
(373.28 | 232.09) [ 0 26 23 11 18 56 41 53 48 61 ]
(437.18 | 260.77) [ 0 14 30 13 12 44 60 43 42 61 ]
(240.17 | 253.01) [ 0 1 54 61 ]
(471.97 | 242.81) [ 0 21 29 22 51 52 59 61 ]
(301.72 | 256.38) [ 0 10 25 24 55 61 ]
(667.62 | 245.76) [ 0 4 2 28 16 19 32 49 34 46 36 58 61 ]
(405.62 | 253.32) [ 0 17 15 47 45 33 61 ]


4478.10
(342.76 | 342.76) [ 0 11 41 61 ]
(525.32 | 193.01) [ 0 1 40 35 31 38 61 ]
(430.27 | 188.97) [ 0 10 17 27 28 58 47 57 61 ]
(383.27 | 253.44) [ 0 14 15 18 44 45 48 61 ]
(375.58 | 270.60) [ 0 7 8 5 6 37 61 ]
(465.68 | 267.21) [ 0 22 19 21 51 52 61 ]
(501.74 | 233.96) [ 0 9 20 29 39 50 59 61 ]
(435.65 | 205.67) [ 0 26 23 12 13 30 56 53 60 43 42 61 ]
(594.23 | 243.12) [ 0 2 4 3 32 49 34 46 36 33 61 ]
(303.60 | 254.37) [ 0 25 16 24 54 55 61 ]


4450.77
(287.95 | 315.17) [ 0 25 55 61 ]
(525.32 | 278.70) [ 0 1 40 35 31 38 61 ]
(375.58 | 248.23) [ 0 6 5 8 7 37 61 ]
(508.44 | 245.50) [ 0 9 20 27 57 50 39 61 ]
(373.28 | 231.37) [ 0 18 11 23 26 48 53 41 56 61 ]
(397.69 | 223.45) [ 0 15 28 14 44 45 58 61 ]
(301.38 | 233.27) [ 0 24 13 12 54 61 ]
(471.97 | 246.46) [ 0 21 29 22 51 52 59 61 ]
(473.58 | 252.92) [ 0 2 4 3 32 42 43 34 33 61 ]
(615.59 | 249.45) [ 0 10 16 19 17 30 47 36 46 60 49 61 ]


4488.96
(312.01 | -2553.51) [ 0 2 24 15 54 61 ]
(543.42 | 226.15) [ 0 4 1 40 35 31 38 61 ]
(508.44 | 260.98) [ 0 9 20 27 39 50 57 61 ]
(375.58 | 237.23) [ 0 6 5 8 7 37 61 ]
(297.72 | 228.71) [ 0 21 19 25 10 55 61 ]
(431.29 | 202.47) [ 0 12 13 29 30 18 32 42 43 49 60 48 61 ]
(320.01 | 239.01) [ 0 3 41 45 33 61 ]
(436.73 | 264.61) [ 0 22 51 52 59 61 ]
(608.33 | 258.55) [ 0 11 16 14 34 46 36 44 61 ]
(435.41 | 248.67) [ 0 26 23 17 28 53 58 47 56 61 ]


4478.98
(226.13 | 246.13) [ 0 3 54 61 ]
(291.49 | 251.97) [ 0 13 25 55 61 ]
(408.87 | 156.13) [ 0 18 17 14 48 44 47 61 ]
(366.63 | 207.47) [ 0 15 11 33 45 41 61 ]
(442.78 | 240.87) [ 0 23 12 21 56 53 43 42 32 61 ]
(420.05 | 255.63) [ 0 27 7 6 37 57 61 ]
(517.37 | 233.30) [ 0 2 4 1 31 51 61 ]
(416.32 | 214.91) [ 0 22 26 9 29 52 59 39 61 ]
(625.21 | 215.20) [ 0 24 28 16 19 30 58 36 46 34 60 49 61 ]
(604.14 | 234.81) [ 0 5 8 20 10 38 35 40 50 61 ]


4462.24
(286.70 | 286.70) [ 0 24 54 61 ]
(278.20 | 470.78) [ 0 3 37 61 ]
(316.32 | -4938.54) [ 0 13 25 14 2 55 61 ]
(576.67 | 112.04) [ 0 1 4 44 36 46 34 61 ]
(608.66 | 237.30) [ 0 7 8 5 6 38 31 35 40 61 ]
(471.97 | 214.79) [ 0 21 29 22 51 52 59 61 ]
(405.62 | 230.33) [ 0 15 17 33 45 47 61 ]
(508.44 | 198.54) [ 0 9 20 27 57 50 39 61 ]
(373.28 | 223.50) [ 0 26 23 11 18 56 41 53 48 61 ]
(456.38 | 238.00) [ 0 10 30 12 19 16 28 32 42 43 49 60 58 61 ]


4451.43
(287.95 | 287.95) [ 0 25 55 61 ]
(572.84 | -143.75) [ 0 3 4 2 44 36 46 34 61 ]
(525.32 | -48.68) [ 0 1 40 35 31 38 61 ]
(508.44 | 252.31) [ 0 9 20 27 57 50 39 61 ]
(375.58 | 232.55) [ 0 7 8 5 6 37 61 ]
(471.97 | 245.33) [ 0 22 29 21 51 52 59 61 ]
(369.54 | 257.59) [ 0 10 11 23 26 53 58 41 56 61 ]
(406.11 | 259.27) [ 0 30 17 15 47 45 33 61 ]
(292.68 | 256.70) [ 0 24 28 14 54 61 ]
(441.00 | 257.66) [ 0 18 12 13 19 16 48 60 49 43 42 32 61 ]


4475.89
(287.95 | 287.95) [ 0 25 55 61 ]
(299.20 | 244.50) [ 0 18 10 16 24 54 61 ]
(438.47 | 252.79) [ 0 11 30 19 14 41 44 60 49 61 ]
(608.66 | 248.03) [ 0 6 5 8 7 38 31 35 40 61 ]
(594.88 | 231.21) [ 0 3 4 2 48 33 36 46 34 32 61 ]
(508.44 | 224.49) [ 0 9 20 27 57 50 39 61 ]
(471.97 | 219.91) [ 0 21 29 22 51 52 59 61 ]
(418.67 | 245.34) [ 0 12 13 15 45 43 42 61 ]
(435.41 | 258.89) [ 0 28 17 23 26 53 58 47 56 61 ]
(292.24 | 251.31) [ 0 1 37 61 ]


4437.40
(292.24 | 415.82) [ 0 1 37 61 ]
(267.09 | 287.09) [ 0 14 54 61 ]
(418.67 | 137.19) [ 0 15 13 12 45 43 42 61 ]
(608.66 | 237.82) [ 0 7 8 5 6 40 35 31 38 61 ]
(471.97 | 205.07) [ 0 21 29 22 59 52 51 61 ]
(373.28 | 208.84) [ 0 18 11 23 26 56 41 53 48 61 ]
(625.21 | 204.48) [ 0 24 28 16 19 30 58 36 46 34 60 49 61 ]
(423.05 | 264.27) [ 0 3 4 2 47 44 33 32 61 ]
(508.44 | 244.21) [ 0 9 20 27 57 50 39 61 ]
(288.79 | 234.99) [ 0 10 25 17 55 61 ]


4466.28
(287.95 | 287.95) [ 0 25 55 61 ]
(525.32 | 214.20) [ 0 1 40 35 31 38 61 ]
(381.89 | 202.82) [ 0 15 13 12 44 45 58 61 ]
(508.44 | 243.09) [ 0 9 20 27 57 50 39 61 ]
(471.97 | 228.01) [ 0 22 29 21 51 52 59 61 ]
(375.58 | 233.51) [ 0 6 5 8 7 37 61 ]
(292.68 | 232.86) [ 0 14 28 24 54 61 ]
(373.28 | 235.99) [ 0 26 23 11 18 56 41 53 48 61 ]
(473.58 | 244.46) [ 0 3 4 2 33 34 43 42 32 61 ]
(615.59 | 244.34) [ 0 10 16 19 17 30 47 36 46 60 49 61 ]


4456.22
(286.70 | 286.70) [ 0 24 54 61 ]
(415.81 | 242.07) [ 0 21 16 27 26 56 57 37 61 ]
(494.49 | 217.25) [ 0 1 51 31 61 ]
(595.68 | 239.92) [ 0 6 5 8 7 38 35 40 50 61 ]
(596.58 | 227.75) [ 0 3 4 2 48 33 34 36 46 32 61 ]
(359.35 | 262.04) [ 0 15 11 45 41 61 ]
(437.84 | 229.02) [ 0 30 19 13 12 23 53 60 49 43 42 61 ]
(292.39 | 248.17) [ 0 10 25 20 55 61 ]
(421.36 | 259.95) [ 0 14 17 28 47 44 58 61 ]
(416.02 | 259.63) [ 0 18 29 9 22 52 59 39 61 ]


4487.86
(339.72 | -8.43) [ 0 25 6 55 61 ]
(226.13 | 233.45) [ 0 3 54 61 ]
(405.62 | 152.66) [ 0 15 17 33 45 47 61 ]
(615.09 | 311.89) [ 0 5 8 7 10 38 31 35 40 61 ]
(373.28 | 231.16) [ 0 26 23 11 18 48 53 41 56 61 ]
(508.44 | 203.65) [ 0 9 20 27 39 50 57 61 ]
(600.27 | 201.25) [ 0 2 4 1 32 49 34 46 36 58 61 ]
(471.97 | 222.01) [ 0 22 29 21 59 52 51 61 ]
(350.17 | 242.29) [ 0 24 28 16 19 37 61 ]
(437.18 | 241.08) [ 0 14 30 13 12 42 43 60 44 61 ]


4451.06
(263.05 | -1800.56) [ 0 1 4 2 54 61 ]
(319.16 | 283.35) [ 0 14 37 61 ]
(508.44 | 291.78) [ 0 9 20 27 57 50 39 61 ]
(608.66 | 202.64) [ 0 6 5 8 7 40 35 31 38 61 ]
(373.28 | 256.82) [ 0 26 23 11 18 48 53 41 56 61 ]
(356.55 | 266.64) [ 0 3 47 45 33 61 ]
(436.29 | 251.34) [ 0 17 13 12 32 42 43 44 61 ]
(471.97 | 218.63) [ 0 22 29 21 59 52 51 61 ]
(625.21 | 206.09) [ 0 30 19 16 28 24 49 60 34 46 36 58 61 ]
(288.46 | 242.17) [ 0 10 25 15 55 61 ]


4550.79
(244.05 | -6.59) [ 0 2 55 61 ]
(481.87 | -798.48) [ 0 1 3 25 30 32 49 60 33 45 58 61 ]
(373.28 | 196.54) [ 0 18 11 23 26 56 41 53 48 61 ]
(608.66 | 218.28) [ 0 7 8 5 6 40 35 31 38 61 ]
(508.44 | 209.70) [ 0 27 20 9 39 50 57 61 ]
(327.02 | 216.93) [ 0 10 14 15 37 61 ]
(449.35 | 260.92) [ 0 17 13 12 47 43 42 61 ]
(568.06 | 260.48) [ 0 4 44 36 46 34 61 ]
(471.97 | 232.91) [ 0 21 29 22 51 52 59 61 ]
(298.10 | 248.74) [ 0 24 28 16 19 54 61 ]


4454.97
(287.95 | 287.95) [ 0 25 55 61 ]
(312.08 | 523.47) [ 0 10 37 61 ]
(576.68 | -226.77) [ 0 3 4 1 34 46 36 44 61 ]
(473.87 | 170.28) [ 0 30 12 13 19 28 2 32 42 43 49 60 58 61 ]
(608.66 | 238.33) [ 0 6 5 8 7 40 35 31 38 61 ]
(508.44 | 226.83) [ 0 9 20 27 57 50 39 61 ]
(471.97 | 235.75) [ 0 21 29 22 59 52 51 61 ]
(296.43 | 224.79) [ 0 14 16 24 54 61 ]
(405.62 | 264.68) [ 0 15 17 47 45 33 61 ]
(373.28 | 248.52) [ 0 26 23 11 18 48 53 41 56 61 ]


4450.06
(264.85 | 284.85) [ 0 10 55 61 ]
(286.70 | 286.70) [ 0 24 54 61 ]
(551.45 | -705.26) [ 0 1 4 2 3 38 31 35 40 61 ]
(408.87 | 249.76) [ 0 18 17 14 47 44 48 61 ]
(375.58 | 259.46) [ 0 7 8 5 6 37 61 ]
(366.63 | 257.24) [ 0 15 11 41 45 33 61 ]
(508.44 | 221.51) [ 0 27 20 9 57 50 39 61 ]
(431.04 | 241.52) [ 0 13 12 23 26 32 42 43 53 56 61 ]
(471.97 | 230.92) [ 0 22 29 21 51 52 59 61 ]
(624.54 | 242.70) [ 0 30 25 19 16 28 58 36 46 34 60 49 61 ]


4470.70
(286.70 | 286.70) [ 0 24 54 61 ]
(230.98 | 257.02) [ 0 3 55 61 ]
(384.95 | 227.82) [ 0 14 15 26 45 44 56 61 ]
(390.77 | 239.44) [ 0 23 11 16 28 53 58 41 61 ]
(412.86 | 218.76) [ 0 17 27 25 47 37 61 ]
(471.97 | 245.30) [ 0 21 29 22 51 52 59 61 ]
(579.23 | 278.09) [ 0 6 5 8 7 38 31 35 61 ]
(535.70 | 256.82) [ 0 10 20 9 39 50 40 61 ]
(435.48 | 237.66) [ 0 18 12 13 19 30 48 33 60 49 43 42 61 ]
(602.07 | 270.67) [ 0 1 4 2 57 36 46 34 32 61 ]


4472.07
(280.44 | 493.45) [ 0 12 54 61 ]
(608.66 | 207.17) [ 0 6 5 8 7 40 35 31 38 61 ]
(292.24 | 269.67) [ 0 1 37 61 ]
(630.32 | 215.08) [ 0 24 16 19 13 43 49 34 46 36 61 ]
(508.44 | 263.35) [ 0 9 20 27 57 50 39 61 ]
(406.05 | 236.86) [ 0 3 4 2 41 33 60 42 32 61 ]
(471.97 | 239.56) [ 0 22 29 21 59 52 51 61 ]
(396.61 | 260.12) [ 0 26 23 15 28 53 45 58 56 61 ]
(408.87 | 265.81) [ 0 18 17 14 48 44 47 61 ]
(288.48 | 266.37) [ 0 10 25 30 11 55 61 ]


4481.23
(406.10 | 10.16) [ 0 15 17 30 33 45 47 61 ]
(375.58 | 247.69) [ 0 6 5 8 7 37 61 ]
(508.44 | 262.86) [ 0 9 20 27 57 50 39 61 ]
(546.72 | 204.01) [ 0 1 3 2 38 31 35 40 61 ]
(271.93 | 257.27) [ 0 14 55 61 ]
(394.55 | 255.47) [ 0 26 23 11 28 56 41 58 53 61 ]
(441.00 | 238.29) [ 0 18 12 13 19 16 32 42 43 49 60 48 61 ]
(471.97 | 229.12) [ 0 22 29 21 59 52 51 61 ]
(296.87 | 252.14) [ 0 10 25 24 54 61 ]
(568.06 | 243.57) [ 0 4 34 46 36 44 61 ]


4484.24
(317.40 | 317.40) [ 0 22 37 61 ]
(309.60 | 414.03) [ 0 3 33 61 ]
(608.66 | 236.24) [ 0 6 5 8 7 38 31 35 40 61 ]
(399.65 | 239.98) [ 0 10 14 17 47 44 58 61 ]
(598.65 | 237.95) [ 0 2 4 1 32 49 60 34 46 36 61 ]
(465.86 | 237.20) [ 0 29 19 16 21 51 52 59 61 ]
(508.44 | 226.98) [ 0 9 20 27 39 50 57 61 ]
(304.04 | 199.52) [ 0 24 28 25 30 55 54 61 ]
(373.28 | 234.67) [ 0 26 23 11 18 48 53 41 56 61 ]
(418.67 | 247.40) [ 0 15 13 12 45 43 42 61 ]


4495.47
(286.70 | 286.70) [ 0 24 54 61 ]
(517.37 | -24.22) [ 0 1 4 2 51 31 61 ]
(448.73 | 219.92) [ 0 23 7 27 57 39 37 61 ]
(408.87 | 224.43) [ 0 14 17 18 47 44 48 61 ]
(377.66 | 239.12) [ 0 22 29 11 59 52 61 ]
(430.38 | 253.06) [ 0 13 12 9 26 56 53 43 42 32 61 ]
(604.01 | 231.39) [ 0 6 5 8 20 38 35 40 50 61 ]
(320.01 | 250.68) [ 0 3 33 45 41 61 ]
(624.52 | 213.08) [ 0 28 16 19 30 15 49 60 34 46 36 58 61 ]
(297.21 | 268.76) [ 0 10 25 21 55 61 ]


4437.40
(267.09 | 287.09) [ 0 14 54 61 ]
(525.32 | 257.74) [ 0 1 40 35 31 38 61 ]
(625.21 | 191.48) [ 0 24 28 16 19 30 49 60 34 46 36 58 61 ]
(418.67 | 283.22) [ 0 12 13 15 45 43 42 61 ]
(508.44 | 220.27) [ 0 9 20 27 57 50 39 61 ]
(373.28 | 226.36) [ 0 18 11 23 26 56 41 53 48 61 ]
(471.97 | 216.97) [ 0 22 29 21 51 52 59 61 ]
(423.05 | 219.10) [ 0 3 4 2 32 33 44 47 61 ]
(375.58 | 231.89) [ 0 6 5 8 7 37 61 ]
(288.79 | 248.30) [ 0 10 25 17 55 61 ]


4471.79
(226.13 | 319.74) [ 0 3 54 61 ]
(416.32 | 140.28) [ 0 29 9 26 22 52 59 39 61 ]
(469.26 | 237.26) [ 0 4 2 12 23 56 53 43 42 32 61 ]
(408.87 | 216.20) [ 0 18 17 14 47 44 48 61 ]
(366.63 | 200.27) [ 0 15 11 41 45 33 61 ]
(494.49 | 238.10) [ 0 1 51 31 61 ]
(300.71 | 236.41) [ 0 13 25 21 55 61 ]
(625.21 | 197.47) [ 0 24 28 16 19 30 58 36 46 34 60 49 61 ]
(604.14 | 247.06) [ 0 10 20 8 5 50 40 35 38 61 ]
(420.05 | 248.32) [ 0 6 7 27 57 37 61 ]


4471.14
(286.70 | 286.70) [ 0 24 54 61 ]
(494.49 | 164.84) [ 0 1 51 31 61 ]
(413.71 | 218.76) [ 0 22 9 14 39 59 52 61 ]
(372.33 | 250.29) [ 0 27 29 20 37 57 61 ]
(373.28 | 188.54) [ 0 26 23 11 18 56 41 53 48 61 ]
(595.68 | 244.16) [ 0 6 5 8 7 50 40 35 38 61 ]
(423.05 | 247.68) [ 0 3 4 2 32 33 44 47 61 ]
(624.44 | 222.51) [ 0 28 21 16 19 30 58 36 46 34 60 49 61 ]
(418.67 | 250.96) [ 0 12 13 15 45 43 42 61 ]
(288.79 | 259.94) [ 0 10 25 17 55 61 ]


4468.80
(361.97 | 361.97) [ 0 7 37 61 ]
(435.91 | -195.24) [ 0 3 17 11 33 41 47 61 ]
(508.44 | 241.80) [ 0 9 20 27 39 50 57 61 ]
(568.06 | 218.93) [ 0 4 44 36 46 34 61 ]
(302.76 | 232.62) [ 0 25 16 24 55 61 ]
(471.97 | 246.53) [ 0 22 29 21 59 52 51 61 ]
(396.61 | 239.99) [ 0 28 15 23 26 56 58 45 53 61 ]
(618.01 | 238.15) [ 0 10 14 8 5 6 40 35 31 38 61 ]
(464.90 | 236.28) [ 0 18 30 12 13 19 2 32 42 43 49 60 48 61 ]
(240.17 | 254.60) [ 0 1 54 61 ]


4496.16
(323.36 | -1071.77) [ 0 24 1 54 61 ]
(278.20 | 298.20) [ 0 3 37 61 ]
(405.62 | 97.30) [ 0 17 15 47 45 33 61 ]
(608.66 | 212.93) [ 0 6 5 8 7 40 35 31 38 61 ]
(508.44 | 248.67) [ 0 9 20 27 57 50 39 61 ]
(307.64 | 229.83) [ 0 28 19 25 12 55 61 ]
(591.66 | 208.46) [ 0 2 4 32 49 34 46 36 58 61 ]
(471.97 | 237.74) [ 0 21 29 22 51 52 59 61 ]
(373.28 | 245.34) [ 0 26 23 11 18 56 41 53 48 61 ]
(447.35 | 263.00) [ 0 30 13 16 14 10 44 60 43 42 61 ]


4441.07
(263.05 | -1694.03) [ 0 2 4 1 54 61 ]
(327.23 | 347.23) [ 0 17 37 61 ]
(508.44 | -15.73) [ 0 9 20 27 57 50 39 61 ]
(608.66 | 233.78) [ 0 7 8 5 6 38 31 35 40 61 ]
(625.21 | 177.24) [ 0 24 28 16 19 30 49 60 34 46 36 58 61 ]
(438.24 | 222.48) [ 0 14 13 12 44 43 42 32 61 ]
(471.97 | 211.10) [ 0 21 29 22 51 52 59 61 ]
(356.55 | 253.88) [ 0 3 33 45 47 61 ]
(373.28 | 241.51) [ 0 26 23 11 18 48 53 41 56 61 ]
(288.46 | 247.39) [ 0 15 25 10 55 61 ]


4487.39
(287.95 | 287.95) [ 0 25 55 61 ]
(301.73 | 508.22) [ 0 4 37 61 ]
(480.70 | -368.96) [ 0 1 3 2 33 34 43 42 32 61 ]
(608.66 | 268.84) [ 0 7 8 5 6 38 31 35 40 61 ]
(373.28 | 191.21) [ 0 26 23 11 18 48 53 41 56 61 ]
(508.44 | 201.50) [ 0 9 20 27 39 50 57 61 ]
(471.97 | 219.67) [ 0 22 29 21 51 52 59 61 ]
(301.38 | 245.35) [ 0 12 13 24 54 61 ]
(615.59 | 188.93) [ 0 30 17 19 16 10 47 36 46 60 49 61 ]
(397.69 | 265.43) [ 0 14 28 15 44 45 58 61 ]


4494.87
(381.17 | 272.75) [ 0 18 48 44 47 61 ]
(494.49 | 304.58) [ 0 1 51 31 61 ]
(624.44 | 284.47) [ 0 28 21 16 19 30 58 36 46 34 60 49 61 ]
(319.10 | 209.71) [ 0 3 4 2 24 54 61 ]
(414.60 | 178.71) [ 0 9 20 27 57 39 37 61 ]
(595.68 | 178.79) [ 0 6 5 8 7 50 40 35 38 61 ]
(378.93 | 268.41) [ 0 14 29 22 59 52 61 ]
(366.63 | 276.07) [ 0 15 11 41 45 33 61 ]
(431.04 | 272.45) [ 0 26 23 12 13 32 42 43 53 56 61 ]
(288.79 | 233.31) [ 0 10 25 17 55 61 ]


4451.71
(287.95 | 287.95) [ 0 25 55 61 ]
(560.10 | 266.33) [ 0 10 14 15 38 31 35 40 61 ]
(373.28 | 192.42) [ 0 18 11 23 26 56 41 53 48 61 ]
(375.58 | 230.06) [ 0 7 8 5 6 37 61 ]
(471.97 | 204.45) [ 0 22 29 21 51 52 59 61 ]
(508.44 | 211.45) [ 0 9 20 27 57 50 39 61 ]
(625.21 | 218.17) [ 0 24 28 16 19 30 58 36 46 34 60 49 61 ]
(399.67 | 268.78) [ 0 3 4 2 44 45 33 32 61 ]
(449.35 | 244.56) [ 0 12 13 17 42 43 47 61 ]
(240.17 | 254.94) [ 0 1 54 61 ]


4413.20
(230.98 | 284.66) [ 0 3 55 61 ]
(431.04 | 173.17) [ 0 13 12 23 26 56 53 43 42 32 61 ]
(525.32 | 267.53) [ 0 1 38 31 35 40 61 ]
(375.58 | 226.84) [ 0 7 8 5 6 37 61 ]
(508.44 | 230.30) [ 0 9 20 27 39 50 57 61 ]
(471.97 | 211.36) [ 0 21 29 22 51 52 59 61 ]
(657.51 | 224.14) [ 0 4 2 28 16 19 30 49 60 34 46 36 58 61 ]
(408.87 | 249.18) [ 0 18 17 14 48 44 47 61 ]
(366.63 | 254.42) [ 0 15 11 33 45 41 61 ]
(296.87 | 256.41) [ 0 24 25 10 54 61 ]


4489.38
(286.70 | 286.70) [ 0 24 54 61 ]
(594.23 | -410.57) [ 0 3 4 2 32 49 34 46 36 33 61 ]
(415.42 | 150.38) [ 0 27 20 23 53 57 37 61 ]
(378.43 | 186.19) [ 0 18 26 11 10 48 58 41 56 61 ]
(595.68 | 277.69) [ 0 7 8 5 6 38 35 40 50 61 ]
(425.92 | 219.36) [ 0 16 29 9 22 52 59 39 61 ]
(494.49 | 209.24) [ 0 1 51 31 61 ]
(437.18 | 229.33) [ 0 12 13 30 14 44 60 43 42 61 ]
(398.34 | 244.92) [ 0 17 15 47 45 61 ]
(302.98 | 233.72) [ 0 28 21 19 25 55 61 ]


4464.80
(286.70 | 286.70) [ 0 24 54 61 ]
(494.49 | -49.64) [ 0 1 31 51 61 ]
(413.09 | 208.71) [ 0 17 20 47 37 61 ]
(441.00 | 75.68) [ 0 16 19 13 12 18 48 60 49 43 42 32 61 ]
(595.68 | 218.74) [ 0 7 8 5 6 50 40 35 38 61 ]
(576.92 | 245.23) [ 0 3 4 2 57 36 46 34 33 61 ]
(415.68 | 220.15) [ 0 30 29 9 22 39 59 52 61 ]
(365.80 | 269.64) [ 0 10 11 23 26 56 41 53 61 ]
(397.69 | 267.24) [ 0 14 28 15 44 45 58 61 ]
(297.75 | 262.55) [ 0 21 25 27 55 61 ]


4466.62
(287.95 | 287.95) [ 0 25 55 61 ]
(473.58 | -365.15) [ 0 3 4 2 32 42 43 34 33 61 ]
(608.66 | 191.04) [ 0 6 5 8 7 40 35 31 38 61 ]
(334.36 | 231.66) [ 0 15 13 12 37 61 ]
(508.44 | 223.74) [ 0 9 20 27 39 50 57 61 ]
(373.28 | 194.29) [ 0 26 23 11 18 48 53 41 56 61 ]
(471.97 | 230.27) [ 0 21 29 22 59 52 51 61 ]
(615.94 | 229.63) [ 0 16 19 17 30 10 47 36 46 60 49 61 ]
(392.29 | 244.29) [ 0 14 28 24 58 45 44 61 ]
(240.17 | 246.32) [ 0 1 54 61 ]


4490.91
(278.20 | 129.76) [ 0 3 37 61 ]
(449.91 | -423.68) [ 0 1 17 47 45 33 61 ]
(471.97 | 179.19) [ 0 21 29 22 59 52 51 61 ]
(508.44 | 197.73) [ 0 9 20 27 39 50 57 61 ]
(441.06 | 185.01) [ 0 18 12 13 19 30 32 42 43 49 60 48 61 ]
(608.66 | 250.63) [ 0 6 5 8 7 38 31 35 40 61 ]
(394.55 | 242.65) [ 0 28 11 23 26 56 41 58 53 61 ]
(295.17 | 237.83) [ 0 16 25 15 55 61 ]
(290.12 | 245.66) [ 0 10 14 24 54 61 ]
(572.84 | 259.15) [ 0 2 4 34 46 36 44 61 ]


4517.15
(332.52 | 352.52) [ 0 12 37 61 ]
(396.85 | -336.37) [ 0 3 1 41 33 60 42 32 61 ]
(583.27 | 225.37) [ 0 2 4 36 46 34 49 43 61 ]
(301.48 | 195.49) [ 0 24 16 19 13 54 61 ]
(608.66 | 246.65) [ 0 6 5 8 7 40 35 31 38 61 ]
(408.87 | 252.41) [ 0 18 17 14 48 44 47 61 ]
(508.44 | 240.75) [ 0 27 20 9 57 50 39 61 ]
(396.61 | 218.30) [ 0 28 15 23 26 56 58 45 53 61 ]
(288.48 | 227.82) [ 0 11 30 25 10 55 61 ]
(471.97 | 241.01) [ 0 21 29 22 59 52 51 61 ]


4458.51
(324.78 | 344.78) [ 0 15 37 61 ]
(375.66 | 75.79) [ 0 3 1 47 45 33 61 ]
(608.66 | 213.40) [ 0 7 8 5 6 38 31 35 40 61 ]
(437.18 | 212.15) [ 0 14 30 13 12 42 43 60 44 61 ]
(288.79 | 251.83) [ 0 10 25 17 55 61 ]
(591.66 | 256.39) [ 0 4 2 32 49 34 46 36 58 61 ]
(508.44 | 245.06) [ 0 9 20 27 57 50 39 61 ]
(471.97 | 241.74) [ 0 21 29 22 51 52 59 61 ]
(373.28 | 236.70) [ 0 18 11 23 26 56 41 53 48 61 ]
(298.10 | 248.32) [ 0 24 28 16 19 54 61 ]


4443.45
(327.23 | 347.23) [ 0 17 37 61 ]
(263.05 | -8435.70) [ 0 1 4 2 54 61 ]
(508.44 | 146.18) [ 0 9 20 27 39 50 57 61 ]
(471.97 | 182.31) [ 0 22 29 21 59 52 51 61 ]
(608.66 | 235.13) [ 0 6 5 8 7 40 35 31 38 61 ]
(382.85 | 241.13) [ 0 18 11 14 48 44 41 61 ]
(431.04 | 258.11) [ 0 26 23 12 13 32 42 43 53 56 61 ]
(625.21 | 234.92) [ 0 24 28 16 19 30 49 60 34 46 36 58 61 ]
(356.55 | 254.01) [ 0 3 47 45 33 61 ]
(288.46 | 255.00) [ 0 10 25 15 55 61 ]


4527.32
(363.41 | -1556.65) [ 0 14 2 1 37 61 ]
(447.03 | 226.25) [ 0 3 57 50 39 61 ]
(471.97 | 249.06) [ 0 21 29 22 51 52 59 61 ]
(454.16 | 220.86) [ 0 28 16 19 13 12 58 60 49 43 42 32 61 ]
(608.66 | 246.74) [ 0 6 5 8 7 38 31 35 40 61 ]
(373.28 | 226.73) [ 0 26 23 11 18 48 53 41 56 61 ]
(302.27 | 239.88) [ 0 9 27 24 54 61 ]
(568.06 | 232.58) [ 0 4 34 46 36 44 61 ]
(406.11 | 261.95) [ 0 30 17 15 47 45 33 61 ]
(292.39 | 239.25) [ 0 10 25 20 55 61 ]


4510.34
(331.85 | 331.85) [ 0 18 48 61 ]
(317.40 | 337.40) [ 0 22 37 61 ]
(508.44 | 139.31) [ 0 9 20 27 39 50 57 61 ]
(466.11 | 191.03) [ 0 29 16 21 10 59 52 51 61 ]
(608.66 | 236.85) [ 0 6 5 8 7 38 31 35 40 61 ]
(443.58 | 214.01) [ 0 30 19 13 12 23 42 43 60 58 53 61 ]
(359.35 | 246.01) [ 0 15 11 45 41 61 ]
(606.09 | 211.72) [ 0 1 4 2 3 32 49 34 46 36 33 61 ]
(303.68 | 219.11) [ 0 24 28 25 54 55 61 ]
(405.17 | 258.41) [ 0 26 17 14 56 44 47 61 ]


4477.78
(407.22 | 407.22) [ 0 21 51 61 ]
(373.28 | 139.15) [ 0 26 23 11 18 48 53 41 56 61 ]
(525.32 | 179.63) [ 0 1 38 31 35 40 61 ]
(375.58 | 236.02) [ 0 7 8 5 6 37 61 ]
(523.94 | 265.93) [ 0 17 20 47 50 61 ]
(572.15 | 227.83) [ 0 3 4 57 36 46 34 33 61 ]
(303.09 | 232.14) [ 0 24 25 27 55 54 61 ]
(416.11 | 216.05) [ 0 10 29 9 22 39 59 52 61 ]
(397.69 | 249.72) [ 0 14 28 15 44 45 58 61 ]
(463.41 | 223.23) [ 0 2 16 19 13 12 30 32 42 43 49 60 61 ]


4446.23
(278.20 | 521.10) [ 0 3 37 61 ]
(323.36 | -2963.99) [ 0 1 24 54 61 ]
(373.28 | 189.22) [ 0 18 11 23 26 56 41 53 48 61 ]
(294.78 | 237.49) [ 0 14 16 25 10 55 61 ]
(608.66 | 241.80) [ 0 7 8 5 6 40 35 31 38 61 ]
(508.44 | 225.22) [ 0 9 20 27 39 50 57 61 ]
(568.06 | 247.82) [ 0 4 34 46 36 44 61 ]
(471.97 | 239.67) [ 0 21 29 22 59 52 51 61 ]
(473.87 | 217.94) [ 0 2 28 19 13 12 30 32 42 43 49 60 58 61 ]
(405.62 | 266.27) [ 0 15 17 33 45 47 61 ]


4462.46
(286.70 | 286.70) [ 0 24 54 61 ]
(423.05 | -383.11) [ 0 3 4 2 47 44 33 32 61 ]
(525.32 | 263.09) [ 0 1 40 35 31 38 61 ]
(373.28 | 213.39) [ 0 26 23 11 18 56 41 53 48 61 ]
(418.67 | 250.20) [ 0 15 13 12 45 43 42 61 ]
(471.97 | 226.73) [ 0 22 29 21 59 52 51 61 ]
(375.58 | 250.89) [ 0 6 5 8 7 37 61 ]
(508.44 | 246.02) [ 0 9 20 27 57 50 39 61 ]
(302.85 | 219.28) [ 0 28 25 17 55 61 ]
(616.60 | 254.80) [ 0 30 19 16 14 10 58 36 46 34 60 49 61 ]


4474.59
(270.18 | 290.18) [ 0 22 55 61 ]
(373.28 | 169.43) [ 0 18 11 23 26 56 41 53 48 61 ]
(494.49 | 199.99) [ 0 1 51 31 61 ]
(414.00 | 285.18) [ 0 9 20 29 39 59 52 61 ]
(290.12 | 269.47) [ 0 10 14 24 54 61 ]
(418.67 | 251.66) [ 0 15 13 12 45 43 42 61 ]
(595.68 | 230.89) [ 0 7 8 5 6 38 35 40 50 61 ]
(624.44 | 219.89) [ 0 30 19 16 21 28 49 60 34 46 36 58 61 ]
(423.05 | 266.49) [ 0 3 4 2 47 44 33 32 61 ]
(370.70 | 262.79) [ 0 17 27 25 37 57 61 ]


4483.75
(308.12 | 232.01) [ 0 3 48 61 ]
(608.66 | 149.75) [ 0 7 8 5 6 40 35 31 38 61 ]
(508.44 | 261.51) [ 0 9 20 27 39 50 57 61 ]
(663.75 | 171.17) [ 0 4 2 16 19 30 18 32 49 60 34 46 36 61 ]
(359.35 | 244.21) [ 0 15 11 45 41 61 ]
(422.37 | 251.98) [ 0 23 12 13 10 58 53 33 43 42 61 ]
(292.24 | 266.09) [ 0 1 37 61 ]
(405.17 | 266.43) [ 0 14 17 26 56 44 47 61 ]
(471.97 | 217.20) [ 0 21 29 22 51 52 59 61 ]
(303.68 | 221.13) [ 0 25 28 24 54 55 61 ]


4458.94
(286.70 | 286.70) [ 0 24 54 61 ]
(548.20 | 181.91) [ 0 2 4 1 40 35 31 38 61 ]
(595.65 | 227.35) [ 0 17 14 10 44 36 46 34 61 ]
(508.44 | 194.95) [ 0 9 20 27 57 50 39 61 ]
(375.58 | 235.38) [ 0 6 5 8 7 37 61 ]
(454.16 | 170.65) [ 0 28 16 19 13 12 32 42 43 49 60 58 61 ]
(471.97 | 211.34) [ 0 22 29 21 51 52 59 61 ]
(288.41 | 223.06) [ 0 15 30 25 55 61 ]
(356.55 | 258.26) [ 0 3 33 45 47 61 ]
(373.28 | 242.08) [ 0 18 11 23 26 56 41 53 48 61 ]


4488.46
(317.40 | 337.40) [ 0 22 37 61 ]
(608.66 | -560.46) [ 0 7 8 5 6 38 31 35 40 61 ]
(472.58 | 251.67) [ 0 28 21 29 13 51 52 59 61 ]
(373.28 | 220.18) [ 0 26 23 11 18 48 53 41 56 61 ]
(447.04 | 242.55) [ 0 14 16 19 12 42 43 49 44 61 ]
(294.85 | 258.60) [ 0 24 15 54 61 ]
(356.55 | 226.07) [ 0 3 47 45 33 61 ]
(289.28 | 249.44) [ 0 30 17 25 10 55 61 ]
(508.44 | 248.92) [ 0 9 20 27 39 50 57 61 ]
(600.38 | 247.74) [ 0 2 4 1 32 60 34 46 36 58 61 ]


4504.52
(366.28 | -996.90) [ 0 1 11 37 61 ]
(393.84 | 179.76) [ 0 26 23 17 28 53 58 41 56 61 ]
(608.66 | 160.11) [ 0 7 8 5 6 38 31 35 40 61 ]
(296.43 | 230.26) [ 0 24 16 14 54 61 ]
(572.84 | 251.90) [ 0 2 4 34 46 36 44 61 ]
(471.97 | 235.23) [ 0 21 29 22 59 52 51 61 ]
(508.44 | 230.08) [ 0 9 20 27 39 50 57 61 ]
(441.06 | 211.21) [ 0 30 19 13 12 18 48 60 49 43 42 32 61 ]
(288.46 | 235.15) [ 0 10 25 15 55 61 ]
(356.55 | 259.89) [ 0 3 47 45 33 61 ]


4448.95
(230.98 | 257.04) [ 0 3 55 61 ]
(275.15 | 295.15) [ 0 17 54 61 ]
(471.97 | 200.08) [ 0 22 29 21 59 52 51 61 ]
(366.63 | 248.32) [ 0 11 15 41 45 33 61 ]
(508.44 | 234.42) [ 0 9 20 27 39 50 57 61 ]
(375.58 | 245.34) [ 0 7 8 5 6 37 61 ]
(415.75 | 248.61) [ 0 18 25 14 10 48 44 47 61 ]
(625.21 | 205.27) [ 0 24 28 16 19 30 58 36 46 34 60 49 61 ]
(548.20 | 256.26) [ 0 1 4 2 38 31 35 40 61 ]
(431.04 | 252.89) [ 0 26 23 12 13 56 53 43 42 32 61 ]


4491.97
(366.28 | -940.82) [ 0 1 11 37 61 ]
(608.66 | 195.50) [ 0 7 8 5 6 38 31 35 40 61 ]
(292.68 | 186.86) [ 0 14 28 24 54 61 ]
(320.01 | 231.12) [ 0 3 41 45 33 61 ]
(295.17 | 229.49) [ 0 16 25 15 55 61 ]
(471.97 | 243.43) [ 0 22 29 21 51 52 59 61 ]
(414.28 | 244.58) [ 0 10 17 23 26 53 58 47 56 61 ]
(508.44 | 243.23) [ 0 9 20 27 39 50 57 61 ]
(441.66 | 242.30) [ 0 12 13 19 30 18 32 42 43 49 60 48 61 ]
(572.84 | 258.43) [ 0 4 2 44 36 46 34 61 ]


4477.08
(287.95 | 287.95) [ 0 25 55 61 ]
(494.49 | 118.36) [ 0 1 31 51 61 ]
(595.68 | -333.45) [ 0 7 8 5 6 38 35 40 50 61 ]
(373.28 | 100.50) [ 0 18 11 23 26 56 41 53 48 61 ]
(413.09 | 241.00) [ 0 20 17 47 37 61 ]
(576.92 | 188.90) [ 0 2 4 3 33 34 46 36 57 61 ]
(397.69 | 256.98) [ 0 14 28 15 44 45 58 61 ]
(434.50 | 241.27) [ 0 12 13 27 30 10 32 43 49 60 42 61 ]
(297.57 | 244.27) [ 0 24 21 19 54 61 ]
(425.92 | 253.94) [ 0 22 9 29 16 52 59 39 61 ]


4492.37
(317.40 | 317.40) [ 0 22 37 61 ]
(309.60 | 438.07) [ 0 3 33 61 ]
(465.92 | 104.21) [ 0 30 29 19 16 21 51 52 59 61 ]
(608.66 | 268.61) [ 0 6 5 8 7 38 31 35 40 61 ]
(508.44 | 256.86) [ 0 9 20 27 57 50 39 61 ]
(408.87 | 248.60) [ 0 18 17 14 47 44 48 61 ]
(598.65 | 240.40) [ 0 1 4 2 36 46 34 60 49 32 61 ]
(415.67 | 237.50) [ 0 11 13 12 42 43 41 61 ]
(302.55 | 233.82) [ 0 10 25 24 54 55 61 ]
(396.61 | 219.18) [ 0 28 15 23 26 53 45 58 56 61 ]


4496.29
(286.70 | 286.70) [ 0 24 54 61 ]
(292.24 | 565.80) [ 0 1 37 61 ]
(617.27 | 170.55) [ 0 30 17 21 47 36 46 60 49 61 ]
(298.66 | 194.68) [ 0 10 16 19 25 13 55 61 ]
(373.28 | 215.48) [ 0 26 23 11 18 48 53 41 56 61 ]
(397.69 | 231.83) [ 0 14 28 15 44 45 58 61 ]
(608.66 | 241.97) [ 0 7 8 5 6 40 35 31 38 61 ]
(508.44 | 236.55) [ 0 9 20 27 57 50 39 61 ]
(473.58 | 221.45) [ 0 3 4 2 33 34 43 42 32 61 ]
(459.77 | 252.29) [ 0 29 12 22 51 52 59 61 ]


4478.04
(608.66 | 117.11) [ 0 7 8 5 6 40 35 31 38 61 ]
(473.58 | 181.88) [ 0 3 4 2 33 34 43 42 32 61 ]
(332.52 | 342.09) [ 0 12 37 61 ]
(615.59 | 227.59) [ 0 30 17 19 16 10 47 36 46 60 49 61 ]
(471.97 | 223.01) [ 0 22 29 21 51 52 59 61 ]
(384.95 | 225.29) [ 0 26 15 14 45 44 56 61 ]
(508.44 | 248.40) [ 0 9 20 27 39 50 57 61 ]
(396.95 | 246.73) [ 0 18 23 11 28 48 53 58 41 61 ]
(245.01 | 252.67) [ 0 1 55 61 ]
(300.37 | 267.44) [ 0 13 25 24 54 61 ]


4491.64
(309.60 | 424.83) [ 0 3 33 61 ]
(317.40 | 337.40) [ 0 22 37 61 ]
(608.66 | -3.14) [ 0 6 5 8 7 40 35 31 38 61 ]
(374.56 | 227.49) [ 0 15 14 10 58 45 44 61 ]
(598.09 | 208.24) [ 0 1 4 2 32 43 34 46 36 61 ]
(508.44 | 221.92) [ 0 9 20 27 57 50 39 61 ]
(472.58 | 247.72) [ 0 13 29 21 28 51 52 59 61 ]
(303.60 | 230.16) [ 0 24 16 25 54 55 61 ]
(465.44 | 261.99) [ 0 30 17 12 19 47 60 49 42 61 ]
(373.28 | 249.40) [ 0 18 11 23 26 48 53 41 56 61 ]


4523.25
(226.13 | -322.43) [ 0 3 54 61 ]
(375.58 | 80.57) [ 0 6 5 8 7 37 61 ]
(508.44 | 244.02) [ 0 9 20 27 39 50 57 61 ]
(617.63 | 292.78) [ 0 1 16 29 30 38 31 35 40 61 ]
(476.99 | 277.05) [ 0 22 21 28 59 52 51 61 ]
(373.28 | 189.67) [ 0 26 23 11 18 56 41 53 48 61 ]
(405.62 | 270.88) [ 0 15 17 33 45 47 61 ]
(591.77 | 269.31) [ 0 4 2 58 36 46 34 60 32 61 ]
(301.72 | 257.17) [ 0 10 25 24 55 61 ]
(446.09 | 253.91) [ 0 12 13 19 14 44 49 43 42 61 ]


4504.82
(548.20 | -1123.85) [ 0 2 4 1 38 31 35 40 61 ]
(585.49 | 236.62) [ 0 14 34 46 36 44 61 ]
(356.55 | 177.86) [ 0 3 33 45 47 61 ]
(375.58 | 265.24) [ 0 6 5 8 7 37 61 ]
(454.11 | 236.49) [ 0 16 19 30 17 26 32 42 43 49 60 56 61 ]
(292.68 | 247.23) [ 0 10 25 13 12 55 61 ]
(294.85 | 262.60) [ 0 24 15 54 61 ]
(396.95 | 223.80) [ 0 28 11 23 18 41 58 53 48 61 ]
(471.97 | 236.76) [ 0 21 29 22 59 52 51 61 ]
(508.44 | 218.32) [ 0 9 20 27 39 50 57 61 ]


4488.18
(280.44 | 532.67) [ 0 12 54 61 ]
(525.32 | 132.08) [ 0 1 40 35 31 38 61 ]
(508.44 | 127.11) [ 0 9 20 27 57 50 39 61 ]
(615.22 | 246.96) [ 0 16 19 30 15 10 47 36 46 60 49 61 ]
(375.58 | 237.33) [ 0 6 5 8 7 37 61 ]
(373.28 | 204.01) [ 0 18 11 23 26 48 53 41 56 61 ]
(292.07 | 225.82) [ 0 17 13 25 55 61 ]
(471.97 | 243.69) [ 0 22 29 21 59 52 51 61 ]
(392.29 | 223.38) [ 0 14 28 24 44 45 58 61 ]
(473.58 | 231.53) [ 0 3 4 2 33 34 43 42 32 61 ]


4504.69
(467.42 | -433.14) [ 0 4 28 23 26 53 58 47 56 61 ]
(289.74 | 151.76) [ 0 17 29 25 55 61 ]
(608.66 | 224.13) [ 0 6 5 8 7 40 35 31 38 61 ]
(472.02 | 239.78) [ 0 22 16 21 51 52 59 61 ]
(544.53 | 268.68) [ 0 3 44 36 46 34 61 ]
(508.44 | 243.47) [ 0 9 20 27 57 50 39 61 ]
(464.90 | 242.73) [ 0 2 19 13 12 30 18 48 60 49 43 42 32 61 ]
(366.63 | 265.59) [ 0 15 11 33 45 41 61 ]
(292.24 | 262.16) [ 0 1 37 61 ]
(290.12 | 257.07) [ 0 10 14 24 54 61 ]


4483.35
(267.90 | -1932.57) [ 0 2 4 1 55 61 ]
(327.23 | 347.23) [ 0 17 37 61 ]
(356.55 | -77.33) [ 0 3 47 45 33 61 ]
(442.06 | 233.37) [ 0 12 25 14 44 43 42 32 61 ]
(508.44 | 228.16) [ 0 9 20 27 57 50 39 61 ]
(608.66 | 239.83) [ 0 6 5 8 7 40 35 31 38 61 ]
(459.97 | 256.23) [ 0 10 29 13 22 51 52 59 61 ]
(373.28 | 244.79) [ 0 26 23 11 18 48 53 41 56 61 ]
(294.75 | 255.01) [ 0 21 24 54 61 ]
(624.52 | 216.66) [ 0 15 30 19 16 28 49 60 34 46 36 58 61 ]


4544.37
(230.98 | 368.85) [ 0 3 55 61 ]
(568.52 | -279.83) [ 0 20 21 50 40 35 38 61 ]
(645.88 | -84.73) [ 0 4 12 22 34 46 36 44 61 ]
(494.49 | 211.01) [ 0 1 51 31 61 ]
(296.43 | 240.76) [ 0 24 16 14 54 61 ]
(416.80 | 244.55) [ 0 9 29 27 10 57 39 59 61 ]
(420.23 | 251.87) [ 0 6 5 8 7 37 52 61 ]
(472.16 | 232.66) [ 0 2 28 19 25 13 30 32 42 43 49 60 58 61 ]
(373.28 | 238.82) [ 0 26 23 11 18 56 41 53 48 61 ]
(405.62 | 251.51) [ 0 15 17 47 45 33 61 ]


4457.40
(552.24 | 328.97) [ 0 14 38 31 35 40 61 ]
(471.97 | 111.74) [ 0 22 29 21 51 52 59 61 ]
(508.44 | 196.52) [ 0 9 20 27 57 50 39 61 ]
(373.28 | 130.88) [ 0 26 23 11 18 56 41 53 48 61 ]
(375.58 | 257.50) [ 0 7 8 5 6 37 61 ]
(423.05 | 264.75) [ 0 3 4 2 47 44 33 32 61 ]
(418.67 | 263.20) [ 0 15 13 12 45 43 42 61 ]
(625.21 | 225.02) [ 0 24 28 16 19 30 49 60 34 46 36 58 61 ]
(240.17 | 235.33) [ 0 1 54 61 ]
(288.79 | 250.11) [ 0 10 25 17 55 61 ]


4482.99
(342.06 | -539.32) [ 0 16 15 37 61 ]
(608.66 | 259.99) [ 0 6 5 8 7 40 35 31 38 61 ]
(366.36 | 204.70) [ 0 22 26 23 18 48 53 41 56 61 ]
(508.44 | 253.81) [ 0 9 20 27 57 50 39 61 ]
(576.67 | 219.41) [ 0 1 4 34 46 36 44 61 ]
(288.47 | 252.05) [ 0 10 25 11 55 61 ]
(465.84 | 217.80) [ 0 14 21 29 51 52 59 61 ]
(296.06 | 239.05) [ 0 17 24 54 61 ]
(473.87 | 236.83) [ 0 30 12 13 19 28 2 32 42 43 49 60 58 61 ]
(356.55 | 266.63) [ 0 3 47 45 33 61 ]


4484.12
(595.68 | 216.88) [ 0 7 8 5 6 50 40 35 38 61 ]
(494.49 | 256.19) [ 0 1 51 31 61 ]
(449.16 | 204.46) [ 0 9 29 17 47 39 59 61 ]
(292.39 | 230.49) [ 0 10 25 20 55 61 ]
(417.63 | 221.42) [ 0 2 21 22 37 52 61 ]
(397.69 | 225.48) [ 0 14 28 15 44 45 58 61 ]
(298.50 | 254.99) [ 0 24 16 27 54 61 ]
(364.79 | 251.64) [ 0 11 23 26 56 41 53 61 ]
(572.15 | 256.25) [ 0 3 4 33 34 46 36 57 61 ]
(441.66 | 239.06) [ 0 12 13 19 30 18 32 42 43 49 60 48 61 ]


4544.98
(494.49 | -287.62) [ 0 1 51 31 61 ]
(496.46 | -503.96) [ 0 6 7 12 47 43 42 61 ]
(604.14 | 98.82) [ 0 5 8 20 10 38 35 40 50 61 ]
(373.28 | 177.82) [ 0 18 11 23 26 48 53 41 56 61 ]
(372.47 | 274.05) [ 0 14 29 17 59 52 61 ]
(413.23 | 268.80) [ 0 15 27 9 37 39 57 61 ]
(399.67 | 252.29) [ 0 2 4 3 44 45 33 32 61 ]
(625.21 | 194.09) [ 0 30 19 16 28 24 49 60 34 46 36 58 61 ]
(300.71 | 230.58) [ 0 21 25 13 55 61 ]
(265.33 | 244.94) [ 0 22 54 61 ]


4480.04
(249.86 | 269.86) [ 0 18 54 61 ]
(312.08 | 406.12) [ 0 10 37 61 ]
(508.44 | 170.71) [ 0 9 20 27 57 50 39 61 ]
(608.43 | 230.18) [ 0 3 2 4 1 48 33 34 36 46 32 61 ]
(608.66 | 274.59) [ 0 6 5 8 7 38 31 35 40 61 ]
(444.90 | 247.77) [ 0 11 30 19 13 26 56 41 60 49 43 61 ]
(471.97 | 239.62) [ 0 22 29 21 51 52 59 61 ]
(421.36 | 241.77) [ 0 14 17 28 58 44 47 61 ]
(411.58 | 253.47) [ 0 23 12 15 53 45 42 61 ]
(302.76 | 248.45) [ 0 24 16 25 55 61 ]


4473.95
(280.44 | 547.04) [ 0 12 54 61 ]
(383.27 | 167.33) [ 0 18 15 14 44 45 48 61 ]
(608.66 | 199.46) [ 0 6 5 8 7 40 35 31 38 61 ]
(471.97 | 228.22) [ 0 21 29 22 51 52 59 61 ]
(292.24 | 254.71) [ 0 1 37 61 ]
(473.58 | 257.66) [ 0 2 4 3 33 34 43 42 32 61 ]
(305.21 | 259.02) [ 0 13 25 24 55 61 ]
(394.55 | 251.80) [ 0 28 11 23 26 53 58 41 56 61 ]
(615.59 | 244.59) [ 0 30 17 19 16 10 47 36 46 60 49 61 ]
(508.44 | 230.99) [ 0 9 20 27 39 50 57 61 ]


4448.09
(286.70 | 286.70) [ 0 24 54 61 ]
(530.40 | -782.83) [ 0 3 1 40 35 31 38 61 ]
(508.44 | 232.05) [ 0 27 20 9 57 50 39 61 ]
(410.64 | 269.94) [ 0 11 17 33 41 47 61 ]
(471.97 | 213.84) [ 0 21 29 22 51 52 59 61 ]
(375.58 | 247.70) [ 0 7 8 5 6 37 61 ]
(294.78 | 218.72) [ 0 14 16 25 10 55 61 ]
(568.06 | 248.08) [ 0 4 34 46 36 44 61 ]
(464.90 | 227.50) [ 0 18 30 12 13 19 2 32 42 43 49 60 48 61 ]
(396.61 | 243.18) [ 0 28 15 23 26 53 45 58 56 61 ]


4462.46
(324.78 | 344.78) [ 0 15 37 61 ]
(263.05 | -3085.69) [ 0 2 4 1 54 61 ]
(508.44 | 183.18) [ 0 9 20 27 57 50 39 61 ]
(472.13 | 197.08) [ 0 22 21 10 51 52 59 61 ]
(289.74 | 181.93) [ 0 17 29 25 55 61 ]
(382.85 | 234.75) [ 0 14 11 18 48 44 41 61 ]
(608.66 | 247.89) [ 0 7 8 5 6 38 31 35 40 61 ]
(431.04 | 198.83) [ 0 26 23 12 13 56 53 43 42 32 61 ]
(356.55 | 252.66) [ 0 3 47 45 33 61 ]
(625.21 | 231.53) [ 0 30 19 16 28 24 49 60 34 46 36 58 61 ]


4499.72
(316.81 | -205.70) [ 0 3 24 29 54 61 ]
(568.06 | 65.64) [ 0 4 44 36 46 34 61 ]
(405.25 | 259.30) [ 0 15 14 33 45 47 61 ]
(608.66 | 258.03) [ 0 7 8 5 6 40 35 31 38 61 ]
(292.24 | 250.00) [ 0 1 37 61 ]
(472.02 | 249.55) [ 0 21 16 22 51 52 59 61 ]
(394.55 | 236.37) [ 0 28 11 23 26 53 58 41 56 61 ]
(508.44 | 237.55) [ 0 9 20 27 57 50 39 61 ]
(464.90 | 227.35) [ 0 2 19 13 12 30 18 48 60 49 43 42 32 61 ]
(288.79 | 249.13) [ 0 10 25 17 55 61 ]


4440.33
(287.95 | 287.95) [ 0 25 55 61 ]
(278.20 | 298.20) [ 0 3 37 61 ]
(454.16 | -370.40) [ 0 28 16 19 13 12 58 60 49 43 42 32 61 ]
(608.66 | 205.16) [ 0 6 5 8 7 40 35 31 38 61 ]
(581.45 | 253.71) [ 0 1 4 2 44 36 46 34 61 ]
(508.44 | 262.80) [ 0 9 20 27 57 50 39 61 ]
(471.97 | 244.71) [ 0 22 29 21 59 52 51 61 ]
(290.12 | 261.05) [ 0 10 14 24 54 61 ]
(373.28 | 248.10) [ 0 18 11 23 26 56 41 53 48 61 ]
(406.11 | 258.53) [ 0 15 17 30 47 45 33 61 ]


4479.28
(278.20 | 399.23) [ 0 3 37 61 ]
(407.22 | 407.22) [ 0 21 51 61 ]
(581.45 | -532.07) [ 0 2 4 1 34 46 36 44 61 ]
(608.66 | 192.87) [ 0 6 5 8 7 38 31 35 40 61 ]
(303.31 | 188.33) [ 0 10 30 25 24 55 54 61 ]
(405.62 | 242.38) [ 0 17 15 33 45 47 61 ]
(508.44 | 231.33) [ 0 27 20 9 57 50 39 61 ]
(373.28 | 266.98) [ 0 18 11 23 26 48 53 41 56 61 ]
(378.93 | 262.14) [ 0 14 29 22 52 59 61 ]
(454.16 | 273.06) [ 0 12 13 19 16 28 32 42 43 49 60 58 61 ]


4524.15
(317.40 | 337.40) [ 0 22 37 61 ]
(468.41 | 193.90) [ 0 12 29 21 59 52 51 61 ]
(603.47 | 236.83) [ 0 15 17 30 47 36 46 43 61 ]
(608.66 | 204.91) [ 0 6 5 8 7 38 31 35 40 61 ]
(473.37 | 185.83) [ 0 3 4 2 33 34 60 49 42 32 61 ]
(392.29 | 264.45) [ 0 14 28 24 58 45 44 61 ]
(508.44 | 229.41) [ 0 9 20 27 39 50 57 61 ]
(373.28 | 234.31) [ 0 26 23 11 18 56 41 53 48 61 ]
(298.66 | 255.57) [ 0 13 25 19 16 10 55 61 ]
(240.17 | 250.75) [ 0 1 54 61 ]


4506.08
(286.70 | 286.70) [ 0 24 54 61 ]
(576.67 | 210.78) [ 0 1 4 34 46 36 44 61 ]
(595.68 | 225.31) [ 0 6 5 8 7 38 35 40 50 61 ]
(372.18 | 242.53) [ 0 17 27 12 57 37 61 ]
(545.37 | 254.20) [ 0 21 16 14 31 51 61 ]
(471.59 | 238.24) [ 0 2 28 19 20 30 32 42 43 49 60 58 61 ]
(373.28 | 238.86) [ 0 18 11 23 26 56 41 53 48 61 ]
(356.55 | 248.68) [ 0 3 47 45 33 61 ]
(291.95 | 261.66) [ 0 13 25 15 55 61 ]
(416.11 | 246.92) [ 0 22 9 29 10 52 59 39 61 ]


4488.70
(286.70 | 286.70) [ 0 24 54 61 ]
(494.49 | 56.95) [ 0 1 51 31 61 ]
(595.68 | 54.46) [ 0 7 8 5 6 38 35 40 50 61 ]
(414.60 | 253.21) [ 0 9 20 27 37 39 57 61 ]
(383.27 | 243.36) [ 0 18 15 14 48 45 44 61 ]
(473.58 | 217.25) [ 0 3 4 2 33 34 43 42 32 61 ]
(378.28 | 255.22) [ 0 22 12 29 59 52 61 ]
(394.74 | 265.02) [ 0 26 23 21 28 53 58 41 56 61 ]
(615.59 | 265.24) [ 0 10 16 19 17 30 47 36 46 60 49 61 ]
(291.77 | 256.09) [ 0 11 13 25 55 61 ]


4463.15
(494.49 | -578.13) [ 0 1 51 31 61 ]
(289.08 | 211.91) [ 0 17 20 55 61 ]
(595.68 | 261.50) [ 0 7 8 5 6 50 40 35 38 61 ]
(356.55 | 290.59) [ 0 3 47 45 33 61 ]
(413.23 | 244.46) [ 0 9 27 15 37 39 57 61 ]
(437.18 | 251.76) [ 0 12 13 30 14 44 60 43 42 61 ]
(381.26 | 261.66) [ 0 22 29 25 59 52 61 ]
(294.75 | 249.81) [ 0 24 21 54 61 ]
(373.28 | 258.30) [ 0 26 23 11 18 48 53 41 56 61 ]
(667.65 | 252.54) [ 0 4 2 28 16 19 10 32 49 34 46 36 58 61 ]


4439.83
(324.78 | 344.78) [ 0 15 37 61 ]
(608.66 | 97.69) [ 0 6 5 8 7 38 31 35 40 61 ]
(295.50 | 217.87) [ 0 16 25 17 55 61 ]
(356.55 | 204.83) [ 0 3 47 45 33 61 ]
(576.67 | 249.11) [ 0 1 4 34 46 36 44 61 ]
(508.44 | 250.69) [ 0 9 20 27 39 50 57 61 ]
(471.97 | 243.14) [ 0 21 29 22 51 52 59 61 ]
(290.12 | 266.47) [ 0 10 14 24 54 61 ]
(473.87 | 242.91) [ 0 2 28 19 13 12 30 32 42 43 49 60 58 61 ]
(373.28 | 251.40) [ 0 26 23 11 18 48 53 41 56 61 ]


4472.04
(286.70 | 286.70) [ 0 24 54 61 ]
(595.68 | -686.55) [ 0 6 5 8 7 38 35 40 50 61 ]
(455.89 | 60.30) [ 0 22 26 9 29 56 39 59 52 61 ]
(494.49 | 219.55) [ 0 1 51 31 61 ]
(359.35 | 237.53) [ 0 15 11 41 45 61 ]
(299.10 | 244.19) [ 0 16 25 20 55 61 ]
(600.18 | 202.65) [ 0 2 4 3 32 34 46 36 58 33 61 ]
(385.41 | 269.95) [ 0 28 21 19 27 37 57 61 ]
(426.37 | 243.31) [ 0 10 30 13 12 23 53 60 49 43 42 61 ]
(408.87 | 247.57) [ 0 18 17 14 48 44 47 61 ]


4446.35
(324.78 | 344.78) [ 0 15 37 61 ]
(608.66 | 188.98) [ 0 7 8 5 6 40 35 31 38 61 ]
(373.28 | 204.27) [ 0 18 11 23 26 56 41 53 48 61 ]
(471.97 | 225.60) [ 0 21 29 22 51 52 59 61 ]
(508.44 | 246.15) [ 0 9 20 27 39 50 57 61 ]
(296.43 | 265.21) [ 0 14 16 24 54 61 ]
(456.00 | 239.85) [ 0 28 19 13 12 30 32 42 43 49 60 58 61 ]
(356.55 | 259.60) [ 0 3 47 45 33 61 ]
(581.45 | 262.44) [ 0 2 4 1 44 36 46 34 61 ]
(288.79 | 257.06) [ 0 10 25 17 55 61 ]


4437.40
(267.09 | 287.09) [ 0 14 54 61 ]
(525.32 | 165.58) [ 0 1 38 31 35 40 61 ]
(375.58 | 241.63) [ 0 6 5 8 7 37 61 ]
(625.21 | 171.42) [ 0 30 19 16 28 24 58 36 46 34 60 49 61 ]
(288.79 | 259.25) [ 0 10 25 17 55 61 ]
(508.44 | 225.69) [ 0 9 20 27 57 50 39 61 ]
(471.97 | 238.75) [ 0 21 29 22 59 52 51 61 ]
(423.05 | 231.74) [ 0 3 4 2 47 44 33 32 61 ]
(373.28 | 219.80) [ 0 26 23 11 18 56 41 53 48 61 ]
(418.67 | 243.72) [ 0 15 13 12 45 43 42 61 ]


4519.86
(608.66 | -778.73) [ 0 7 8 5 6 38 31 35 40 61 ]
(615.07 | 190.61) [ 0 19 16 49 60 46 36 45 61 ]
(295.11 | 225.07) [ 0 15 30 24 54 61 ]
(292.24 | 252.88) [ 0 1 37 61 ]
(405.17 | 225.81) [ 0 14 17 26 47 44 56 61 ]
(396.95 | 242.26) [ 0 18 23 11 28 48 53 58 41 61 ]
(508.44 | 236.65) [ 0 9 20 27 39 50 57 61 ]
(471.97 | 235.03) [ 0 21 29 22 59 52 51 61 ]
(473.58 | 244.17) [ 0 3 4 2 33 34 43 42 32 61 ]
(292.68 | 243.65) [ 0 12 13 25 10 55 61 ]


4493.02
(314.21 | -796.68) [ 0 1 11 54 61 ]
(608.66 | 263.20) [ 0 6 5 8 7 38 31 35 40 61 ]
(507.07 | 265.58) [ 0 15 27 9 57 50 39 61 ]
(301.73 | 255.86) [ 0 4 37 61 ]
(320.01 | 266.82) [ 0 3 41 45 33 61 ]
(471.97 | 228.68) [ 0 22 29 21 51 52 59 61 ]
(435.65 | 244.76) [ 0 30 13 12 23 26 56 53 60 43 42 61 ]
(652.48 | 252.36) [ 0 19 16 28 24 2 58 36 46 34 49 32 61 ]
(408.87 | 253.58) [ 0 18 17 14 47 44 48 61 ]
(292.39 | 252.28) [ 0 10 25 20 55 61 ]


4483.17
(286.70 | 286.70) [ 0 24 54 61 ]
(445.99 | -507.87) [ 0 7 15 37 47 61 ]
(394.45 | -603.72) [ 0 14 21 28 44 45 58 61 ]
(604.01 | 179.58) [ 0 6 5 8 20 38 35 40 50 61 ]
(494.49 | 220.14) [ 0 1 51 31 61 ]
(373.28 | 241.58) [ 0 26 23 11 18 48 53 41 56 61 ]
(467.14 | 240.96) [ 0 2 16 19 13 12 30 42 60 49 43 32 61 ]
(416.11 | 259.44) [ 0 10 29 9 22 52 59 39 61 ]
(572.15 | 254.12) [ 0 3 4 57 36 46 34 33 61 ]
(288.85 | 251.32) [ 0 17 27 25 55 61 ]


