4197.72
(255.85 | 275.85) [ 0 11 46 51 ]
(393.76 | -366.25) [ 0 13 25 23 50 38 48 51 ]
(369.43 | -110.32) [ 0 1 4 3 29 47 36 51 ]
(483.16 | 157.39) [ 0 18 21 22 26 43 51 ]
(582.68 | 199.13) [ 0 20 5 17 30 45 42 51 ]
(617.71 | 187.02) [ 0 8 12 14 33 37 39 51 ]
(472.71 | 189.63) [ 0 2 6 19 31 27 44 51 ]
(489.78 | 202.68) [ 0 7 24 9 32 28 49 34 51 ]
(432.65 | 210.04) [ 0 10 16 15 41 40 35 51 ]


4200.90
(267.61 | 287.61) [ 0 20 46 51 ]
(432.65 | -541.88) [ 0 15 16 10 35 40 41 51 ]
(413.97 | -81.97) [ 0 1 4 2 3 47 28 32 29 51 ]
(617.71 | 177.31) [ 0 14 12 8 39 37 33 51 ]
(393.76 | 187.64) [ 0 13 25 23 48 38 50 51 ]
(444.39 | 217.66) [ 0 11 9 24 34 49 36 51 ]
(585.13 | 211.65) [ 0 5 7 17 30 45 42 51 ]
(483.16 | 234.53) [ 0 22 21 18 26 43 51 ]
(442.52 | 212.81) [ 0 6 19 31 27 44 51 ]


4212.22
(519.21 | -1060.20) [ 0 1 18 43 26 51 ]
(403.08 | 146.49) [ 0 19 20 31 27 44 51 ]
(585.13 | 218.19) [ 0 5 7 17 30 45 42 51 ]
(402.12 | 110.38) [ 0 3 4 2 29 32 28 47 51 ]
(393.76 | 137.73) [ 0 23 25 13 50 38 48 51 ]
(444.39 | 213.64) [ 0 11 9 24 36 49 34 51 ]
(289.01 | 227.82) [ 0 14 22 21 46 51 ]
(432.65 | 142.72) [ 0 10 16 15 41 40 35 51 ]
(622.87 | 202.99) [ 0 12 6 8 33 37 39 51 ]


4200.90
(267.61 | 287.61) [ 0 20 46 51 ]
(483.16 | 211.55) [ 0 18 21 22 43 26 51 ]
(585.13 | 201.83) [ 0 17 7 5 30 45 42 51 ]
(617.71 | 175.02) [ 0 14 12 8 33 37 39 51 ]
(393.76 | 218.15) [ 0 23 25 13 48 38 50 51 ]
(442.52 | 218.58) [ 0 6 19 31 27 44 51 ]
(413.97 | 216.15) [ 0 1 4 2 3 47 28 32 29 51 ]
(432.65 | 200.12) [ 0 10 16 15 41 40 35 51 ]
(444.39 | 220.81) [ 0 24 9 11 36 49 34 51 ]


4191.33
(257.38 | 257.38) [ 0 14 46 51 ]
(620.81 | 200.14) [ 0 8 7 12 39 37 33 51 ]
(393.76 | 188.59) [ 0 23 25 13 50 38 48 51 ]
(413.97 | 218.36) [ 0 1 4 2 3 47 28 32 29 51 ]
(432.65 | 172.65) [ 0 10 16 15 35 40 41 51 ]
(582.68 | 202.16) [ 0 17 5 20 30 45 42 51 ]
(444.39 | 204.77) [ 0 11 9 24 34 49 36 51 ]
(483.16 | 219.93) [ 0 18 21 22 26 43 51 ]
(442.52 | 213.29) [ 0 6 19 44 27 31 51 ]


4191.51
(457.18 | -2098.13) [ 0 19 2 4 3 44 27 31 51 ]
(430.42 | 211.06) [ 0 1 43 26 51 ]
(622.87 | 160.27) [ 0 8 6 12 39 37 33 51 ]
(489.78 | 199.57) [ 0 9 24 7 32 28 49 34 51 ]
(432.65 | 168.16) [ 0 15 16 10 35 40 41 51 ]
(582.68 | 214.22) [ 0 17 5 20 30 45 42 51 ]
(393.76 | 175.42) [ 0 13 25 23 50 38 48 51 ]
(364.41 | 219.33) [ 0 14 11 29 47 36 51 ]
(297.75 | 222.69) [ 0 18 21 22 46 51 ]


4191.33
(257.38 | 277.38) [ 0 14 46 51 ]
(483.16 | 212.94) [ 0 18 21 22 26 43 51 ]
(582.68 | 159.93) [ 0 20 5 17 30 45 42 51 ]
(393.76 | 145.00) [ 0 13 25 23 48 38 50 51 ]
(620.81 | 213.28) [ 0 12 7 8 39 37 33 51 ]
(442.52 | 217.77) [ 0 6 19 44 27 31 51 ]
(413.97 | 229.25) [ 0 1 4 2 3 47 28 32 29 51 ]
(432.65 | 219.30) [ 0 10 16 15 41 40 35 51 ]
(444.39 | 204.90) [ 0 11 9 24 36 49 34 51 ]


4195.55
(255.85 | 255.85) [ 0 11 46 51 ]
(617.71 | 118.73) [ 0 14 12 8 33 37 39 51 ]
(393.76 | 128.83) [ 0 23 25 13 48 38 50 51 ]
(432.65 | 196.30) [ 0 10 16 15 35 40 41 51 ]
(483.16 | 219.96) [ 0 18 21 22 26 43 51 ]
(582.68 | 214.64) [ 0 17 5 20 42 45 30 51 ]
(442.52 | 236.43) [ 0 6 19 44 27 31 51 ]
(377.45 | 213.63) [ 0 1 4 2 3 29 47 36 51 ]
(489.78 | 209.03) [ 0 9 24 7 34 49 28 32 51 ]


4227.67
(442.20 | 177.57) [ 0 20 15 16 41 40 35 51 ]
(447.12 | 192.53) [ 0 3 4 2 29 28 49 34 51 ]
(425.45 | 175.32) [ 0 7 24 11 32 36 47 51 ]
(568.99 | 183.55) [ 0 9 17 22 42 45 30 51 ]
(617.71 | 237.80) [ 0 8 12 14 39 37 33 51 ]
(442.59 | 213.77) [ 0 6 5 19 44 27 31 51 ]
(299.45 | 197.08) [ 0 21 18 10 46 51 ]
(393.76 | 176.00) [ 0 13 25 23 50 38 48 51 ]
(430.42 | 199.36) [ 0 1 43 26 51 ]


4203.88
(472.84 | 109.25) [ 0 14 24 9 32 28 49 34 51 ]
(472.71 | 38.65) [ 0 2 6 19 44 27 31 51 ]
(393.76 | 58.20) [ 0 13 25 23 48 38 50 51 ]
(582.68 | 151.82) [ 0 20 5 17 30 45 42 51 ]
(297.75 | 193.92) [ 0 18 21 22 46 51 ]
(432.65 | 231.55) [ 0 15 16 10 41 40 35 51 ]
(362.15 | 241.33) [ 0 11 36 47 29 51 ]
(448.54 | 214.28) [ 0 3 4 1 43 26 51 ]
(620.81 | 194.22) [ 0 12 7 8 33 37 39 51 ]


4191.33
(257.38 | 277.38) [ 0 14 46 51 ]
(432.65 | 157.80) [ 0 10 16 15 35 40 41 51 ]
(393.76 | 165.01) [ 0 13 25 23 50 38 48 51 ]
(413.97 | 122.03) [ 0 3 2 4 1 47 28 32 29 51 ]
(582.68 | 226.03) [ 0 20 5 17 30 45 42 51 ]
(444.39 | 203.98) [ 0 11 9 24 34 49 36 51 ]
(620.81 | 227.47) [ 0 8 7 12 33 37 39 51 ]
(483.16 | 218.28) [ 0 22 21 18 26 43 51 ]
(442.52 | 212.25) [ 0 6 19 44 27 31 51 ]


4191.33
(257.38 | 277.38) [ 0 14 46 51 ]
(620.81 | 146.92) [ 0 8 7 12 39 37 33 51 ]
(393.76 | 165.32) [ 0 23 25 13 48 38 50 51 ]
(483.16 | 210.34) [ 0 22 21 18 26 43 51 ]
(413.97 | 204.29) [ 0 1 4 2 3 47 28 32 29 51 ]
(432.65 | 195.60) [ 0 10 16 15 41 40 35 51 ]
(582.68 | 215.38) [ 0 17 5 20 30 45 42 51 ]
(444.39 | 217.84) [ 0 24 9 11 34 49 36 51 ]
(442.52 | 210.24) [ 0 6 19 44 27 31 51 ]


4200.90
(267.61 | 287.61) [ 0 20 46 51 ]
(393.76 | 116.73) [ 0 13 25 23 48 38 50 51 ]
(585.13 | 217.35) [ 0 17 7 5 30 45 42 51 ]
(442.52 | 195.48) [ 0 6 19 44 27 31 51 ]
(444.39 | 214.82) [ 0 11 9 24 34 49 36 51 ]
(413.97 | 194.98) [ 0 1 4 2 3 47 28 32 29 51 ]
(617.71 | 184.80) [ 0 14 12 8 33 37 39 51 ]
(432.65 | 190.12) [ 0 10 16 15 35 40 41 51 ]
(483.16 | 199.68) [ 0 18 21 22 43 26 51 ]


4200.90
(267.61 | 287.61) [ 0 20 46 51 ]
(585.13 | 224.27) [ 0 17 7 5 30 45 42 51 ]
(393.76 | 199.64) [ 0 23 25 13 48 38 50 51 ]
(617.71 | 191.79) [ 0 8 12 14 33 37 39 51 ]
(413.97 | 204.25) [ 0 3 2 4 1 47 28 32 29 51 ]
(432.65 | 198.13) [ 0 15 16 10 35 40 41 51 ]
(444.39 | 182.23) [ 0 24 9 11 34 49 36 51 ]
(442.52 | 206.31) [ 0 6 19 44 27 31 51 ]
(483.16 | 204.56) [ 0 18 21 22 26 43 51 ]


4200.90
(267.61 | 267.61) [ 0 20 46 51 ]
(483.16 | 225.59) [ 0 18 21 22 26 43 51 ]
(585.13 | 186.52) [ 0 17 7 5 30 45 42 51 ]
(617.71 | 151.65) [ 0 14 12 8 39 37 33 51 ]
(393.76 | 208.58) [ 0 23 25 13 50 38 48 51 ]
(432.65 | 205.60) [ 0 15 16 10 35 40 41 51 ]
(444.39 | 203.56) [ 0 11 9 24 36 49 34 51 ]
(442.52 | 217.54) [ 0 6 19 44 27 31 51 ]
(413.97 | 206.76) [ 0 1 4 2 3 47 28 32 29 51 ]


4200.90
(267.61 | 267.61) [ 0 20 46 51 ]
(432.65 | 201.60) [ 0 15 16 10 35 40 41 51 ]
(483.16 | 191.30) [ 0 22 21 18 43 26 51 ]
(617.71 | 181.47) [ 0 14 12 8 33 37 39 51 ]
(585.13 | 220.62) [ 0 17 7 5 30 45 42 51 ]
(393.76 | 176.65) [ 0 13 25 23 50 38 48 51 ]
(442.52 | 239.18) [ 0 6 19 31 27 44 51 ]
(413.97 | 223.96) [ 0 1 4 2 3 47 28 32 29 51 ]
(444.39 | 200.10) [ 0 24 9 11 36 49 34 51 ]


4202.75
(287.95 | 287.95) [ 0 21 46 51 ]
(582.68 | 207.95) [ 0 17 5 20 30 45 42 51 ]
(444.39 | 195.04) [ 0 11 9 24 34 49 36 51 ]
(393.76 | 198.91) [ 0 23 25 13 48 38 50 51 ]
(617.71 | 185.01) [ 0 14 12 8 33 37 39 51 ]
(442.52 | 202.86) [ 0 6 19 44 27 31 51 ]
(413.97 | 220.60) [ 0 1 4 2 3 47 28 32 29 51 ]
(432.65 | 196.99) [ 0 10 16 15 35 40 41 51 ]
(507.12 | 207.97) [ 0 7 22 18 26 43 51 ]


4200.90
(267.61 | 287.61) [ 0 20 46 51 ]
(585.13 | 191.44) [ 0 5 7 17 30 45 42 51 ]
(442.52 | 162.36) [ 0 6 19 44 27 31 51 ]
(483.16 | 190.76) [ 0 18 21 22 26 43 51 ]
(617.71 | 162.53) [ 0 8 12 14 33 37 39 51 ]
(393.76 | 168.90) [ 0 23 25 13 48 38 50 51 ]
(432.65 | 230.02) [ 0 10 16 15 41 40 35 51 ]
(444.39 | 209.66) [ 0 24 9 11 36 49 34 51 ]
(413.97 | 209.29) [ 0 1 4 2 3 47 28 32 29 51 ]


4200.61
(393.30 | -732.94) [ 0 13 18 23 50 38 48 51 ]
(430.42 | 216.64) [ 0 1 43 26 51 ]
(432.65 | 170.56) [ 0 10 16 15 41 40 35 51 ]
(294.15 | 214.56) [ 0 25 21 46 51 ]
(617.71 | 207.79) [ 0 14 12 8 33 37 39 51 ]
(492.60 | 156.77) [ 0 3 4 22 7 47 28 32 29 51 ]
(444.39 | 159.43) [ 0 24 9 11 36 49 34 51 ]
(472.71 | 226.95) [ 0 2 6 19 44 27 31 51 ]
(582.68 | 197.05) [ 0 17 5 20 42 45 30 51 ]


4200.90
(267.61 | 287.61) [ 0 20 46 51 ]
(483.16 | 105.04) [ 0 18 21 22 43 26 51 ]
(617.71 | 219.31) [ 0 8 12 14 33 37 39 51 ]
(393.76 | 195.10) [ 0 13 25 23 48 38 50 51 ]
(585.13 | 177.73) [ 0 17 7 5 42 45 30 51 ]
(413.97 | 197.28) [ 0 1 4 2 3 29 32 28 47 51 ]
(444.39 | 195.83) [ 0 24 9 11 34 49 36 51 ]
(432.65 | 181.63) [ 0 10 16 15 41 40 35 51 ]
(442.52 | 225.98) [ 0 6 19 31 27 44 51 ]


4200.37
(287.95 | 287.95) [ 0 21 46 51 ]
(393.76 | 126.57) [ 0 13 25 23 50 38 48 51 ]
(617.71 | 147.67) [ 0 14 12 8 39 37 33 51 ]
(456.55 | 147.68) [ 0 3 2 4 1 26 43 51 ]
(582.68 | 169.40) [ 0 20 5 17 30 45 42 51 ]
(489.78 | 196.34) [ 0 7 24 9 32 28 49 34 51 ]
(442.52 | 223.55) [ 0 6 19 44 27 31 51 ]
(397.03 | 214.25) [ 0 11 22 15 36 47 29 51 ]
(432.38 | 213.30) [ 0 10 18 16 41 40 35 51 ]


4200.37
(287.95 | 287.95) [ 0 21 46 51 ]
(617.71 | 121.40) [ 0 14 12 8 33 37 39 51 ]
(393.76 | 213.20) [ 0 13 25 23 48 38 50 51 ]
(489.78 | 222.51) [ 0 9 24 7 34 49 28 32 51 ]
(397.03 | 243.27) [ 0 11 22 15 36 47 29 51 ]
(456.55 | 212.78) [ 0 1 4 2 3 26 43 51 ]
(432.38 | 198.19) [ 0 10 18 16 35 40 41 51 ]
(442.52 | 220.36) [ 0 6 19 44 27 31 51 ]
(582.68 | 207.19) [ 0 20 5 17 42 45 30 51 ]


4200.90
(267.61 | 287.61) [ 0 20 46 51 ]
(413.97 | 117.30) [ 0 3 2 4 1 47 28 32 29 51 ]
(585.13 | 119.09) [ 0 17 7 5 42 45 30 51 ]
(432.65 | 124.68) [ 0 10 16 15 41 40 35 51 ]
(393.76 | 190.81) [ 0 23 25 13 48 38 50 51 ]
(483.16 | 242.69) [ 0 18 21 22 43 26 51 ]
(617.71 | 213.89) [ 0 14 12 8 39 37 33 51 ]
(442.52 | 205.06) [ 0 6 19 31 27 44 51 ]
(444.39 | 201.03) [ 0 24 9 11 34 49 36 51 ]


4200.37
(287.95 | 287.95) [ 0 21 46 51 ]
(456.55 | -4041.66) [ 0 1 4 2 3 43 26 51 ]
(582.68 | -366.88) [ 0 20 5 17 42 45 30 51 ]
(489.78 | 221.34) [ 0 9 24 7 32 28 49 34 51 ]
(397.03 | 228.20) [ 0 15 22 11 36 47 29 51 ]
(432.38 | 217.70) [ 0 10 18 16 35 40 41 51 ]
(442.52 | 229.25) [ 0 6 19 44 27 31 51 ]
(617.71 | 212.54) [ 0 14 12 8 39 37 33 51 ]
(393.76 | 198.99) [ 0 13 25 23 48 38 50 51 ]


4200.37
(287.95 | 287.95) [ 0 21 46 51 ]
(582.68 | 113.94) [ 0 20 5 17 30 45 42 51 ]
(617.71 | 129.00) [ 0 14 12 8 33 37 39 51 ]
(432.38 | 137.55) [ 0 16 18 10 41 40 35 51 ]
(393.76 | 126.17) [ 0 23 25 13 50 38 48 51 ]
(397.03 | 170.41) [ 0 11 22 15 29 47 36 51 ]
(442.52 | 192.79) [ 0 6 19 44 27 31 51 ]
(456.55 | 224.80) [ 0 3 2 4 1 43 26 51 ]
(489.78 | 209.95) [ 0 9 24 7 32 28 49 34 51 ]


4191.33
(257.38 | 277.38) [ 0 14 46 51 ]
(483.16 | 147.36) [ 0 18 21 22 43 26 51 ]
(393.76 | 170.35) [ 0 13 25 23 48 38 50 51 ]
(413.97 | 236.95) [ 0 1 4 2 3 47 28 32 29 51 ]
(620.81 | 219.26) [ 0 12 7 8 39 37 33 51 ]
(582.68 | 215.34) [ 0 20 5 17 30 45 42 51 ]
(442.52 | 222.32) [ 0 6 19 44 27 31 51 ]
(444.39 | 200.24) [ 0 11 9 24 36 49 34 51 ]
(432.65 | 216.47) [ 0 15 16 10 35 40 41 51 ]


4200.37
(287.95 | 287.95) [ 0 21 46 51 ]
(617.71 | 207.93) [ 0 14 12 8 39 37 33 51 ]
(489.78 | 204.59) [ 0 9 24 7 34 49 28 32 51 ]
(456.55 | 212.51) [ 0 1 4 2 3 43 26 51 ]
(393.76 | 195.88) [ 0 13 25 23 48 38 50 51 ]
(397.03 | 221.63) [ 0 15 22 11 36 47 29 51 ]
(582.68 | 198.89) [ 0 17 5 20 42 45 30 51 ]
(442.52 | 214.62) [ 0 6 19 31 27 44 51 ]
(432.38 | 205.20) [ 0 10 18 16 35 40 41 51 ]


4225.19
(577.06 | 163.03) [ 0 5 8 20 30 45 42 51 ]
(616.12 | 172.76) [ 0 12 22 18 39 37 33 51 ]
(489.78 | 171.17) [ 0 9 24 7 32 28 49 34 51 ]
(456.55 | 205.56) [ 0 1 4 2 3 26 43 51 ]
(364.41 | 210.98) [ 0 11 14 29 47 36 51 ]
(432.65 | 178.92) [ 0 10 16 15 35 40 41 51 ]
(292.34 | 201.01) [ 0 21 17 46 51 ]
(442.52 | 217.93) [ 0 6 19 44 27 31 51 ]
(393.76 | 202.98) [ 0 23 25 13 48 38 50 51 ]


4202.75
(287.95 | 287.95) [ 0 21 46 51 ]
(413.97 | 216.16) [ 0 1 4 2 3 29 32 28 47 51 ]
(393.76 | 181.28) [ 0 13 25 23 48 38 50 51 ]
(617.71 | 211.43) [ 0 8 12 14 39 37 33 51 ]
(444.39 | 191.91) [ 0 11 9 24 34 49 36 51 ]
(582.68 | 201.11) [ 0 20 5 17 30 45 42 51 ]
(432.65 | 201.02) [ 0 10 16 15 35 40 41 51 ]
(442.52 | 206.89) [ 0 6 19 31 27 44 51 ]
(507.12 | 211.78) [ 0 7 22 18 26 43 51 ]


4191.33
(257.38 | 277.38) [ 0 14 46 51 ]
(483.16 | 156.48) [ 0 18 21 22 26 43 51 ]
(432.65 | 183.55) [ 0 10 16 15 41 40 35 51 ]
(393.76 | 191.19) [ 0 13 25 23 48 38 50 51 ]
(620.81 | 220.83) [ 0 8 7 12 33 37 39 51 ]
(413.97 | 215.90) [ 0 1 4 2 3 29 32 28 47 51 ]
(582.68 | 210.34) [ 0 17 5 20 30 45 42 51 ]
(442.52 | 218.41) [ 0 6 19 44 27 31 51 ]
(444.39 | 198.69) [ 0 11 9 24 34 49 36 51 ]


4191.33
(257.38 | 277.38) [ 0 14 46 51 ]
(582.68 | 184.57) [ 0 17 5 20 30 45 42 51 ]
(483.16 | 245.47) [ 0 18 21 22 26 43 51 ]
(442.52 | 166.03) [ 0 6 19 44 27 31 51 ]
(393.76 | 181.00) [ 0 13 25 23 48 38 50 51 ]
(413.97 | 227.62) [ 0 1 4 2 3 47 28 32 29 51 ]
(432.65 | 228.46) [ 0 10 16 15 41 40 35 51 ]
(444.39 | 217.15) [ 0 24 9 11 36 49 34 51 ]
(620.81 | 202.15) [ 0 12 7 8 33 37 39 51 ]


4191.33
(257.38 | 257.38) [ 0 14 46 51 ]
(393.76 | 127.75) [ 0 23 25 13 48 38 50 51 ]
(620.81 | 151.18) [ 0 8 7 12 39 37 33 51 ]
(582.68 | 196.47) [ 0 17 5 20 30 45 42 51 ]
(442.52 | 189.26) [ 0 6 19 44 27 31 51 ]
(413.97 | 192.84) [ 0 1 4 2 3 29 32 28 47 51 ]
(444.39 | 201.39) [ 0 11 9 24 34 49 36 51 ]
(432.65 | 184.35) [ 0 15 16 10 41 40 35 51 ]
(483.16 | 208.84) [ 0 18 21 22 43 26 51 ]


4196.40
(413.97 | -379.08) [ 0 3 2 4 1 47 28 32 29 51 ]
(442.79 | 248.77) [ 0 14 43 26 51 ]
(622.87 | 162.38) [ 0 8 6 12 39 37 33 51 ]
(393.76 | 139.17) [ 0 23 25 13 48 38 50 51 ]
(432.65 | 218.63) [ 0 15 16 10 41 40 35 51 ]
(585.13 | 212.99) [ 0 17 7 5 30 45 42 51 ]
(444.39 | 216.80) [ 0 24 9 11 36 49 34 51 ]
(297.75 | 219.45) [ 0 22 21 18 46 51 ]
(403.08 | 196.47) [ 0 20 19 44 27 31 51 ]


4191.33
(257.38 | 277.38) [ 0 14 46 51 ]
(582.68 | -524.86) [ 0 17 5 20 42 45 30 51 ]
(442.52 | 177.24) [ 0 6 19 44 27 31 51 ]
(483.16 | 162.11) [ 0 18 21 22 26 43 51 ]
(432.65 | 184.71) [ 0 10 16 15 35 40 41 51 ]
(413.97 | 221.25) [ 0 1 4 2 3 47 28 32 29 51 ]
(393.76 | 191.55) [ 0 13 25 23 50 38 48 51 ]
(620.81 | 190.04) [ 0 8 7 12 39 37 33 51 ]
(444.39 | 201.79) [ 0 24 9 11 36 49 34 51 ]


4200.90
(267.61 | 287.61) [ 0 20 46 51 ]
(585.13 | -30.95) [ 0 5 7 17 42 45 30 51 ]
(393.76 | 168.28) [ 0 13 25 23 50 38 48 51 ]
(442.52 | 218.90) [ 0 6 19 44 27 31 51 ]
(617.71 | 153.00) [ 0 8 12 14 39 37 33 51 ]
(483.16 | 188.26) [ 0 18 21 22 43 26 51 ]
(444.39 | 169.43) [ 0 11 9 24 34 49 36 51 ]
(432.65 | 116.47) [ 0 10 16 15 35 40 41 51 ]
(413.97 | 144.18) [ 0 1 4 2 3 47 28 32 29 51 ]


4196.40
(257.38 | 277.38) [ 0 14 46 51 ]
(393.76 | -100.50) [ 0 13 25 23 50 38 48 51 ]
(483.16 | 238.70) [ 0 18 21 22 26 43 51 ]
(585.13 | 218.15) [ 0 5 7 17 30 45 42 51 ]
(432.65 | 171.83) [ 0 15 16 10 35 40 41 51 ]
(622.87 | 156.12) [ 0 8 6 12 33 37 39 51 ]
(413.97 | 211.55) [ 0 1 4 2 3 29 32 28 47 51 ]
(444.39 | 218.84) [ 0 24 9 11 36 49 34 51 ]
(403.08 | 224.24) [ 0 20 19 44 27 31 51 ]


4200.90
(267.61 | 287.61) [ 0 20 46 51 ]
(617.71 | 139.74) [ 0 14 12 8 33 37 39 51 ]
(444.39 | 181.90) [ 0 24 9 11 36 49 34 51 ]
(432.65 | 194.74) [ 0 10 16 15 35 40 41 51 ]
(442.52 | 225.28) [ 0 6 19 44 27 31 51 ]
(413.97 | 216.34) [ 0 1 4 2 3 29 32 28 47 51 ]
(393.76 | 193.07) [ 0 13 25 23 50 38 48 51 ]
(585.13 | 190.15) [ 0 5 7 17 30 45 42 51 ]
(483.16 | 205.95) [ 0 22 21 18 26 43 51 ]


4175.55
(489.78 | -66.99) [ 0 7 24 9 34 49 28 32 51 ]
(393.76 | 154.99) [ 0 23 25 13 48 38 50 51 ]
(362.15 | 235.56) [ 0 11 29 47 36 51 ]
(617.71 | 175.55) [ 0 8 12 14 39 37 33 51 ]
(456.55 | 185.79) [ 0 1 4 2 3 26 43 51 ]
(582.68 | 199.10) [ 0 17 5 20 30 45 42 51 ]
(297.75 | 204.74) [ 0 18 21 22 46 51 ]
(432.65 | 191.66) [ 0 10 16 15 41 40 35 51 ]
(442.52 | 210.61) [ 0 6 19 44 27 31 51 ]


4201.65
(472.71 | -808.38) [ 0 19 6 2 44 27 31 51 ]
(444.39 | 139.10) [ 0 11 9 24 36 49 34 51 ]
(446.48 | 11.01) [ 0 3 4 14 47 28 32 29 51 ]
(620.81 | 102.34) [ 0 8 7 12 33 37 39 51 ]
(582.68 | 162.68) [ 0 20 5 17 30 45 42 51 ]
(430.42 | 203.59) [ 0 1 43 26 51 ]
(393.76 | 167.55) [ 0 13 25 23 50 38 48 51 ]
(432.65 | 180.28) [ 0 15 16 10 35 40 41 51 ]
(297.75 | 204.23) [ 0 18 21 22 46 51 ]


4202.54
(287.95 | 287.95) [ 0 21 46 51 ]
(472.71 | -517.17) [ 0 2 6 19 31 27 44 51 ]
(448.54 | 203.30) [ 0 1 4 3 26 43 51 ]
(617.71 | 131.70) [ 0 8 12 14 39 37 33 51 ]
(489.78 | 202.99) [ 0 9 24 7 34 49 28 32 51 ]
(432.38 | 169.97) [ 0 16 18 10 35 40 41 51 ]
(393.76 | 184.87) [ 0 23 25 13 48 38 50 51 ]
(397.03 | 210.63) [ 0 11 22 15 36 47 29 51 ]
(582.68 | 197.71) [ 0 17 5 20 30 45 42 51 ]


4196.40
(257.38 | 277.38) [ 0 14 46 51 ]
(403.08 | 04.45) [ 0 20 19 44 27 31 51 ]
(413.97 | 170.76) [ 0 1 4 2 3 47 28 32 29 51 ]
(483.16 | 196.78) [ 0 18 21 22 26 43 51 ]
(393.76 | 201.06) [ 0 23 25 13 48 38 50 51 ]
(622.87 | 213.40) [ 0 8 6 12 39 37 33 51 ]
(444.39 | 217.40) [ 0 11 9 24 36 49 34 51 ]
(432.65 | 204.72) [ 0 10 16 15 35 40 41 51 ]
(585.13 | 199.50) [ 0 17 7 5 30 45 42 51 ]


4191.33
(257.38 | 277.38) [ 0 14 46 51 ]
(413.97 | 203.55) [ 0 3 2 4 1 47 28 32 29 51 ]
(393.76 | 175.85) [ 0 13 25 23 48 38 50 51 ]
(582.68 | 221.76) [ 0 17 5 20 30 45 42 51 ]
(483.16 | 213.88) [ 0 22 21 18 26 43 51 ]
(444.39 | 205.47) [ 0 11 9 24 36 49 34 51 ]
(442.52 | 212.79) [ 0 6 19 31 27 44 51 ]
(432.65 | 195.16) [ 0 15 16 10 35 40 41 51 ]
(620.81 | 209.66) [ 0 8 7 12 33 37 39 51 ]


4191.33
(257.38 | 277.38) [ 0 14 46 51 ]
(442.52 | -18.67) [ 0 6 19 44 27 31 51 ]
(582.68 | 181.04) [ 0 20 5 17 30 45 42 51 ]
(444.39 | 197.57) [ 0 11 9 24 34 49 36 51 ]
(393.76 | 183.74) [ 0 13 25 23 50 38 48 51 ]
(413.97 | 181.18) [ 0 3 2 4 1 47 28 32 29 51 ]
(483.16 | 218.67) [ 0 18 21 22 26 43 51 ]
(432.65 | 206.10) [ 0 10 16 15 35 40 41 51 ]
(620.81 | 209.60) [ 0 8 7 12 39 37 33 51 ]


4191.33
(257.38 | 233.76) [ 0 14 46 51 ]
(582.68 | 135.32) [ 0 17 5 20 30 45 42 51 ]
(432.65 | 130.25) [ 0 10 16 15 41 40 35 51 ]
(442.52 | 155.59) [ 0 19 6 31 27 44 51 ]
(483.16 | 206.68) [ 0 18 21 22 26 43 51 ]
(393.76 | 195.05) [ 0 13 25 23 48 38 50 51 ]
(413.97 | 229.69) [ 0 1 4 2 3 47 28 32 29 51 ]
(620.81 | 203.23) [ 0 12 7 8 39 37 33 51 ]
(444.39 | 194.41) [ 0 24 9 11 36 49 34 51 ]


4175.55
(617.71 | 180.30) [ 0 14 12 8 39 37 33 51 ]
(297.75 | 185.23) [ 0 18 21 22 46 51 ]
(456.55 | 195.85) [ 0 1 4 2 3 26 43 51 ]
(582.68 | 208.45) [ 0 17 5 20 30 45 42 51 ]
(489.78 | 212.54) [ 0 7 24 9 34 49 28 32 51 ]
(442.52 | 201.78) [ 0 6 19 44 27 31 51 ]
(393.76 | 185.01) [ 0 23 25 13 50 38 48 51 ]
(432.65 | 176.01) [ 0 15 16 10 35 40 41 51 ]
(362.15 | 217.37) [ 0 11 36 47 29 51 ]


4200.37
(287.95 | 287.95) [ 0 21 46 51 ]
(456.55 | -4358.93) [ 0 3 2 4 1 43 26 51 ]
(432.38 | -2.31) [ 0 10 18 16 41 40 35 51 ]
(582.68 | 82.21) [ 0 17 5 20 42 45 30 51 ]
(442.52 | 106.60) [ 0 19 6 44 27 31 51 ]
(617.71 | 167.10) [ 0 14 12 8 33 37 39 51 ]
(489.78 | 202.04) [ 0 9 24 7 32 28 49 34 51 ]
(397.03 | 213.22) [ 0 15 22 11 29 47 36 51 ]
(393.76 | 213.37) [ 0 13 25 23 48 38 50 51 ]


4200.90
(267.61 | 287.61) [ 0 20 46 51 ]
(483.16 | 76.94) [ 0 18 21 22 26 43 51 ]
(393.76 | 47.82) [ 0 23 25 13 48 38 50 51 ]
(617.71 | 95.33) [ 0 14 12 8 39 37 33 51 ]
(442.52 | 163.07) [ 0 6 19 44 27 31 51 ]
(585.13 | 177.26) [ 0 5 7 17 42 45 30 51 ]
(413.97 | 208.17) [ 0 1 4 2 3 47 28 32 29 51 ]
(432.65 | 163.63) [ 0 15 16 10 41 40 35 51 ]
(444.39 | 197.97) [ 0 11 9 24 34 49 36 51 ]


4209.83
(289.31 | -719.71) [ 0 15 21 46 51 ]
(414.96 | 169.67) [ 0 4 23 25 29 50 48 51 ]
(617.71 | 149.06) [ 0 8 12 14 33 37 39 51 ]
(582.68 | 195.23) [ 0 17 5 20 30 45 42 51 ]
(489.78 | 214.89) [ 0 9 24 7 34 49 28 32 51 ]
(432.38 | 161.40) [ 0 10 18 16 35 40 41 51 ]
(435.50 | 219.00) [ 0 3 1 43 26 51 ]
(472.71 | 208.26) [ 0 2 6 19 31 27 44 51 ]
(414.80 | 223.81) [ 0 11 22 13 38 36 47 51 ]


4196.40
(257.38 | 277.38) [ 0 14 46 51 ]
(622.87 | 139.90) [ 0 12 6 8 39 37 33 51 ]
(432.65 | 107.35) [ 0 10 16 15 35 40 41 51 ]
(585.13 | 197.25) [ 0 5 7 17 30 45 42 51 ]
(393.76 | 164.48) [ 0 13 25 23 48 38 50 51 ]
(483.16 | 213.66) [ 0 22 21 18 26 43 51 ]
(413.97 | 196.31) [ 0 1 4 2 3 47 28 32 29 51 ]
(444.39 | 185.40) [ 0 11 9 24 34 49 36 51 ]
(403.08 | 198.55) [ 0 20 19 44 27 31 51 ]


4202.75
(287.95 | 287.95) [ 0 21 46 51 ]
(432.65 | 178.26) [ 0 10 16 15 35 40 41 51 ]
(582.68 | 190.78) [ 0 20 5 17 42 45 30 51 ]
(393.76 | 186.06) [ 0 23 25 13 48 38 50 51 ]
(444.39 | 206.07) [ 0 11 9 24 34 49 36 51 ]
(413.97 | 210.28) [ 0 1 4 2 3 47 28 32 29 51 ]
(442.52 | 213.82) [ 0 6 19 44 27 31 51 ]
(617.71 | 190.26) [ 0 8 12 14 33 37 39 51 ]
(507.12 | 206.14) [ 0 7 22 18 26 43 51 ]


4191.33
(257.38 | 277.38) [ 0 14 46 51 ]
(432.65 | 194.40) [ 0 10 16 15 41 40 35 51 ]
(620.81 | 171.97) [ 0 12 7 8 33 37 39 51 ]
(483.16 | 197.71) [ 0 18 21 22 43 26 51 ]
(393.76 | 184.34) [ 0 23 25 13 48 38 50 51 ]
(582.68 | 206.45) [ 0 17 5 20 30 45 42 51 ]
(444.39 | 211.11) [ 0 24 9 11 34 49 36 51 ]
(442.52 | 226.57) [ 0 6 19 44 27 31 51 ]
(413.97 | 233.19) [ 0 1 4 2 3 29 32 28 47 51 ]


4177.72
(472.71 | -495.69) [ 0 2 6 19 31 27 44 51 ]
(448.54 | 86.20) [ 0 3 4 1 43 26 51 ]
(582.68 | 217.38) [ 0 17 5 20 30 45 42 51 ]
(617.71 | 172.78) [ 0 14 12 8 33 37 39 51 ]
(432.65 | 166.63) [ 0 10 16 15 35 40 41 51 ]
(489.78 | 172.68) [ 0 7 24 9 32 28 49 34 51 ]
(393.76 | 197.85) [ 0 23 25 13 48 38 50 51 ]
(297.75 | 221.60) [ 0 22 21 18 46 51 ]
(362.15 | 219.68) [ 0 11 29 47 36 51 ]


4200.90
(267.61 | 287.61) [ 0 20 46 51 ]
(483.16 | 125.25) [ 0 18 21 22 26 43 51 ]
(617.71 | 189.09) [ 0 14 12 8 33 37 39 51 ]
(442.52 | 226.28) [ 0 6 19 44 27 31 51 ]
(393.76 | 207.81) [ 0 23 25 13 48 38 50 51 ]
(432.65 | 205.82) [ 0 15 16 10 35 40 41 51 ]
(444.39 | 207.40) [ 0 24 9 11 34 49 36 51 ]
(413.97 | 226.70) [ 0 1 4 2 3 47 28 32 29 51 ]
(585.13 | 221.71) [ 0 5 7 17 30 45 42 51 ]


4200.90
(267.61 | 287.61) [ 0 20 46 51 ]
(432.65 | 169.60) [ 0 10 16 15 35 40 41 51 ]
(585.13 | 211.79) [ 0 5 7 17 30 45 42 51 ]
(444.39 | 183.55) [ 0 24 9 11 34 49 36 51 ]
(413.97 | 220.48) [ 0 1 4 2 3 47 28 32 29 51 ]
(393.76 | 193.37) [ 0 23 25 13 48 38 50 51 ]
(483.16 | 197.69) [ 0 18 21 22 43 26 51 ]
(617.71 | 183.09) [ 0 8 12 14 33 37 39 51 ]
(442.52 | 204.00) [ 0 6 19 44 27 31 51 ]


4199.24
(297.17 | -877.00) [ 0 21 18 46 51 ]
(582.68 | 69.13) [ 0 20 5 17 30 45 42 51 ]
(492.86 | 185.14) [ 0 4 2 22 7 29 32 28 47 51 ]
(393.76 | 196.37) [ 0 23 25 13 50 38 48 51 ]
(617.71 | 184.85) [ 0 8 12 14 33 37 39 51 ]
(432.65 | 173.04) [ 0 15 16 10 35 40 41 51 ]
(435.50 | 219.17) [ 0 3 1 43 26 51 ]
(442.52 | 231.38) [ 0 19 6 31 27 44 51 ]
(444.39 | 215.11) [ 0 24 9 11 36 49 34 51 ]


4197.95
(297.17 | -944.08) [ 0 21 18 46 51 ]
(582.68 | 30.56) [ 0 20 5 17 30 45 42 51 ]
(414.80 | 178.71) [ 0 11 22 13 38 36 47 51 ]
(414.96 | 208.87) [ 0 4 23 25 29 50 48 51 ]
(617.71 | 158.48) [ 0 8 12 14 39 37 33 51 ]
(432.65 | 169.06) [ 0 15 16 10 35 40 41 51 ]
(472.71 | 203.53) [ 0 2 6 19 44 27 31 51 ]
(435.50 | 205.51) [ 0 3 1 43 26 51 ]
(489.78 | 208.71) [ 0 7 24 9 34 49 28 32 51 ]


4235.96
(267.61 | 287.61) [ 0 20 46 51 ]
(428.02 | 28.55) [ 0 15 16 13 41 40 35 51 ]
(617.71 | 01.31) [ 0 14 12 8 39 37 33 51 ]
(585.13 | 219.35) [ 0 5 7 17 30 45 42 51 ]
(483.16 | 231.76) [ 0 18 21 22 43 26 51 ]
(393.44 | 231.22) [ 0 25 23 10 48 38 50 51 ]
(444.39 | 209.27) [ 0 24 9 11 34 49 36 51 ]
(413.97 | 204.40) [ 0 1 4 2 3 47 28 32 29 51 ]
(442.52 | 223.71) [ 0 6 19 44 27 31 51 ]


4200.90
(267.61 | 287.61) [ 0 20 46 51 ]
(483.16 | -148.90) [ 0 18 21 22 43 26 51 ]
(585.13 | -264.41) [ 0 5 7 17 30 45 42 51 ]
(617.71 | 129.14) [ 0 14 12 8 39 37 33 51 ]
(413.97 | 174.10) [ 0 1 4 2 3 47 28 32 29 51 ]
(432.65 | 184.25) [ 0 10 16 15 41 40 35 51 ]
(444.39 | 191.29) [ 0 24 9 11 34 49 36 51 ]
(393.76 | 184.38) [ 0 13 25 23 50 38 48 51 ]
(442.52 | 210.69) [ 0 6 19 44 27 31 51 ]


4200.37
(287.95 | 287.95) [ 0 21 46 51 ]
(617.71 | -160.06) [ 0 14 12 8 39 37 33 51 ]
(456.55 | 176.08) [ 0 1 4 2 3 26 43 51 ]
(582.68 | 170.44) [ 0 20 5 17 30 45 42 51 ]
(442.52 | 218.74) [ 0 6 19 44 27 31 51 ]
(489.78 | 237.58) [ 0 7 24 9 32 28 49 34 51 ]
(393.76 | 214.74) [ 0 13 25 23 50 38 48 51 ]
(397.03 | 208.53) [ 0 11 22 15 29 47 36 51 ]
(432.38 | 218.33) [ 0 10 18 16 41 40 35 51 ]


4195.55
(255.85 | 398.53) [ 0 11 46 51 ]
(393.76 | 25.43) [ 0 23 25 13 50 38 48 51 ]
(617.71 | 68.30) [ 0 8 12 14 39 37 33 51 ]
(582.68 | 174.23) [ 0 17 5 20 30 45 42 51 ]
(483.16 | 208.92) [ 0 18 21 22 43 26 51 ]
(489.78 | 185.35) [ 0 9 24 7 34 49 28 32 51 ]
(442.52 | 197.24) [ 0 6 19 44 27 31 51 ]
(377.45 | 209.30) [ 0 1 4 2 3 29 47 36 51 ]
(432.65 | 194.56) [ 0 15 16 10 35 40 41 51 ]


4202.75
(287.95 | 287.95) [ 0 21 46 51 ]
(432.65 | 128.55) [ 0 15 16 10 41 40 35 51 ]
(582.68 | 205.21) [ 0 20 5 17 30 45 42 51 ]
(393.76 | 203.77) [ 0 13 25 23 50 38 48 51 ]
(617.71 | 191.27) [ 0 8 12 14 33 37 39 51 ]
(444.39 | 207.86) [ 0 11 9 24 34 49 36 51 ]
(442.52 | 234.99) [ 0 6 19 44 27 31 51 ]
(507.12 | 200.72) [ 0 7 22 18 43 26 51 ]
(413.97 | 207.74) [ 0 1 4 2 3 29 32 28 47 51 ]


4200.90
(267.61 | 287.61) [ 0 20 46 51 ]
(393.76 | 96.43) [ 0 13 25 23 48 38 50 51 ]
(432.65 | 73.35) [ 0 15 16 10 35 40 41 51 ]
(617.71 | 80.54) [ 0 8 12 14 33 37 39 51 ]
(444.39 | 218.04) [ 0 11 9 24 36 49 34 51 ]
(483.16 | 235.84) [ 0 22 21 18 43 26 51 ]
(442.52 | 199.82) [ 0 19 6 31 27 44 51 ]
(413.97 | 171.33) [ 0 3 2 4 1 47 28 32 29 51 ]
(585.13 | 198.70) [ 0 5 7 17 30 45 42 51 ]


4200.37
(287.95 | 287.95) [ 0 21 46 51 ]
(617.71 | 123.18) [ 0 8 12 14 33 37 39 51 ]
(582.68 | 211.87) [ 0 20 5 17 30 45 42 51 ]
(432.38 | 194.83) [ 0 16 18 10 35 40 41 51 ]
(456.55 | 201.80) [ 0 3 2 4 1 43 26 51 ]
(489.78 | 185.99) [ 0 9 24 7 34 49 28 32 51 ]
(442.52 | 221.98) [ 0 6 19 44 27 31 51 ]
(393.76 | 186.49) [ 0 23 25 13 50 38 48 51 ]
(397.03 | 202.82) [ 0 11 22 15 29 47 36 51 ]


4191.33
(257.38 | 277.38) [ 0 14 46 51 ]
(432.65 | 202.19) [ 0 15 16 10 35 40 41 51 ]
(483.16 | 206.14) [ 0 22 21 18 26 43 51 ]
(582.68 | 205.82) [ 0 17 5 20 30 45 42 51 ]
(620.81 | 218.50) [ 0 8 7 12 39 37 33 51 ]
(413.97 | 234.92) [ 0 1 4 2 3 29 32 28 47 51 ]
(393.76 | 218.21) [ 0 23 25 13 48 38 50 51 ]
(444.39 | 217.78) [ 0 24 9 11 36 49 34 51 ]
(442.52 | 212.71) [ 0 6 19 31 27 44 51 ]


4200.90
(267.61 | 287.61) [ 0 20 46 51 ]
(617.71 | -375.29) [ 0 14 12 8 33 37 39 51 ]
(393.76 | 93.24) [ 0 23 25 13 48 38 50 51 ]
(413.97 | -33.83) [ 0 1 4 2 3 47 28 32 29 51 ]
(585.13 | 219.06) [ 0 5 7 17 30 45 42 51 ]
(432.65 | 199.52) [ 0 15 16 10 35 40 41 51 ]
(444.39 | 190.79) [ 0 11 9 24 34 49 36 51 ]
(442.52 | 214.28) [ 0 6 19 44 27 31 51 ]
(483.16 | 200.65) [ 0 18 21 22 26 43 51 ]


4202.75
(287.95 | 287.95) [ 0 21 46 51 ]
(507.12 | 172.34) [ 0 7 22 18 43 26 51 ]
(582.68 | 176.02) [ 0 20 5 17 30 45 42 51 ]
(442.52 | 216.57) [ 0 6 19 31 27 44 51 ]
(444.39 | 207.44) [ 0 11 9 24 36 49 34 51 ]
(617.71 | 193.37) [ 0 14 12 8 39 37 33 51 ]
(393.76 | 199.11) [ 0 13 25 23 48 38 50 51 ]
(432.65 | 204.33) [ 0 10 16 15 35 40 41 51 ]
(413.97 | 210.10) [ 0 1 4 2 3 47 28 32 29 51 ]


4200.90
(267.61 | 287.61) [ 0 20 46 51 ]
(444.39 | 145.88) [ 0 24 9 11 36 49 34 51 ]
(617.71 | 169.14) [ 0 14 12 8 39 37 33 51 ]
(432.65 | 177.03) [ 0 15 16 10 41 40 35 51 ]
(483.16 | 220.70) [ 0 22 21 18 43 26 51 ]
(393.76 | 173.16) [ 0 13 25 23 50 38 48 51 ]
(585.13 | 227.83) [ 0 5 7 17 30 45 42 51 ]
(442.52 | 216.20) [ 0 6 19 31 27 44 51 ]
(413.97 | 206.30) [ 0 1 4 2 3 47 28 32 29 51 ]


4200.90
(267.61 | 287.61) [ 0 20 46 51 ]
(393.76 | 77.23) [ 0 13 25 23 48 38 50 51 ]
(483.16 | 211.52) [ 0 18 21 22 26 43 51 ]
(432.65 | 147.75) [ 0 15 16 10 41 40 35 51 ]
(413.97 | 232.95) [ 0 1 4 2 3 29 32 28 47 51 ]
(617.71 | 201.45) [ 0 14 12 8 39 37 33 51 ]
(444.39 | 208.08) [ 0 24 9 11 34 49 36 51 ]
(585.13 | 233.80) [ 0 17 7 5 30 45 42 51 ]
(442.52 | 212.81) [ 0 6 19 44 27 31 51 ]


4191.33
(257.38 | 277.38) [ 0 14 46 51 ]
(413.97 | -183.98) [ 0 1 4 2 3 29 32 28 47 51 ]
(620.81 | -271.84) [ 0 8 7 12 33 37 39 51 ]
(393.76 | -184.48) [ 0 23 25 13 48 38 50 51 ]
(582.68 | 183.19) [ 0 20 5 17 42 45 30 51 ]
(432.65 | 177.27) [ 0 15 16 10 41 40 35 51 ]
(483.16 | 234.22) [ 0 18 21 22 43 26 51 ]
(444.39 | 210.51) [ 0 24 9 11 36 49 34 51 ]
(442.52 | 212.22) [ 0 6 19 44 27 31 51 ]


4197.72
(255.85 | 275.85) [ 0 11 46 51 ]
(489.78 | 192.94) [ 0 9 24 7 32 28 49 34 51 ]
(582.68 | 176.85) [ 0 20 5 17 30 45 42 51 ]
(617.71 | 179.64) [ 0 8 12 14 33 37 39 51 ]
(393.76 | 201.45) [ 0 13 25 23 50 38 48 51 ]
(432.65 | 206.30) [ 0 10 16 15 35 40 41 51 ]
(472.71 | 224.13) [ 0 2 6 19 44 27 31 51 ]
(369.43 | 212.70) [ 0 1 4 3 29 47 36 51 ]
(483.16 | 206.64) [ 0 18 21 22 26 43 51 ]


4204.18
(430.42 | -1138.61) [ 0 1 26 43 51 ]
(414.89 | 188.46) [ 0 18 23 2 4 29 50 48 51 ]
(294.15 | 238.82) [ 0 25 21 46 51 ]
(432.65 | 217.70) [ 0 10 16 15 41 40 35 51 ]
(582.68 | 216.70) [ 0 20 5 17 30 45 42 51 ]
(444.39 | 198.64) [ 0 11 9 24 34 49 36 51 ]
(484.77 | 222.43) [ 0 7 22 13 3 38 28 32 47 51 ]
(442.52 | 212.04) [ 0 6 19 31 27 44 51 ]
(617.71 | 203.13) [ 0 14 12 8 33 37 39 51 ]


4202.75
(287.95 | 287.95) [ 0 21 46 51 ]
(413.97 | -127.25) [ 0 1 4 2 3 47 28 32 29 51 ]
(393.76 | 197.58) [ 0 13 25 23 50 38 48 51 ]
(617.71 | 200.46) [ 0 8 12 14 39 37 33 51 ]
(432.65 | 198.45) [ 0 15 16 10 35 40 41 51 ]
(582.68 | 208.91) [ 0 17 5 20 30 45 42 51 ]
(444.39 | 202.98) [ 0 11 9 24 36 49 34 51 ]
(442.52 | 219.78) [ 0 6 19 44 27 31 51 ]
(507.12 | 207.70) [ 0 7 22 18 43 26 51 ]


4191.33
(257.38 | 277.38) [ 0 14 46 51 ]
(432.65 | 177.32) [ 0 10 16 15 35 40 41 51 ]
(582.68 | 218.50) [ 0 20 5 17 42 45 30 51 ]
(393.76 | 179.32) [ 0 23 25 13 48 38 50 51 ]
(413.97 | 181.06) [ 0 1 4 2 3 47 28 32 29 51 ]
(620.81 | 208.47) [ 0 8 7 12 33 37 39 51 ]
(483.16 | 222.18) [ 0 18 21 22 26 43 51 ]
(444.39 | 221.15) [ 0 11 9 24 36 49 34 51 ]
(442.52 | 221.49) [ 0 6 19 44 27 31 51 ]


4211.18
(294.04 | 314.04) [ 0 18 46 51 ]
(518.81 | 206.79) [ 0 3 24 7 9 34 49 28 32 51 ]
(395.71 | 207.03) [ 0 21 22 11 29 47 36 51 ]
(393.76 | 167.96) [ 0 23 25 13 50 38 48 51 ]
(432.65 | 169.15) [ 0 15 16 10 41 40 35 51 ]
(453.31 | 213.67) [ 0 1 4 2 26 43 51 ]
(617.71 | 209.83) [ 0 8 12 14 33 37 39 51 ]
(582.68 | 182.87) [ 0 20 5 17 30 45 42 51 ]
(442.52 | 211.55) [ 0 6 19 44 27 31 51 ]


4200.37
(287.95 | 287.95) [ 0 21 46 51 ]
(397.03 | 94.04) [ 0 11 22 15 29 47 36 51 ]
(393.76 | 149.44) [ 0 23 25 13 50 38 48 51 ]
(442.52 | 209.44) [ 0 6 19 44 27 31 51 ]
(617.71 | 196.09) [ 0 8 12 14 33 37 39 51 ]
(582.68 | 219.52) [ 0 20 5 17 30 45 42 51 ]
(432.38 | 219.97) [ 0 16 18 10 41 40 35 51 ]
(456.55 | 219.01) [ 0 1 4 2 3 43 26 51 ]
(489.78 | 213.81) [ 0 9 24 7 32 28 49 34 51 ]


4200.90
(297.75 | -4992.86) [ 0 22 21 18 46 51 ]
(453.02 | 180.92) [ 0 20 26 43 51 ]
(432.65 | 138.97) [ 0 10 16 15 41 40 35 51 ]
(617.71 | 167.33) [ 0 14 12 8 39 37 33 51 ]
(585.13 | 211.31) [ 0 5 7 17 42 45 30 51 ]
(413.97 | 228.80) [ 0 1 4 2 3 47 28 32 29 51 ]
(393.76 | 192.76) [ 0 23 25 13 48 38 50 51 ]
(442.52 | 201.59) [ 0 6 19 31 27 44 51 ]
(444.39 | 205.40) [ 0 11 9 24 36 49 34 51 ]


4200.37
(287.95 | 287.95) [ 0 21 46 51 ]
(617.71 | 195.96) [ 0 14 12 8 33 37 39 51 ]
(393.76 | 200.39) [ 0 13 25 23 48 38 50 51 ]
(582.68 | 230.99) [ 0 17 5 20 30 45 42 51 ]
(432.38 | 213.93) [ 0 16 18 10 41 40 35 51 ]
(489.78 | 215.41) [ 0 9 24 7 32 28 49 34 51 ]
(442.52 | 208.08) [ 0 19 6 44 27 31 51 ]
(397.03 | 211.61) [ 0 11 22 15 36 47 29 51 ]
(456.55 | 218.58) [ 0 1 4 2 3 43 26 51 ]


4200.37
(287.95 | 287.95) [ 0 21 46 51 ]
(617.71 | 167.02) [ 0 14 12 8 39 37 33 51 ]
(393.76 | 148.13) [ 0 23 25 13 48 38 50 51 ]
(582.68 | 192.42) [ 0 20 5 17 30 45 42 51 ]
(397.03 | 208.89) [ 0 11 22 15 36 47 29 51 ]
(442.52 | 239.41) [ 0 6 19 44 27 31 51 ]
(456.55 | 203.99) [ 0 1 4 2 3 26 43 51 ]
(432.38 | 192.97) [ 0 10 18 16 41 40 35 51 ]
(489.78 | 205.87) [ 0 7 24 9 32 28 49 34 51 ]


4195.55
(255.85 | 275.85) [ 0 11 46 51 ]
(456.55 | 216.47) [ 0 3 2 4 1 26 43 51 ]
(432.65 | 114.78) [ 0 15 16 10 41 40 35 51 ]
(582.68 | 199.73) [ 0 20 5 17 30 45 42 51 ]
(489.78 | 205.51) [ 0 9 24 7 32 28 49 34 51 ]
(393.76 | 188.40) [ 0 23 25 13 48 38 50 51 ]
(617.71 | 203.32) [ 0 8 12 14 33 37 39 51 ]
(404.06 | 225.58) [ 0 18 21 22 29 47 36 51 ]
(442.52 | 204.48) [ 0 6 19 44 27 31 51 ]


4191.33
(257.38 | 277.38) [ 0 14 46 51 ]
(444.39 | 154.29) [ 0 11 9 24 34 49 36 51 ]
(413.97 | 208.22) [ 0 3 2 4 1 47 28 32 29 51 ]
(432.65 | 181.68) [ 0 10 16 15 41 40 35 51 ]
(442.52 | 204.32) [ 0 6 19 44 27 31 51 ]
(582.68 | 199.08) [ 0 20 5 17 30 45 42 51 ]
(483.16 | 215.97) [ 0 18 21 22 26 43 51 ]
(620.81 | 191.50) [ 0 12 7 8 39 37 33 51 ]
(393.76 | 208.03) [ 0 23 25 13 48 38 50 51 ]


4196.40
(257.38 | 277.38) [ 0 14 46 51 ]
(483.16 | 195.07) [ 0 22 21 18 26 43 51 ]
(622.87 | 155.60) [ 0 8 6 12 33 37 39 51 ]
(393.76 | 139.64) [ 0 13 25 23 50 38 48 51 ]
(403.08 | 191.07) [ 0 20 19 31 27 44 51 ]
(432.65 | 187.42) [ 0 10 16 15 41 40 35 51 ]
(444.39 | 205.74) [ 0 11 9 24 34 49 36 51 ]
(585.13 | 181.22) [ 0 17 7 5 30 45 42 51 ]
(413.97 | 204.44) [ 0 1 4 2 3 47 28 32 29 51 ]


4200.90
(267.61 | 287.61) [ 0 20 46 51 ]
(483.16 | 181.74) [ 0 22 21 18 26 43 51 ]
(393.76 | 201.62) [ 0 23 25 13 48 38 50 51 ]
(413.97 | 195.54) [ 0 3 2 4 1 29 32 28 47 51 ]
(617.71 | 206.45) [ 0 8 12 14 33 37 39 51 ]
(585.13 | 204.61) [ 0 5 7 17 30 45 42 51 ]
(444.39 | 200.51) [ 0 11 9 24 34 49 36 51 ]
(442.52 | 225.65) [ 0 6 19 44 27 31 51 ]
(432.65 | 200.38) [ 0 15 16 10 41 40 35 51 ]


4191.33
(257.38 | 277.38) [ 0 14 46 51 ]
(620.81 | 159.74) [ 0 12 7 8 39 37 33 51 ]
(483.16 | 236.62) [ 0 18 21 22 43 26 51 ]
(393.76 | 177.27) [ 0 23 25 13 50 38 48 51 ]
(432.65 | 184.78) [ 0 10 16 15 35 40 41 51 ]
(444.39 | 201.18) [ 0 11 9 24 36 49 34 51 ]
(582.68 | 176.91) [ 0 17 5 20 30 45 42 51 ]
(413.97 | 192.23) [ 0 1 4 2 3 47 28 32 29 51 ]
(442.52 | 212.83) [ 0 6 19 44 27 31 51 ]


4200.37
(287.95 | 287.95) [ 0 21 46 51 ]
(432.38 | 194.84) [ 0 10 18 16 41 40 35 51 ]
(442.52 | 251.62) [ 0 6 19 44 27 31 51 ]
(393.76 | 177.09) [ 0 23 25 13 48 38 50 51 ]
(582.68 | 186.92) [ 0 17 5 20 30 45 42 51 ]
(456.55 | 196.72) [ 0 3 2 4 1 26 43 51 ]
(617.71 | 184.35) [ 0 14 12 8 33 37 39 51 ]
(397.03 | 205.72) [ 0 15 22 11 29 47 36 51 ]
(489.78 | 208.71) [ 0 9 24 7 32 28 49 34 51 ]


4203.36
(413.97 | -386.37) [ 0 1 4 2 3 47 28 32 29 51 ]
(402.47 | 139.42) [ 0 19 31 27 44 51 ]
(617.71 | 145.02) [ 0 14 12 8 33 37 39 51 ]
(480.48 | 203.73) [ 0 13 18 26 43 51 ]
(395.86 | 237.94) [ 0 22 25 23 48 38 50 51 ]
(313.14 | 214.52) [ 0 7 6 21 46 51 ]
(582.68 | 194.67) [ 0 20 5 17 30 45 42 51 ]
(444.39 | 206.24) [ 0 11 9 24 34 49 36 51 ]
(432.65 | 224.87) [ 0 10 16 15 41 40 35 51 ]


4200.90
(267.61 | 287.61) [ 0 20 46 51 ]
(432.65 | 153.24) [ 0 10 16 15 41 40 35 51 ]
(442.52 | 209.36) [ 0 6 19 44 27 31 51 ]
(483.16 | 188.60) [ 0 18 21 22 26 43 51 ]
(413.97 | 84.79) [ 0 1 4 2 3 47 28 32 29 51 ]
(393.76 | 167.07) [ 0 13 25 23 50 38 48 51 ]
(617.71 | 165.23) [ 0 14 12 8 39 37 33 51 ]
(585.13 | 236.25) [ 0 17 7 5 42 45 30 51 ]
(444.39 | 201.87) [ 0 11 9 24 36 49 34 51 ]


4200.37
(287.95 | 287.95) [ 0 21 46 51 ]
(582.68 | 171.87) [ 0 17 5 20 30 45 42 51 ]
(456.55 | 190.65) [ 0 1 4 2 3 26 43 51 ]
(442.52 | 204.45) [ 0 6 19 44 27 31 51 ]
(432.38 | 200.42) [ 0 10 18 16 35 40 41 51 ]
(617.71 | 193.32) [ 0 8 12 14 33 37 39 51 ]
(489.78 | 216.00) [ 0 9 24 7 32 28 49 34 51 ]
(393.76 | 201.83) [ 0 23 25 13 48 38 50 51 ]
(397.03 | 198.63) [ 0 15 22 11 36 47 29 51 ]


4196.40
(257.38 | 277.38) [ 0 14 46 51 ]
(585.13 | -311.50) [ 0 5 7 17 42 45 30 51 ]
(432.65 | -18.59) [ 0 10 16 15 35 40 41 51 ]
(393.76 | 41.09) [ 0 23 25 13 48 38 50 51 ]
(483.16 | 87.43) [ 0 18 21 22 43 26 51 ]
(413.97 | 177.72) [ 0 1 4 2 3 47 28 32 29 51 ]
(622.87 | 193.99) [ 0 8 6 12 39 37 33 51 ]
(403.08 | 208.58) [ 0 19 20 44 27 31 51 ]
(444.39 | 203.68) [ 0 11 9 24 36 49 34 51 ]


4200.37
(287.95 | 287.95) [ 0 21 46 51 ]
(617.71 | 204.71) [ 0 8 12 14 39 37 33 51 ]
(432.38 | 208.42) [ 0 10 18 16 41 40 35 51 ]
(442.52 | 240.17) [ 0 6 19 44 27 31 51 ]
(456.55 | 202.10) [ 0 3 2 4 1 43 26 51 ]
(393.76 | 212.76) [ 0 13 25 23 48 38 50 51 ]
(397.03 | 217.56) [ 0 11 22 15 36 47 29 51 ]
(582.68 | 189.08) [ 0 17 5 20 30 45 42 51 ]
(489.78 | 200.57) [ 0 7 24 9 34 49 28 32 51 ]


4216.40
(571.47 | 153.64) [ 0 14 33 37 39 51 ]
(453.09 | 249.88) [ 0 20 19 43 26 51 ]
(444.18 | 242.72) [ 0 12 6 8 31 27 44 51 ]
(393.76 | 169.44) [ 0 23 25 13 50 38 48 51 ]
(432.65 | 174.05) [ 0 10 16 15 35 40 41 51 ]
(413.97 | 216.51) [ 0 1 4 2 3 29 32 28 47 51 ]
(297.75 | 213.47) [ 0 22 21 18 46 51 ]
(444.39 | 190.43) [ 0 11 9 24 36 49 34 51 ]
(585.13 | 217.43) [ 0 17 7 5 30 45 42 51 ]


4198.09
(393.30 | 103.36) [ 0 23 18 13 50 38 48 51 ]
(617.71 | 77.24) [ 0 14 12 8 33 37 39 51 ]
(582.68 | 147.97) [ 0 17 5 20 30 45 42 51 ]
(294.15 | 160.91) [ 0 25 21 46 51 ]
(454.18 | 222.24) [ 0 7 6 22 47 28 32 29 51 ]
(432.65 | 180.71) [ 0 10 16 15 41 40 35 51 ]
(444.39 | 186.76) [ 0 11 9 24 34 49 36 51 ]
(456.55 | 211.40) [ 0 1 4 2 3 26 43 51 ]
(402.47 | 244.17) [ 0 19 44 27 31 51 ]


4200.90
(267.61 | 267.61) [ 0 20 46 51 ]
(483.16 | 189.38) [ 0 22 21 18 26 43 51 ]
(432.65 | 112.34) [ 0 15 16 10 35 40 41 51 ]
(617.71 | 137.89) [ 0 14 12 8 33 37 39 51 ]
(393.76 | 186.71) [ 0 23 25 13 48 38 50 51 ]
(585.13 | 193.89) [ 0 5 7 17 30 45 42 51 ]
(442.52 | 222.12) [ 0 6 19 31 27 44 51 ]
(444.39 | 202.07) [ 0 11 9 24 36 49 34 51 ]
(413.97 | 203.27) [ 0 1 4 2 3 47 28 32 29 51 ]


4191.33
(257.38 | 277.38) [ 0 14 46 51 ]
(393.76 | 199.84) [ 0 13 25 23 50 38 48 51 ]
(483.16 | 249.39) [ 0 18 21 22 26 43 51 ]
(582.68 | 171.38) [ 0 17 5 20 30 45 42 51 ]
(413.97 | 232.06) [ 0 1 4 2 3 47 28 32 29 51 ]
(432.65 | 201.60) [ 0 10 16 15 35 40 41 51 ]
(442.52 | 218.73) [ 0 6 19 44 27 31 51 ]
(444.39 | 201.79) [ 0 24 9 11 36 49 34 51 ]
(620.81 | 212.17) [ 0 8 7 12 39 37 33 51 ]


4212.71
(461.21 | -118.14) [ 0 11 24 7 36 49 34 51 ]
(568.99 | -67.81) [ 0 22 17 9 30 45 42 51 ]
(430.42 | -38.62) [ 0 1 26 43 51 ]
(303.54 | 100.28) [ 0 15 21 20 46 51 ]
(442.59 | -5.92) [ 0 6 5 19 44 27 31 51 ]
(393.76 | 177.73) [ 0 23 25 13 48 38 50 51 ]
(402.12 | 222.77) [ 0 2 4 3 47 28 32 29 51 ]
(617.71 | 181.19) [ 0 8 12 14 33 37 39 51 ]
(432.38 | 222.94) [ 0 16 18 10 41 40 35 51 ]


4200.90
(267.61 | 287.61) [ 0 20 46 51 ]
(585.13 | 217.01) [ 0 5 7 17 30 45 42 51 ]
(617.71 | 181.76) [ 0 14 12 8 39 37 33 51 ]
(393.76 | 160.99) [ 0 23 25 13 48 38 50 51 ]
(413.97 | 204.37) [ 0 1 4 2 3 47 28 32 29 51 ]
(442.52 | 210.15) [ 0 6 19 44 27 31 51 ]
(444.39 | 210.99) [ 0 11 9 24 36 49 34 51 ]
(432.65 | 175.17) [ 0 15 16 10 41 40 35 51 ]
(483.16 | 205.42) [ 0 22 21 18 43 26 51 ]


4196.40
(257.38 | 277.38) [ 0 14 46 51 ]
(585.13 | -116.03) [ 0 5 7 17 42 45 30 51 ]
(393.76 | 83.47) [ 0 23 25 13 48 38 50 51 ]
(432.65 | 179.05) [ 0 15 16 10 35 40 41 51 ]
(483.16 | 225.72) [ 0 18 21 22 26 43 51 ]
(622.87 | 224.24) [ 0 12 6 8 33 37 39 51 ]
(403.08 | 219.46) [ 0 20 19 44 27 31 51 ]
(444.39 | 213.74) [ 0 24 9 11 36 49 34 51 ]
(413.97 | 208.30) [ 0 1 4 2 3 29 32 28 47 51 ]


4207.87
(293.62 | 204.75) [ 0 9 21 46 51 ]
(402.47 | 217.87) [ 0 19 44 27 31 51 ]
(393.76 | 193.70) [ 0 23 25 13 48 38 50 51 ]
(432.38 | 224.13) [ 0 16 18 10 41 40 35 51 ]
(397.03 | 198.21) [ 0 11 22 15 29 47 36 51 ]
(582.68 | 195.68) [ 0 20 5 17 42 45 30 51 ]
(617.71 | 166.88) [ 0 14 12 8 33 37 39 51 ]
(456.55 | 207.89) [ 0 3 2 4 1 43 26 51 ]
(491.66 | 212.26) [ 0 7 6 24 32 28 49 34 51 ]


4200.90
(267.61 | 287.61) [ 0 20 46 51 ]
(585.13 | 187.06) [ 0 5 7 17 30 45 42 51 ]
(483.16 | 212.58) [ 0 18 21 22 26 43 51 ]
(444.39 | 223.42) [ 0 11 9 24 36 49 34 51 ]
(617.71 | 190.34) [ 0 14 12 8 39 37 33 51 ]
(413.97 | 168.81) [ 0 1 4 2 3 29 32 28 47 51 ]
(393.76 | 194.03) [ 0 23 25 13 48 38 50 51 ]
(432.65 | 191.87) [ 0 15 16 10 35 40 41 51 ]
(442.52 | 218.64) [ 0 6 19 44 27 31 51 ]


4200.37
(287.95 | 287.95) [ 0 21 46 51 ]
(442.52 | 213.75) [ 0 6 19 31 27 44 51 ]
(393.76 | 196.38) [ 0 13 25 23 50 38 48 51 ]
(582.68 | 148.76) [ 0 20 5 17 30 45 42 51 ]
(617.71 | 210.82) [ 0 14 12 8 33 37 39 51 ]
(456.55 | 198.11) [ 0 1 4 2 3 26 43 51 ]
(489.78 | 181.29) [ 0 9 24 7 32 28 49 34 51 ]
(397.03 | 224.50) [ 0 11 22 15 29 47 36 51 ]
(432.38 | 191.09) [ 0 16 18 10 35 40 41 51 ]


4191.33
(257.38 | 277.38) [ 0 14 46 51 ]
(483.16 | 126.17) [ 0 22 21 18 26 43 51 ]
(582.68 | 181.22) [ 0 17 5 20 30 45 42 51 ]
(413.97 | 196.52) [ 0 1 4 2 3 47 28 32 29 51 ]
(442.52 | 229.99) [ 0 6 19 44 27 31 51 ]
(432.65 | 203.43) [ 0 10 16 15 35 40 41 51 ]
(444.39 | 211.09) [ 0 24 9 11 34 49 36 51 ]
(620.81 | 212.60) [ 0 12 7 8 33 37 39 51 ]
(393.76 | 199.79) [ 0 23 25 13 50 38 48 51 ]


4226.24
(255.85 | 275.85) [ 0 11 46 51 ]
(393.76 | 61.18) [ 0 23 25 13 48 38 50 51 ]
(432.41 | 186.24) [ 0 7 21 22 32 36 47 51 ]
(617.71 | 147.89) [ 0 14 12 8 33 37 39 51 ]
(432.65 | 199.94) [ 0 15 16 10 35 40 41 51 ]
(582.68 | 207.35) [ 0 17 5 20 42 45 30 51 ]
(442.52 | 221.22) [ 0 6 19 31 27 44 51 ]
(489.70 | 238.76) [ 0 18 24 9 26 43 51 ]
(458.97 | 210.98) [ 0 3 2 4 1 29 28 49 34 51 ]


