4976.63
(520.79 | -203.51) [ 0 5 8 18 31 48 35 61 ]
(493.79 | -1084.48) [ 0 27 17 11 57 41 47 61 ]
(405.78 | -727.88) [ 0 30 19 15 60 45 49 61 ]
(499.37 | -54.39) [ 0 22 7 6 36 32 52 61 ]
(519.16 | -40.16) [ 0 1 25 56 55 44 61 ]
(358.87 | -258.83) [ 0 12 16 42 46 61 ]
(574.99 | -220.97) [ 0 13 2 4 3 33 43 37 38 61 ]
(370.12 | -180.50) [ 0 26 29 14 34 59 61 ]
(590.62 | -165.57) [ 0 9 28 10 20 58 40 39 50 61 ]
(503.13 | -217.51) [ 0 23 21 24 53 51 54 61 ]


5096.06
(565.36 | -109.30) [ 0 26 24 16 56 31 54 61 ]
(590.82 | -299.61) [ 0 15 10 21 20 50 40 51 45 61 ]
(386.10 | -218.18) [ 0 1 4 46 34 61 ]
(563.33 | -217.89) [ 0 5 8 18 48 55 35 61 ]
(430.64 | -224.26) [ 0 19 30 23 60 53 49 61 ]
(475.75 | -254.02) [ 0 14 11 17 47 44 41 61 ]
(538.52 | -243.46) [ 0 9 28 27 58 39 57 61 ]
(571.07 | -228.43) [ 0 3 2 25 13 33 43 37 38 61 ]
(499.37 | -18.34) [ 0 22 7 6 36 32 52 61 ]
(355.11 | -299.57) [ 0 12 29 42 59 61 ]


5078.09
(474.40 | -91.92) [ 0 28 22 7 58 36 53 61 ]
(358.87 | -226.15) [ 0 16 12 46 42 61 ]
(455.92 | -227.43) [ 0 23 11 17 41 38 47 61 ]
(530.97 | -208.66) [ 0 9 24 19 54 39 49 61 ]
(432.64 | -212.74) [ 0 2 4 3 33 34 59 61 ]
(524.41 | -187.47) [ 0 27 18 57 43 37 61 ]
(475.91 | -210.21) [ 0 1 25 13 31 48 35 61 ]
(522.09 | -255.54) [ 0 26 29 14 44 55 56 61 ]
(590.82 | -238.46) [ 0 20 21 10 15 50 40 51 45 61 ]
(492.04 | -195.86) [ 0 5 6 8 30 52 32 60 61 ]


5068.35
(501.53 | -156.46) [ 0 24 21 16 54 51 52 61 ]
(425.04 | -109.52) [ 0 6 7 22 34 46 61 ]
(560.93 | -244.88) [ 0 5 8 27 33 57 38 61 ]
(467.35 | -175.08) [ 0 2 4 3 60 53 32 61 ]
(590.88 | -172.12) [ 0 13 25 1 43 37 55 56 61 ]
(392.04 | -314.06) [ 0 26 19 15 28 49 45 58 61 ]
(594.89 | -299.39) [ 0 9 10 30 36 40 39 50 61 ]
(366.66 | -297.80) [ 0 20 12 29 42 59 61 ]
(475.75 | -326.37) [ 0 17 11 14 47 44 41 61 ]
(453.27 | -251.63) [ 0 23 18 31 48 35 61 ]


5063.80
(550.64 | 144.36) [ 0 1 4 34 31 56 61 ]
(538.52 | -303.75) [ 0 27 28 9 57 39 58 61 ]
(571.07 | -299.72) [ 0 13 25 2 3 33 43 37 38 61 ]
(355.11 | -228.76) [ 0 29 12 59 42 61 ]
(430.64 | -285.80) [ 0 19 30 23 60 53 49 61 ]
(475.75 | -177.53) [ 0 17 11 14 47 44 41 61 ]
(592.13 | -190.88) [ 0 24 10 21 20 51 40 50 54 61 ]
(499.37 | -218.36) [ 0 6 7 22 36 32 52 61 ]
(563.33 | -183.79) [ 0 5 8 18 48 55 35 61 ]
(387.25 | -153.49) [ 0 26 16 15 46 45 61 ]


5094.49
(476.05 | -3496.79) [ 0 1 4 3 31 48 35 61 ]
(515.14 | 92.94) [ 0 22 21 24 52 51 54 61 ]
(359.97 | 106.30) [ 0 26 16 29 46 59 61 ]
(403.02 | 71.97) [ 0 30 18 19 34 49 60 61 ]
(575.45 | 101.70) [ 0 8 7 28 33 43 37 38 61 ]
(467.73 | 120.87) [ 0 25 2 32 36 53 61 ]
(394.51 | -421.50) [ 0 13 12 15 45 42 61 ]
(533.39 | -307.27) [ 0 23 20 14 44 55 56 61 ]
(655.44 | -313.86) [ 0 5 6 10 9 58 40 39 50 61 ]
(493.79 | -241.86) [ 0 27 17 11 47 41 57 61 ]


5046.33
(518.54 | -1922.38) [ 0 1 25 13 31 55 56 61 ]
(499.37 | 55.36) [ 0 6 7 22 36 32 52 61 ]
(474.26 | 74.21) [ 0 17 11 10 20 41 47 48 61 ]
(503.13 | -290.72) [ 0 24 21 23 53 51 54 61 ]
(586.16 | -255.40) [ 0 5 8 14 35 44 38 61 ]
(405.78 | -279.82) [ 0 15 19 30 60 45 49 61 ]
(525.68 | -249.76) [ 0 12 27 37 43 57 61 ]
(575.46 | -152.20) [ 0 9 18 28 50 39 40 58 61 ]
(437.98 | -244.17) [ 0 3 4 2 33 34 42 61 ]
(359.97 | -247.79) [ 0 26 16 29 46 59 61 ]


5089.95
(595.50 | -660.00) [ 0 13 25 2 3 33 43 37 48 61 ]
(611.57 | -3382.41) [ 0 5 8 27 57 38 35 61 ]
(357.16 | -43.70) [ 0 9 28 12 42 34 61 ]
(499.37 | -55.01) [ 0 6 7 22 36 32 52 61 ]
(518.65 | -84.69) [ 0 1 4 56 55 31 61 ]
(475.75 | -251.57) [ 0 14 11 17 47 44 41 61 ]
(490.47 | -237.71) [ 0 24 21 15 54 51 45 61 ]
(590.87 | -358.16) [ 0 20 10 18 50 39 40 58 61 ]
(359.97 | -303.00) [ 0 26 16 29 46 59 61 ]
(430.64 | -268.63) [ 0 19 30 23 49 53 60 61 ]


5137.01
(647.13 | -866.67) [ 0 9 7 6 5 58 40 39 50 61 ]
(404.99 | -217.36) [ 0 17 15 22 45 42 61 ]
(457.21 | -193.66) [ 0 8 20 23 52 53 61 ]
(447.63 | -316.88) [ 0 28 29 11 47 38 41 61 ]
(450.18 | -168.71) [ 0 18 12 31 48 35 61 ]
(525.00 | -280.94) [ 0 26 10 14 44 55 56 61 ]
(517.80 | -245.34) [ 0 27 21 24 54 51 36 32 61 ]
(432.64 | -305.98) [ 0 3 4 2 33 34 59 61 ]
(552.95 | -183.34) [ 0 13 25 1 37 43 57 61 ]
(401.48 | -324.20) [ 0 19 16 30 46 49 60 61 ]


4971.28
(358.87 | -3427.70) [ 0 16 12 42 46 61 ]
(520.79 | 15.67) [ 0 18 8 5 31 48 35 61 ]
(552.95 | -160.37) [ 0 13 25 1 57 43 37 61 ]
(503.13 | -167.92) [ 0 24 21 23 53 51 54 61 ]
(405.78 | -179.71) [ 0 30 19 15 60 45 49 61 ]
(432.64 | -225.98) [ 0 2 4 3 33 34 59 61 ]
(522.09 | -180.66) [ 0 26 29 14 56 55 44 61 ]
(499.37 | -244.89) [ 0 22 7 6 52 32 36 61 ]
(590.62 | -211.83) [ 0 20 10 28 9 50 39 40 58 61 ]
(445.04 | -228.16) [ 0 27 17 11 47 38 41 61 ]


5066.59
(516.77 | 00.61) [ 0 11 6 8 47 38 41 61 ]
(616.12 | -31.59) [ 0 5 7 21 14 37 43 57 61 ]
(515.54 | -375.75) [ 0 13 25 1 31 44 35 61 ]
(532.35 | -318.91) [ 0 2 4 3 33 54 51 34 61 ]
(492.92 | -335.21) [ 0 18 24 26 48 55 56 61 ]
(590.62 | -339.93) [ 0 20 10 28 9 58 40 39 50 61 ]
(358.87 | -290.03) [ 0 12 16 46 42 61 ]
(384.35 | -266.79) [ 0 17 29 15 45 59 61 ]
(426.10 | -217.11) [ 0 19 22 30 52 60 49 61 ]
(432.95 | -397.90) [ 0 27 23 53 36 32 61 ]


5036.95
(564.77 | -117.83) [ 0 5 8 24 38 31 35 61 ]
(552.95 | -1035.33) [ 0 13 25 1 57 43 37 61 ]
(590.62 | 76.83) [ 0 20 10 28 9 50 39 40 58 61 ]
(439.87 | -249.19) [ 0 3 4 2 33 34 46 61 ]
(355.11 | -287.26) [ 0 12 29 59 42 61 ]
(475.75 | -217.25) [ 0 17 11 14 41 44 47 61 ]
(490.65 | -188.24) [ 0 26 15 18 48 55 56 61 ]
(404.95 | -248.60) [ 0 27 19 30 60 45 49 61 ]
(502.92 | -241.65) [ 0 23 21 16 54 51 53 61 ]
(499.37 | -236.10) [ 0 22 7 6 36 32 52 61 ]


5063.93
(583.75 | -300.48) [ 0 20 24 27 53 50 54 61 ]
(504.68 | -1109.18) [ 0 17 11 23 57 41 47 61 ]
(378.87 | -86.90) [ 0 1 4 59 34 61 ]
(499.37 | -216.22) [ 0 22 7 6 52 32 36 61 ]
(522.09 | -201.76) [ 0 26 29 14 56 55 44 61 ]
(358.87 | -276.42) [ 0 12 16 42 46 61 ]
(405.78 | -175.08) [ 0 30 19 15 49 45 60 61 ]
(558.66 | -195.13) [ 0 21 10 28 9 58 51 40 39 61 ]
(571.07 | -361.39) [ 0 13 25 2 3 33 43 37 38 61 ]
(520.79 | -273.14) [ 0 18 8 5 31 48 35 61 ]


5083.27
(487.11 | -28.92) [ 0 8 6 7 60 53 32 61 ]
(519.16 | -39.79) [ 0 1 25 56 55 44 61 ]
(407.63 | -225.58) [ 0 22 16 26 52 46 61 ]
(601.41 | -187.92) [ 0 3 4 2 13 34 33 43 37 61 ]
(594.89 | -218.63) [ 0 9 10 30 50 39 40 36 61 ]
(366.66 | -301.57) [ 0 20 12 29 42 59 61 ]
(521.97 | -264.62) [ 0 18 23 5 31 48 35 61 ]
(392.04 | -217.58) [ 0 28 15 19 49 45 58 61 ]
(454.06 | -206.63) [ 0 17 11 14 47 38 41 61 ]
(538.34 | -239.91) [ 0 27 21 24 57 54 51 61 ]


5105.30
(519.16 | -161.57) [ 0 1 25 44 55 56 61 ]
(487.62 | -1487.26) [ 0 3 4 2 13 32 53 58 61 ]
(351.46 | -120.43) [ 0 18 29 26 59 34 61 ]
(454.06 | -10.22) [ 0 17 11 14 47 38 41 61 ]
(449.47 | -381.00) [ 0 20 22 12 52 42 33 61 ]
(504.77 | -261.89) [ 0 28 7 8 31 48 35 61 ]
(401.48 | -376.08) [ 0 19 16 30 60 49 46 61 ]
(490.47 | -362.57) [ 0 24 21 15 45 51 54 61 ]
(524.59 | -344.42) [ 0 27 23 57 43 37 61 ]
(662.21 | -282.59) [ 0 5 6 10 9 50 39 40 36 61 ]


5071.04
(618.36 | -587.80) [ 0 2 4 3 32 36 33 38 61 ]
(475.75 | -345.40) [ 0 14 11 17 47 44 41 61 ]
(358.87 | -312.64) [ 0 16 12 46 42 61 ]
(357.09 | -241.16) [ 0 26 29 23 34 59 61 ]
(472.87 | -335.32) [ 0 22 7 6 53 52 61 ]
(590.88 | -335.22) [ 0 13 25 1 56 55 37 43 61 ]
(520.79 | -214.44) [ 0 5 8 18 31 48 35 61 ]
(405.78 | -278.38) [ 0 15 19 30 49 45 60 61 ]
(592.13 | -270.47) [ 0 20 21 10 24 54 50 40 51 61 ]
(538.52 | -265.46) [ 0 9 28 27 58 39 57 61 ]


5119.20
(522.61 | -331.33) [ 0 17 11 14 41 43 57 61 ]
(560.45 | -573.98) [ 0 28 7 8 37 38 47 61 ]
(394.51 | 26.95) [ 0 13 12 15 45 42 61 ]
(498.62 | -54.30) [ 0 27 21 24 54 51 53 61 ]
(519.16 | -135.51) [ 0 1 25 44 55 56 61 ]
(461.15 | -327.04) [ 0 3 4 2 33 34 49 58 61 ]
(442.96 | -166.62) [ 0 19 22 30 60 32 52 61 ]
(457.56 | -135.68) [ 0 23 20 18 31 48 35 61 ]
(662.21 | -143.74) [ 0 5 6 10 9 50 39 40 36 61 ]
(359.97 | -263.30) [ 0 26 16 29 46 59 61 ]


5051.47
(520.79 | 73.23) [ 0 5 8 18 31 48 35 61 ]
(453.32 | 84.13) [ 0 6 7 22 42 52 61 ]
(384.02 | -44.72) [ 0 9 28 15 58 45 49 61 ]
(552.95 | 33.05) [ 0 1 25 13 37 43 57 61 ]
(597.28 | -188.76) [ 0 20 10 12 50 39 40 36 61 ]
(445.04 | -178.41) [ 0 27 17 11 47 38 41 61 ]
(366.91 | -123.90) [ 0 16 21 29 46 59 61 ]
(520.28 | -107.54) [ 0 26 24 14 44 55 56 61 ]
(438.54 | -184.59) [ 0 19 30 23 60 53 32 61 ]
(532.35 | -308.67) [ 0 3 4 2 33 54 51 34 61 ]


5061.76
(523.90 | -578.58) [ 0 5 10 18 31 48 35 61 ]
(553.94 | -752.05) [ 0 8 6 7 38 57 33 61 ]
(530.97 | 41.57) [ 0 9 24 19 54 39 49 61 ]
(582.64 | -115.15) [ 0 23 20 15 45 51 40 50 61 ]
(356.82 | -225.96) [ 0 27 12 42 34 61 ]
(475.82 | -230.66) [ 0 3 4 2 32 36 53 61 ]
(411.06 | -266.40) [ 0 30 22 21 28 52 60 58 61 ]
(475.75 | -216.46) [ 0 17 11 14 47 44 41 61 ]
(590.88 | -246.64) [ 0 13 25 1 43 37 55 56 61 ]
(359.97 | -260.07) [ 0 29 16 26 46 59 61 ]


5100.36
(530.73 | -83.10) [ 0 13 25 1 56 55 44 61 ]
(520.79 | -19.47) [ 0 5 8 18 31 48 35 61 ]
(527.45 | 07.87) [ 0 9 28 14 32 51 54 58 61 ]
(358.87 | 15.89) [ 0 16 12 46 42 61 ]
(589.77 | -89.23) [ 0 6 7 29 33 43 37 38 61 ]
(426.10 | -105.75) [ 0 19 22 30 52 60 49 61 ]
(601.08 | -351.12) [ 0 20 21 10 24 36 40 39 50 61 ]
(393.27 | -278.85) [ 0 2 4 3 34 59 61 ]
(493.79 | -177.50) [ 0 27 17 11 57 41 47 61 ]
(418.50 | -272.76) [ 0 26 15 23 53 45 61 ]


5036.84
(448.26 | -55.75) [ 0 11 12 17 47 38 41 61 ]
(520.79 | 47.27) [ 0 5 8 18 31 48 35 61 ]
(570.94 | -297.70) [ 0 13 25 2 57 43 37 61 ]
(365.24 | -304.31) [ 0 23 16 46 42 61 ]
(430.79 | -273.54) [ 0 27 19 30 60 53 49 61 ]
(522.09 | -270.92) [ 0 26 29 14 44 55 56 61 ]
(590.62 | -243.39) [ 0 20 10 28 9 50 39 40 58 61 ]
(499.37 | -210.95) [ 0 22 7 6 36 32 52 61 ]
(418.27 | -295.44) [ 0 1 4 3 33 34 59 61 ]
(490.47 | -311.65) [ 0 24 21 15 45 51 54 61 ]


5032.56
(448.03 | -88.45) [ 0 17 16 11 31 47 41 61 ]
(586.16 | -94.57) [ 0 5 8 14 35 44 38 61 ]
(366.66 | -147.68) [ 0 20 12 29 42 59 61 ]
(425.50 | -305.72) [ 0 1 4 3 33 34 46 61 ]
(569.92 | -303.89) [ 0 9 28 27 50 39 40 58 61 ]
(503.13 | -228.29) [ 0 23 21 24 53 51 54 61 ]
(497.06 | -235.77) [ 0 26 10 18 48 55 56 61 ]
(499.37 | -237.81) [ 0 22 7 6 52 32 36 61 ]
(405.78 | -159.17) [ 0 30 19 15 49 45 60 61 ]
(570.94 | -259.52) [ 0 13 25 2 37 43 57 61 ]


5072.17
(584.77 | -15.17) [ 0 5 22 14 48 35 44 61 ]
(461.12 | 102.05) [ 0 3 4 2 52 32 60 61 ]
(498.71 | -40.57) [ 0 27 17 30 20 47 41 57 61 ]
(359.97 | -236.67) [ 0 26 16 29 46 59 61 ]
(358.37 | -224.33) [ 0 18 12 34 42 61 ]
(518.54 | -133.92) [ 0 1 25 13 56 55 31 61 ]
(396.11 | -225.20) [ 0 11 15 28 49 45 58 61 ]
(590.58 | -231.98) [ 0 9 10 19 50 39 40 36 61 ]
(503.13 | -271.46) [ 0 23 21 24 53 51 54 61 ]
(580.87 | -319.38) [ 0 8 6 7 38 37 43 33 61 ]


5109.65
(504.49 | -15.19) [ 0 6 7 29 32 36 53 61 ]
(384.24 | -82.43) [ 0 1 4 3 34 42 61 ]
(448.26 | -4.80) [ 0 17 12 11 47 38 41 61 ]
(548.72 | -363.40) [ 0 13 25 2 44 55 56 61 ]
(387.25 | -361.71) [ 0 26 16 15 45 46 61 ]
(633.68 | -362.45) [ 0 9 19 14 49 39 43 37 61 ]
(520.79 | -281.24) [ 0 5 8 18 31 48 35 61 ]
(608.39 | -194.05) [ 0 10 21 22 20 52 51 40 50 61 ]
(381.38 | -235.50) [ 0 23 30 28 59 58 60 61 ]
(472.45 | -232.06) [ 0 24 27 33 57 54 61 ]


5067.80
(592.13 | -576.34) [ 0 20 21 10 24 51 40 50 54 61 ]
(618.36 | -938.08) [ 0 3 4 2 38 33 36 32 61 ]
(421.94 | -189.51) [ 0 29 7 6 34 59 61 ]
(520.79 | -190.05) [ 0 5 8 18 31 48 35 61 ]
(475.75 | -286.18) [ 0 17 11 14 47 44 41 61 ]
(358.87 | -291.82) [ 0 16 12 46 42 61 ]
(590.88 | -291.78) [ 0 13 25 1 56 55 37 43 61 ]
(538.52 | -261.45) [ 0 9 28 27 57 39 58 61 ]
(405.78 | -224.30) [ 0 30 19 15 49 45 60 61 ]
(424.78 | -305.69) [ 0 26 22 23 53 52 61 ]


5135.68
(649.73 | -330.80) [ 0 2 4 3 50 57 38 61 ]
(426.10 | -47.34) [ 0 19 22 30 49 60 52 61 ]
(520.79 | -389.45) [ 0 5 8 18 31 48 35 61 ]
(480.47 | -371.99) [ 0 20 24 27 53 54 33 61 ]
(475.75 | -317.76) [ 0 17 11 14 41 44 47 61 ]
(558.66 | -282.19) [ 0 9 28 10 21 58 51 40 39 61 ]
(509.07 | -221.74) [ 0 15 7 6 32 36 45 61 ]
(364.26 | -216.22) [ 0 23 12 42 34 61 ]
(590.88 | -330.98) [ 0 13 25 1 43 37 55 56 61 ]
(359.97 | -314.24) [ 0 26 16 29 46 59 61 ]


5078.94
(520.28 | -6215.22) [ 0 26 24 14 44 55 56 61 ]
(444.93 | -19.17) [ 0 1 25 52 32 58 61 ]
(407.62 | -177.62) [ 0 8 7 28 34 59 61 ]
(405.78 | -248.28) [ 0 15 19 30 49 45 60 61 ]
(512.00 | -158.77) [ 0 21 22 23 53 51 54 61 ]
(358.87 | -117.70) [ 0 12 16 46 42 61 ]
(458.46 | -183.59) [ 0 29 18 20 35 48 31 61 ]
(493.79 | -293.93) [ 0 11 17 27 47 41 57 61 ]
(574.99 | -116.09) [ 0 13 2 4 3 33 43 37 38 61 ]
(662.21 | -327.32) [ 0 5 6 10 9 50 39 40 36 61 ]


5086.86
(566.41 | -535.46) [ 0 5 18 15 38 48 35 61 ]
(475.75 | -228.92) [ 0 17 11 14 47 44 41 61 ]
(407.58 | -179.30) [ 0 20 22 12 52 42 61 ]
(475.82 | -362.30) [ 0 2 4 3 32 36 53 61 ]
(500.85 | -288.20) [ 0 24 21 10 33 54 51 34 61 ]
(404.80 | -278.74) [ 0 19 30 23 49 45 60 61 ]
(359.97 | -331.50) [ 0 26 16 29 59 46 61 ]
(569.92 | -340.45) [ 0 9 28 27 50 39 40 58 61 ]
(587.22 | -266.45) [ 0 7 6 8 57 43 37 61 ]
(518.54 | -360.65) [ 0 1 25 13 56 55 31 61 ]


5088.16
(366.69 | -455.84) [ 0 17 16 11 42 46 61 ]
(415.47 | -141.79) [ 0 18 20 23 53 52 61 ]
(464.34 | -311.59) [ 0 1 25 31 48 35 61 ]
(532.82 | -305.71) [ 0 22 21 12 32 51 54 58 61 ]
(494.88 | -325.38) [ 0 28 7 8 47 38 41 61 ]
(405.78 | -312.03) [ 0 15 19 30 60 45 49 61 ]
(533.03 | -303.50) [ 0 13 29 27 57 43 37 61 ]
(432.64 | -240.71) [ 0 3 4 2 33 34 59 61 ]
(520.28 | -270.81) [ 0 26 24 14 44 55 56 61 ]
(662.21 | -273.45) [ 0 9 10 6 5 50 39 40 36 61 ]


5083.40
(403.71 | -157.56) [ 0 11 19 10 60 45 49 61 ]
(585.79 | -1.59) [ 0 21 6 8 30 32 36 51 54 61 ]
(524.88 | -65.82) [ 0 25 2 56 55 48 61 ]
(519.81 | 09.87) [ 0 1 4 3 33 57 38 61 ]
(351.46 | -177.95) [ 0 26 29 18 59 34 61 ]
(569.92 | -192.99) [ 0 9 28 27 50 39 40 58 61 ]
(437.50 | -119.11) [ 0 17 24 15 31 47 41 61 ]
(649.46 | -187.15) [ 0 13 14 7 5 35 44 37 43 61 ]
(422.00 | -289.42) [ 0 20 22 23 52 53 61 ]
(358.87 | -236.32) [ 0 16 12 42 46 61 ]


5062.24
(508.26 | -6.05) [ 0 6 7 15 32 45 49 61 ]
(520.79 | -80.29) [ 0 5 8 18 31 48 35 61 ]
(519.16 | -78.71) [ 0 1 25 56 55 44 61 ]
(356.82 | -58.55) [ 0 12 27 34 42 61 ]
(574.99 | -217.43) [ 0 3 4 2 13 38 37 43 33 61 ]
(405.71 | -372.59) [ 0 28 30 22 20 58 60 52 61 ]
(502.82 | -375.75) [ 0 17 11 14 57 41 47 61 ]
(359.97 | -309.10) [ 0 29 16 26 59 46 61 ]
(503.13 | -249.28) [ 0 23 21 24 53 51 54 61 ]
(590.58 | -231.70) [ 0 9 10 19 50 39 40 36 61 ]


5115.42
(622.48 | 03.00) [ 0 6 7 22 56 35 55 37 61 ]
(364.83 | -187.09) [ 0 13 12 29 42 59 61 ]
(441.52 | 08.84) [ 0 26 24 23 32 36 53 61 ]
(584.55 | 08.42) [ 0 3 4 2 51 40 54 33 61 ]
(396.60 | 12.11) [ 0 18 21 16 52 46 61 ]
(578.07 | -356.74) [ 0 5 8 27 38 43 57 61 ]
(572.49 | -281.37) [ 0 9 28 10 20 58 39 50 34 61 ]
(433.35 | -193.50) [ 0 1 25 31 48 61 ]
(475.75 | -225.73) [ 0 17 11 14 47 44 41 61 ]
(405.78 | -220.45) [ 0 30 19 15 49 45 60 61 ]


5071.00
(419.18 | -88.79) [ 0 12 18 31 48 61 ]
(503.84 | -87.21) [ 0 15 7 6 32 36 53 61 ]
(583.43 | -65.46) [ 0 13 25 1 37 55 56 35 61 ]
(393.41 | -296.42) [ 0 23 30 28 58 45 60 61 ]
(437.98 | -302.34) [ 0 3 4 2 33 34 42 61 ]
(475.75 | -280.29) [ 0 17 11 14 47 44 41 61 ]
(578.07 | -252.90) [ 0 5 8 27 38 43 57 61 ]
(608.39 | -328.18) [ 0 10 21 22 20 50 40 51 52 61 ]
(530.97 | -235.87) [ 0 9 24 19 49 39 54 61 ]
(359.97 | -253.32) [ 0 26 16 29 46 59 61 ]


5150.99
(552.82 | 81.12) [ 0 8 6 7 54 51 52 61 ]
(522.47 | -343.87) [ 0 5 22 12 31 48 35 61 ]
(528.12 | -347.10) [ 0 1 25 38 55 56 61 ]
(532.93 | -345.40) [ 0 13 24 27 57 43 37 61 ]
(593.95 | -359.25) [ 0 20 21 10 15 50 39 40 58 61 ]
(355.07 | -337.69) [ 0 26 29 18 42 59 61 ]
(475.75 | -357.18) [ 0 17 11 14 41 44 47 61 ]
(517.30 | -213.10) [ 0 3 4 2 33 45 36 32 61 ]
(430.64 | -205.37) [ 0 23 30 19 60 53 49 61 ]
(361.95 | -202.30) [ 0 9 28 16 46 34 61 ]


5088.91
(437.98 | -241.44) [ 0 3 4 2 42 34 33 61 ]
(582.12 | -508.48) [ 0 9 28 10 50 39 40 58 61 ]
(402.05 | 191.62) [ 0 19 30 23 59 49 60 61 ]
(427.46 | 202.92) [ 0 20 18 29 31 48 61 ]
(497.02 | 183.85) [ 0 17 12 11 47 41 57 61 ]
(387.25 | -247.90) [ 0 26 16 15 45 46 61 ]
(498.62 | -214.32) [ 0 24 21 27 53 51 54 61 ]
(590.88 | -277.26) [ 0 13 25 1 56 55 37 43 61 ]
(586.16 | -262.10) [ 0 5 8 14 35 44 38 61 ]
(499.37 | -267.03) [ 0 22 7 6 36 32 52 61 ]


5058.59
(369.74 | -278.06) [ 0 20 16 29 46 59 61 ]
(569.92 | -317.62) [ 0 9 28 27 50 39 40 58 61 ]
(573.32 | -278.03) [ 0 10 21 8 5 35 44 38 61 ]
(552.95 | -217.51) [ 0 13 25 1 37 43 57 61 ]
(384.79 | -219.29) [ 0 15 12 42 45 61 ]
(452.58 | -280.19) [ 0 17 11 14 41 47 31 61 ]
(492.92 | -282.11) [ 0 26 24 18 48 55 56 61 ]
(532.35 | -242.47) [ 0 3 4 2 33 54 51 34 61 ]
(499.37 | -171.57) [ 0 22 7 6 36 32 52 61 ]
(430.64 | -182.00) [ 0 19 30 23 49 53 60 61 ]


5077.13
(550.64 | -235.86) [ 0 1 4 35 31 34 61 ]
(459.13 | -111.78) [ 0 5 22 29 52 59 61 ]
(358.87 | -96.08) [ 0 16 12 42 46 61 ]
(592.13 | -222.58) [ 0 20 21 10 24 54 50 40 51 61 ]
(475.75 | -286.20) [ 0 17 11 14 47 44 41 61 ]
(404.80 | -291.30) [ 0 23 30 19 49 45 60 61 ]
(538.52 | -135.06) [ 0 9 28 27 58 39 57 61 ]
(571.07 | -152.46) [ 0 13 25 2 3 33 43 37 38 61 ]
(490.65 | -146.91) [ 0 26 15 18 48 55 56 61 ]
(495.58 | -170.63) [ 0 7 6 8 32 36 53 61 ]


5098.36
(490.04 | -213.07) [ 0 1 4 3 33 34 49 36 61 ]
(362.46 | -1539.92) [ 0 13 29 27 42 59 61 ]
(453.03 | -166.61) [ 0 2 25 52 32 60 61 ]
(530.79 | -216.72) [ 0 14 19 30 44 55 56 61 ]
(387.25 | -216.20) [ 0 26 16 15 46 45 61 ]
(590.62 | -200.61) [ 0 20 10 28 9 50 39 40 58 61 ]
(503.13 | -353.90) [ 0 24 21 23 54 51 53 61 ]
(592.00 | -348.28) [ 0 22 7 6 37 43 57 61 ]
(448.26 | -51.63) [ 0 11 12 17 47 38 41 61 ]
(520.79 | -52.60) [ 0 5 8 18 31 48 35 61 ]


5111.26
(571.86 | -889.14) [ 0 1 25 37 55 35 56 61 ]
(554.07 | -317.36) [ 0 5 8 12 42 51 54 61 ]
(458.91 | -708.39) [ 0 15 20 23 33 45 53 61 ]
(390.13 | 118.71) [ 0 19 21 16 28 46 49 58 61 ]
(475.75 | -192.13) [ 0 17 11 14 47 44 41 61 ]
(655.76 | -177.87) [ 0 10 6 7 50 39 40 36 61 ]
(419.37 | -185.35) [ 0 26 24 18 31 48 61 ]
(435.25 | -217.83) [ 0 9 30 22 52 32 60 61 ]
(516.89 | -214.48) [ 0 13 29 27 38 43 57 61 ]
(393.27 | -280.78) [ 0 3 4 2 59 34 61 ]


5055.99
(498.62 | -112.62) [ 0 24 21 27 53 51 54 61 ]
(485.36 | -377.83) [ 0 28 7 8 52 32 58 61 ]
(467.25 | -160.01) [ 0 20 22 18 31 48 35 61 ]
(475.75 | -2.08) [ 0 14 11 17 41 44 47 61 ]
(534.18 | -216.98) [ 0 2 4 3 33 57 38 61 ]
(357.09 | -199.20) [ 0 26 29 23 34 59 61 ]
(358.87 | -153.18) [ 0 16 12 42 46 61 ]
(590.88 | -154.16) [ 0 13 25 1 56 55 37 43 61 ]
(405.78 | -272.10) [ 0 30 19 15 49 45 60 61 ]
(662.21 | -173.08) [ 0 9 10 6 5 50 39 40 36 61 ]


5127.07
(560.93 | -161.95) [ 0 5 8 27 38 57 33 61 ]
(608.55 | -884.40) [ 0 6 7 22 53 36 39 61 ]
(358.87 | -1233.37) [ 0 16 12 42 46 61 ]
(456.50 | -456.50) [ 0 13 25 1 58 32 52 61 ]
(521.67 | -83.98) [ 0 17 11 29 43 37 41 47 61 ]
(447.42 | -91.55) [ 0 9 18 28 31 48 35 61 ]
(522.93 | -105.75) [ 0 26 15 14 56 55 44 61 ]
(393.27 | -321.24) [ 0 3 4 2 59 34 61 ]
(404.80 | -321.19) [ 0 23 30 19 60 45 49 61 ]
(592.13 | -224.64) [ 0 24 10 21 20 54 50 40 51 61 ]


5090.73
(576.01 | -5075.02) [ 0 9 25 2 44 55 56 61 ]
(635.75 | -13.68) [ 0 20 7 8 50 39 40 36 61 ]
(392.04 | -125.64) [ 0 26 19 15 28 49 45 58 61 ]
(476.05 | -34.99) [ 0 1 4 3 31 48 35 61 ]
(532.04 | -59.26) [ 0 13 14 11 47 41 37 43 61 ]
(498.91 | -124.12) [ 0 18 21 24 54 51 53 61 ]
(491.31 | -293.62) [ 0 27 23 33 57 38 61 ]
(358.87 | -237.91) [ 0 12 16 46 42 61 ]
(357.36 | -306.99) [ 0 17 10 29 34 59 61 ]
(492.38 | -248.72) [ 0 5 6 22 30 60 32 52 61 ]


5084.28
(495.55 | -229.74) [ 0 6 7 22 52 32 58 61 ]
(490.69 | -194.48) [ 0 9 28 23 53 51 54 61 ]
(558.49 | -223.35) [ 0 27 8 5 38 31 35 61 ]
(552.95 | -280.35) [ 0 13 25 1 37 43 57 61 ]
(492.92 | -249.67) [ 0 26 24 18 56 55 48 61 ]
(358.87 | -213.23) [ 0 12 16 46 42 61 ]
(475.75 | -298.97) [ 0 14 11 17 47 44 41 61 ]
(405.78 | -270.68) [ 0 30 19 15 60 45 49 61 ]
(432.64 | -294.26) [ 0 2 4 3 33 34 59 61 ]
(600.63 | -371.55) [ 0 29 10 21 20 50 39 40 36 61 ]


5018.48
(358.87 | -170.57) [ 0 16 12 42 46 61 ]
(499.37 | -548.54) [ 0 6 7 22 52 32 36 61 ]
(378.87 | -19.30) [ 0 1 4 34 59 61 ]
(508.58 | -4.95) [ 0 17 11 10 20 47 41 57 61 ]
(520.79 | -26.74) [ 0 5 8 18 31 48 35 61 ]
(569.92 | -180.45) [ 0 9 28 27 50 39 40 58 61 ]
(571.07 | -163.14) [ 0 13 25 2 3 33 43 37 38 61 ]
(503.13 | -120.62) [ 0 23 21 24 53 51 54 61 ]
(405.78 | -157.73) [ 0 30 19 15 60 45 49 61 ]
(522.09 | -184.65) [ 0 26 29 14 56 55 44 61 ]


5095.30
(515.65 | -223.27) [ 0 1 4 31 44 35 61 ]
(414.85 | -735.59) [ 0 28 7 8 34 46 61 ]
(392.37 | -122.50) [ 0 9 16 19 58 45 49 61 ]
(571.07 | -146.45) [ 0 13 25 2 3 33 43 37 38 61 ]
(503.13 | -321.57) [ 0 23 21 24 53 51 54 61 ]
(597.28 | -359.26) [ 0 27 10 20 50 39 40 36 61 ]
(492.38 | -253.76) [ 0 5 6 22 30 52 32 60 61 ]
(502.82 | -270.04) [ 0 17 11 14 47 41 57 61 ]
(355.11 | -241.89) [ 0 12 29 42 59 61 ]
(490.65 | -228.84) [ 0 26 15 18 48 55 56 61 ]


5089.99
(572.22 | -276.63) [ 0 2 4 3 52 33 38 61 ]
(349.68 | -151.09) [ 0 26 29 15 34 59 61 ]
(500.82 | -39.83) [ 0 8 6 7 32 36 45 61 ]
(590.88 | -335.75) [ 0 13 25 1 43 37 55 56 61 ]
(475.75 | -235.92) [ 0 17 11 14 41 44 47 61 ]
(430.64 | -253.05) [ 0 19 30 23 60 53 49 61 ]
(358.87 | -193.70) [ 0 16 12 46 42 61 ]
(538.52 | -289.34) [ 0 9 28 27 57 39 58 61 ]
(592.13 | -293.43) [ 0 24 10 21 20 54 50 40 51 61 ]
(520.50 | -320.40) [ 0 5 22 18 31 48 35 61 ]


5045.10
(440.56 | -396.70) [ 0 13 15 27 36 32 52 61 ]
(537.15 | -162.73) [ 0 2 25 44 55 56 61 ]
(590.62 | -474.63) [ 0 9 28 10 20 50 39 40 58 61 ]
(359.97 | -338.55) [ 0 26 16 29 59 46 61 ]
(502.82 | -308.91) [ 0 17 11 14 47 41 57 61 ]
(580.87 | -244.98) [ 0 8 6 7 38 37 43 33 61 ]
(384.24 | -285.99) [ 0 1 4 3 34 42 61 ]
(405.24 | -217.64) [ 0 12 19 30 49 45 60 61 ]
(503.13 | -316.18) [ 0 23 21 24 53 51 54 61 ]
(520.50 | -363.93) [ 0 5 22 18 31 48 35 61 ]


5028.74
(464.34 | -772.15) [ 0 1 25 31 48 35 61 ]
(550.95 | -966.13) [ 0 2 4 3 32 51 54 58 61 ]
(405.78 | -351.31) [ 0 30 19 15 60 45 49 61 ]
(520.28 | -253.17) [ 0 26 24 14 56 55 44 61 ]
(662.21 | -279.57) [ 0 5 6 10 9 50 39 40 36 61 ]
(422.00 | -256.73) [ 0 23 22 20 52 53 61 ]
(493.79 | -320.79) [ 0 27 17 11 57 41 47 61 ]
(369.11 | -248.36) [ 0 18 21 16 34 46 61 ]
(364.83 | -224.44) [ 0 13 12 29 59 42 61 ]
(575.45 | -239.13) [ 0 28 7 8 38 37 43 33 61 ]


5020.47
(590.88 | -9761.94) [ 0 13 25 1 43 37 55 56 61 ]
(520.79 | -257.41) [ 0 5 8 18 31 48 35 61 ]
(498.68 | -229.61) [ 0 27 17 11 33 57 38 61 ]
(393.27 | -117.96) [ 0 3 4 2 34 59 61 ]
(358.87 | -122.98) [ 0 16 12 42 46 61 ]
(499.37 | -120.18) [ 0 22 7 6 36 32 52 61 ]
(479.07 | -63.92) [ 0 26 29 14 47 44 41 61 ]
(590.62 | -219.98) [ 0 9 28 10 20 50 39 40 58 61 ]
(405.78 | -230.18) [ 0 15 19 30 49 45 60 61 ]
(503.13 | -211.12) [ 0 24 21 23 53 51 54 61 ]


5050.57
(612.06 | 21.41) [ 0 6 7 22 52 36 39 61 ]
(432.64 | -29.21) [ 0 2 4 3 33 34 59 61 ]
(397.05 | -218.21) [ 0 9 15 19 60 45 49 61 ]
(522.09 | -186.09) [ 0 26 29 14 44 55 56 61 ]
(358.87 | -372.49) [ 0 16 12 46 42 61 ]
(592.13 | -337.93) [ 0 24 10 21 20 54 50 40 51 61 ]
(520.79 | -270.62) [ 0 18 8 5 31 48 35 61 ]
(445.04 | -295.98) [ 0 27 17 11 47 38 41 61 ]
(552.95 | -188.55) [ 0 13 25 1 37 43 57 61 ]
(436.95 | -260.27) [ 0 28 30 23 32 53 58 61 ]


4977.29
(615.35 | -714.78) [ 0 13 25 2 3 43 37 55 56 61 ]
(476.02 | -214.67) [ 0 1 4 31 48 35 61 ]
(475.75 | -260.80) [ 0 17 11 14 41 44 47 61 ]
(560.93 | -281.61) [ 0 5 8 27 33 57 38 61 ]
(590.62 | -327.59) [ 0 9 28 10 20 50 39 40 58 61 ]
(358.87 | -407.60) [ 0 16 12 42 46 61 ]
(499.37 | -212.86) [ 0 22 7 6 52 32 36 61 ]
(405.78 | -285.78) [ 0 15 19 30 60 45 49 61 ]
(503.13 | -281.27) [ 0 23 21 24 53 51 54 61 ]
(351.46 | -216.79) [ 0 26 29 18 34 59 61 ]


5041.51
(503.13 | -305.99) [ 0 24 21 23 53 51 54 61 ]
(522.20 | -280.95) [ 0 12 14 44 55 56 61 ]
(493.79 | -207.41) [ 0 27 17 11 47 41 57 61 ]
(571.07 | -214.12) [ 0 13 25 2 3 33 43 37 38 61 ]
(654.58 | -214.58) [ 0 5 8 20 10 50 39 40 58 61 ]
(384.21 | -200.39) [ 0 1 4 34 42 61 ]
(405.78 | -338.88) [ 0 15 19 30 60 45 49 61 ]
(499.37 | -161.52) [ 0 22 7 6 52 32 36 61 ]
(447.42 | -197.71) [ 0 28 18 9 31 48 35 61 ]
(359.97 | -234.76) [ 0 26 16 29 46 59 61 ]


5032.49
(351.46 | 12.78) [ 0 18 29 26 34 59 61 ]
(490.42 | -24.97) [ 0 3 4 2 31 48 35 61 ]
(499.37 | -45.91) [ 0 6 7 22 36 32 52 61 ]
(537.14 | -19.11) [ 0 19 15 9 49 39 45 61 ]
(560.93 | -119.97) [ 0 5 8 27 33 57 38 61 ]
(358.87 | -273.25) [ 0 16 12 46 42 61 ]
(592.13 | -319.19) [ 0 20 21 10 24 54 50 40 51 61 ]
(590.88 | -361.65) [ 0 13 25 1 56 55 37 43 61 ]
(475.75 | -322.33) [ 0 17 11 14 47 44 41 61 ]
(415.54 | -285.49) [ 0 23 30 28 60 53 58 61 ]


5062.29
(588.96 | -243.78) [ 0 26 10 27 50 39 40 36 61 ]
(548.52 | -208.59) [ 0 8 7 28 33 57 38 61 ]
(461.12 | -213.85) [ 0 3 4 2 52 32 60 61 ]
(503.13 | -228.54) [ 0 23 21 24 53 51 54 61 ]
(475.75 | -218.90) [ 0 14 11 17 41 44 47 61 ]
(590.88 | -231.12) [ 0 1 25 13 56 55 37 43 61 ]
(521.68 | -248.53) [ 0 5 6 22 30 31 48 35 61 ]
(358.87 | -317.53) [ 0 12 16 46 42 61 ]
(361.31 | -296.91) [ 0 29 18 20 59 34 61 ]
(392.05 | -257.70) [ 0 9 15 19 58 45 49 61 ]


5063.20
(571.07 | -540.38) [ 0 13 25 2 3 33 43 37 38 61 ]
(378.87 | -91.01) [ 0 1 4 34 59 61 ]
(644.71 | -99.07) [ 0 17 11 10 20 47 41 50 40 61 ]
(358.87 | -239.63) [ 0 12 16 46 42 61 ]
(499.37 | -277.16) [ 0 6 7 22 52 32 36 61 ]
(538.52 | -312.17) [ 0 9 28 27 57 39 58 61 ]
(522.09 | -286.89) [ 0 26 29 14 44 55 56 61 ]
(520.79 | -241.13) [ 0 5 8 18 31 48 35 61 ]
(405.78 | -290.02) [ 0 15 19 30 49 45 60 61 ]
(503.13 | -309.06) [ 0 23 21 24 53 51 54 61 ]


5104.21
(396.80 | -1336.83) [ 0 13 24 12 52 42 61 ]
(577.77 | -1358.57) [ 0 27 20 8 57 43 37 61 ]
(506.97 | -183.28) [ 0 1 25 35 55 31 61 ]
(535.38 | -140.30) [ 0 26 14 22 56 44 38 61 ]
(459.47 | -291.23) [ 0 17 10 18 48 47 41 61 ]
(366.91 | -250.49) [ 0 29 21 16 46 59 61 ]
(532.35 | -295.12) [ 0 2 4 3 33 54 51 34 61 ]
(396.11 | -280.57) [ 0 28 15 11 49 45 58 61 ]
(438.54 | -264.21) [ 0 19 30 23 60 53 32 61 ]
(653.91 | -283.30) [ 0 5 6 7 9 36 40 39 50 61 ]


5051.69
(564.83 | -3806.62) [ 0 16 8 5 35 31 38 61 ]
(569.92 | -393.28) [ 0 9 28 27 58 40 39 50 61 ]
(405.78 | -332.80) [ 0 30 19 15 60 45 49 61 ]
(368.92 | -247.08) [ 0 20 10 12 42 59 61 ]
(552.95 | -243.87) [ 0 13 25 1 57 43 37 61 ]
(475.75 | -165.34) [ 0 17 11 14 47 44 41 61 ]
(499.37 | -223.75) [ 0 6 7 22 52 32 36 61 ]
(503.13 | -242.07) [ 0 24 21 23 53 51 54 61 ]
(491.16 | -195.74) [ 0 18 29 26 48 55 56 61 ]
(439.87 | -196.51) [ 0 2 4 3 33 34 46 61 ]


5116.81
(581.81 | -1450.16) [ 0 8 7 28 37 43 57 61 ]
(591.73 | -56.84) [ 0 2 1 39 32 52 61 ]
(508.38 | -79.78) [ 0 26 15 23 56 55 44 61 ]
(454.06 | -84.57) [ 0 17 11 14 47 38 41 61 ]
(446.85 | -100.98) [ 0 3 4 25 13 33 34 46 61 ]
(487.00 | -112.02) [ 0 5 6 22 30 60 36 53 61 ]
(392.37 | -242.99) [ 0 9 16 19 49 45 58 61 ]
(447.37 | -197.99) [ 0 18 27 31 48 35 61 ]
(355.11 | -333.11) [ 0 12 29 42 59 61 ]
(592.13 | -267.43) [ 0 20 21 10 24 51 40 50 54 61 ]


5095.19
(561.82 | -159.71) [ 0 5 8 23 35 48 38 61 ]
(475.75 | -327.64) [ 0 17 11 14 41 44 47 61 ]
(552.95 | -2592.52) [ 0 13 25 1 57 43 37 61 ]
(489.46 | -266.86) [ 0 26 29 15 31 55 56 61 ]
(369.76 | -195.70) [ 0 12 10 20 46 42 61 ]
(498.91 | -222.52) [ 0 24 21 18 53 51 54 61 ]
(569.92 | -254.02) [ 0 9 28 27 50 39 40 58 61 ]
(404.61 | -335.69) [ 0 30 16 19 49 45 60 61 ]
(499.37 | -191.29) [ 0 6 7 22 52 32 36 61 ]
(432.64 | -173.52) [ 0 2 4 3 33 34 59 61 ]


5114.03
(459.26 | -153.28) [ 0 2 25 32 53 60 61 ]
(491.45 | -96.40) [ 0 24 19 21 28 54 51 49 58 61 ]
(426.56 | -201.55) [ 0 23 20 18 31 48 61 ]
(462.93 | -250.29) [ 0 8 6 7 52 45 61 ]
(590.67 | -316.09) [ 0 9 29 30 36 40 39 50 61 ]
(475.75 | -257.45) [ 0 17 11 14 47 44 41 61 ]
(418.27 | -323.78) [ 0 1 4 3 33 34 59 61 ]
(361.40 | -319.33) [ 0 26 12 10 42 46 61 ]
(630.69 | -319.49) [ 0 16 22 5 37 55 56 35 61 ]
(517.06 | -256.60) [ 0 13 15 27 38 43 57 61 ]


4971.28
(590.62 | -720.49) [ 0 20 10 28 9 58 40 39 50 61 ]
(520.79 | 114.76) [ 0 5 8 18 31 48 35 61 ]
(499.37 | 113.26) [ 0 6 7 22 36 32 52 61 ]
(552.95 | -335.53) [ 0 13 25 1 57 43 37 61 ]
(358.87 | -346.45) [ 0 16 12 42 46 61 ]
(432.64 | -344.78) [ 0 2 4 3 59 34 33 61 ]
(503.13 | -335.55) [ 0 23 21 24 53 51 54 61 ]
(445.04 | -359.96) [ 0 11 17 27 41 38 47 61 ]
(522.09 | -279.61) [ 0 26 29 14 44 55 56 61 ]
(405.78 | -258.45) [ 0 30 19 15 49 45 60 61 ]


5111.56
(592.00 | -121.24) [ 0 6 7 22 57 43 37 61 ]
(355.93 | -169.81) [ 0 27 12 42 46 61 ]
(396.29 | -288.79) [ 0 9 29 30 59 49 60 61 ]
(566.67 | -36.62) [ 0 5 8 18 35 48 38 61 ]
(411.47 | -23.68) [ 0 26 15 23 52 53 61 ]
(593.01 | -50.25) [ 0 28 19 16 20 50 39 40 58 61 ]
(517.75 | -39.63) [ 0 24 21 10 32 36 51 54 61 ]
(518.54 | -298.63) [ 0 13 25 1 56 55 31 61 ]
(464.13 | -204.44) [ 0 3 4 2 33 45 34 61 ]
(475.75 | -228.62) [ 0 17 11 14 47 44 41 61 ]


5099.40
(621.29 | -1068.26) [ 0 20 8 7 21 56 35 55 37 61 ]
(482.40 | 88.43) [ 0 17 10 14 47 44 41 61 ]
(433.35 | 132.63) [ 0 1 25 48 31 61 ]
(493.53 | -312.00) [ 0 28 24 11 58 51 54 49 61 ]
(432.64 | -351.13) [ 0 3 4 2 33 34 59 61 ]
(589.56 | -357.71) [ 0 9 18 19 50 39 40 36 61 ]
(358.87 | -266.30) [ 0 12 16 42 46 61 ]
(418.50 | -283.88) [ 0 26 15 23 45 53 61 ]
(492.38 | -244.21) [ 0 5 6 22 30 52 32 60 61 ]
(516.89 | -265.41) [ 0 13 29 27 38 43 57 61 ]


5065.88
(520.79 | -237.90) [ 0 5 8 18 31 48 35 61 ]
(597.18 | -224.08) [ 0 13 25 2 3 37 43 33 59 61 ]
(402.10 | -396.38) [ 0 30 19 12 60 49 42 61 ]
(449.51 | -133.29) [ 0 17 16 11 47 38 41 61 ]
(592.13 | -341.99) [ 0 24 10 21 20 51 40 50 54 61 ]
(538.52 | -201.78) [ 0 9 28 27 57 39 58 61 ]
(386.10 | -241.36) [ 0 1 4 34 46 61 ]
(499.37 | -185.51) [ 0 22 7 6 52 32 36 61 ]
(522.09 | -172.49) [ 0 26 29 14 44 55 56 61 ]
(418.10 | -142.07) [ 0 23 15 45 53 61 ]


5057.86
(500.82 | -188.26) [ 0 8 6 7 32 36 45 61 ]
(587.52 | 63.93) [ 0 3 4 2 34 33 43 37 61 ]
(464.34 | -173.06) [ 0 1 25 35 48 31 61 ]
(401.48 | -313.51) [ 0 30 16 19 46 49 60 61 ]
(475.25 | -354.32) [ 0 5 22 23 52 53 61 ]
(522.93 | -164.20) [ 0 26 15 14 56 55 44 61 ]
(450.04 | -122.90) [ 0 17 11 18 47 38 41 61 ]
(538.52 | -134.19) [ 0 9 28 27 57 39 58 61 ]
(592.13 | -170.55) [ 0 20 21 10 24 54 50 40 51 61 ]
(364.83 | -245.94) [ 0 13 12 29 42 59 61 ]


5118.23
(590.88 | -184.70) [ 0 1 25 13 43 37 55 56 61 ]
(434.35 | -124.95) [ 0 9 28 23 32 53 58 61 ]
(480.23 | -67.97) [ 0 5 7 22 21 52 60 49 61 ]
(534.18 | -61.16) [ 0 3 4 2 33 57 38 61 ]
(358.87 | -394.51) [ 0 12 16 46 42 61 ]
(370.12 | -379.32) [ 0 26 29 14 34 59 61 ]
(472.32 | -325.93) [ 0 11 19 10 47 44 41 61 ]
(447.37 | -399.85) [ 0 27 18 31 48 35 61 ]
(480.34 | -299.40) [ 0 17 24 15 45 51 54 61 ]
(649.56 | -314.39) [ 0 30 20 6 8 50 39 40 36 61 ]


5027.75
(588.87 | -390.10) [ 0 13 25 1 43 37 31 35 61 ]
(358.87 | 14.02) [ 0 12 16 46 42 61 ]
(420.02 | 15.55) [ 0 5 8 27 59 34 61 ]
(590.62 | -363.03) [ 0 9 28 10 20 50 39 40 58 61 ]
(475.75 | -409.17) [ 0 14 11 17 47 44 41 61 ]
(534.18 | -366.61) [ 0 3 4 2 33 57 38 61 ]
(499.37 | -218.93) [ 0 22 7 6 36 32 52 61 ]
(491.16 | -262.35) [ 0 26 29 18 48 55 56 61 ]
(405.78 | -321.85) [ 0 15 19 30 60 45 49 61 ]
(503.13 | -77.16) [ 0 23 21 24 53 51 54 61 ]


5119.11
(453.32 | 05.77) [ 0 6 7 22 42 52 61 ]
(583.54 | 25.23) [ 0 4 1 37 55 56 35 61 ]
(438.54 | 47.99) [ 0 19 30 23 60 53 32 61 ]
(542.31 | -267.11) [ 0 3 2 25 13 34 51 54 33 61 ]
(578.07 | -254.01) [ 0 5 8 27 57 43 38 61 ]
(384.02 | -263.07) [ 0 15 28 9 49 45 58 61 ]
(597.28 | -313.84) [ 0 12 10 20 36 40 39 50 61 ]
(366.91 | -243.29) [ 0 16 21 29 59 46 61 ]
(475.75 | -256.25) [ 0 17 11 14 41 44 47 61 ]
(419.37 | -292.54) [ 0 26 24 18 48 31 61 ]


5060.65
(589.85 | 34.86) [ 0 2 25 37 55 56 35 61 ]
(565.29 | 81.32) [ 0 8 7 28 58 54 51 32 61 ]
(425.50 | -347.15) [ 0 1 4 3 33 34 46 61 ]
(428.03 | -246.17) [ 0 16 21 18 31 48 61 ]
(405.78 | -235.52) [ 0 30 19 15 49 45 60 61 ]
(424.78 | -242.19) [ 0 26 22 23 53 52 61 ]
(662.21 | -182.24) [ 0 5 6 10 9 50 39 40 36 61 ]
(516.79 | -145.22) [ 0 13 24 27 38 43 57 61 ]
(475.75 | -227.88) [ 0 14 11 17 47 44 41 61 ]
(366.66 | -214.17) [ 0 20 12 29 42 59 61 ]


5091.83
(499.65 | -384.17) [ 0 10 21 24 13 45 51 54 61 ]
(587.22 | -339.15) [ 0 8 6 7 57 43 37 61 ]
(467.73 | -138.80) [ 0 2 25 32 36 53 61 ]
(593.07 | -295.61) [ 0 23 20 19 28 50 39 40 58 61 ]
(524.02 | -267.38) [ 0 5 16 18 31 48 35 61 ]
(418.27 | -253.30) [ 0 1 4 3 33 34 59 61 ]
(418.38 | -277.28) [ 0 9 30 22 52 60 49 61 ]
(356.36 | -206.88) [ 0 12 15 46 42 61 ]
(445.04 | -191.80) [ 0 11 17 27 47 38 41 61 ]
(522.09 | -296.25) [ 0 26 29 14 44 55 56 61 ]


4976.58
(493.79 | -334.07) [ 0 11 17 27 57 41 47 61 ]
(499.37 | -410.31) [ 0 6 7 22 52 32 36 61 ]
(590.62 | -269.24) [ 0 20 10 28 9 50 39 40 58 61 ]
(520.79 | -219.87) [ 0 5 8 18 31 48 35 61 ]
(358.87 | -304.82) [ 0 12 16 42 46 61 ]
(378.87 | -257.70) [ 0 1 4 59 34 61 ]
(571.07 | -238.15) [ 0 13 25 2 3 33 43 37 38 61 ]
(490.47 | -286.42) [ 0 24 21 15 45 51 54 61 ]
(522.09 | -224.25) [ 0 26 29 14 56 55 44 61 ]
(430.64 | -339.89) [ 0 23 30 19 60 53 49 61 ]


5033.80
(601.41 | -527.59) [ 0 3 4 2 13 34 33 43 37 61 ]
(506.97 | -53.05) [ 0 1 25 35 55 31 61 ]
(355.11 | -30.12) [ 0 29 12 59 42 61 ]
(566.67 | -11.25) [ 0 5 8 18 38 48 56 61 ]
(499.37 | -271.27) [ 0 22 7 6 52 32 36 61 ]
(538.52 | -236.40) [ 0 9 28 27 57 39 58 61 ]
(387.25 | -295.05) [ 0 26 16 15 46 45 61 ]
(475.75 | -232.75) [ 0 17 11 14 47 44 41 61 ]
(592.13 | -289.84) [ 0 20 21 10 24 51 40 50 54 61 ]
(430.64 | -292.39) [ 0 19 30 23 49 53 60 61 ]


5087.92
(456.39 | -6.70) [ 0 4 2 53 34 61 ]
(384.22 | 105.36) [ 0 19 12 28 42 49 58 61 ]
(690.97 | 100.99) [ 0 7 6 8 36 39 43 37 61 ]
(590.82 | 82.95) [ 0 15 10 21 20 50 40 51 45 61 ]
(532.56 | -468.36) [ 0 1 3 25 44 55 56 61 ]
(359.97 | -175.02) [ 0 26 16 29 46 59 61 ]
(435.25 | -301.77) [ 0 9 30 22 60 32 52 61 ]
(521.97 | -200.65) [ 0 18 23 5 31 48 35 61 ]
(454.06 | -194.66) [ 0 17 11 14 47 38 41 61 ]
(481.72 | -225.25) [ 0 27 24 13 33 57 54 61 ]


5079.38
(447.42 | 69.05) [ 0 9 18 28 31 48 35 61 ]
(635.53 | 80.29) [ 0 6 7 29 58 39 36 32 61 ]
(592.13 | -325.78) [ 0 20 21 10 24 54 50 40 51 61 ]
(475.75 | -221.11) [ 0 17 11 14 47 44 41 61 ]
(590.88 | -187.60) [ 0 1 25 13 43 37 55 56 61 ]
(426.10 | -274.99) [ 0 19 22 30 52 60 49 61 ]
(560.93 | -196.81) [ 0 5 8 27 33 57 38 61 ]
(358.87 | -215.55) [ 0 16 12 42 46 61 ]
(418.50 | -239.71) [ 0 23 15 26 45 53 61 ]
(393.27 | -225.78) [ 0 3 4 2 34 59 61 ]


5066.40
(608.55 | 76.15) [ 0 6 7 22 53 36 39 61 ]
(393.27 | -28.33) [ 0 2 4 3 34 59 61 ]
(431.62 | -91.88) [ 0 9 28 23 52 32 58 61 ]
(560.93 | -313.04) [ 0 5 8 27 33 57 38 61 ]
(590.88 | -271.80) [ 0 13 25 1 43 37 55 56 61 ]
(592.13 | -244.66) [ 0 20 21 10 24 54 50 40 51 61 ]
(358.87 | -212.25) [ 0 12 16 46 42 61 ]
(448.61 | -197.77) [ 0 26 29 18 31 48 35 61 ]
(405.78 | -270.74) [ 0 15 19 30 49 45 60 61 ]
(475.75 | -216.97) [ 0 17 11 14 41 44 47 61 ]


5093.67
(579.72 | -115.07) [ 0 5 8 23 56 55 38 61 ]
(475.75 | -559.00) [ 0 17 11 14 47 44 41 61 ]
(499.37 | -584.98) [ 0 22 7 6 52 32 36 61 ]
(656.06 | -322.84) [ 0 13 25 2 3 53 43 37 33 61 ]
(358.87 | -305.82) [ 0 16 12 46 42 61 ]
(378.87 | -236.58) [ 0 1 4 34 59 61 ]
(405.78 | -295.33) [ 0 15 19 30 49 45 60 61 ]
(448.61 | -403.56) [ 0 18 29 26 31 48 35 61 ]
(538.52 | -306.23) [ 0 9 28 27 58 39 57 61 ]
(592.13 | -280.39) [ 0 20 21 10 24 54 50 40 51 61 ]


5070.83
(474.83 | -112.43) [ 0 3 4 2 36 32 52 61 ]
(509.46 | -346.79) [ 0 17 10 14 57 41 47 61 ]
(365.86 | -372.13) [ 0 11 12 26 34 42 61 ]
(530.73 | -292.91) [ 0 1 25 13 44 55 56 61 ]
(405.78 | -314.89) [ 0 15 19 30 60 45 49 61 ]
(569.92 | -332.97) [ 0 9 28 27 58 40 39 50 61 ]
(580.87 | -309.14) [ 0 8 6 7 38 37 43 33 61 ]
(520.50 | -411.31) [ 0 5 22 18 35 48 31 61 ]
(369.74 | -376.91) [ 0 20 16 29 46 59 61 ]
(503.13 | -168.41) [ 0 23 21 24 53 51 54 61 ]


5095.20
(546.60 | -201.09) [ 0 13 25 1 33 43 37 38 61 ]
(482.61 | 20.52) [ 0 17 24 29 47 41 59 61 ]
(518.40 | -22.92) [ 0 26 11 14 44 55 56 61 ]
(358.87 | -287.27) [ 0 12 16 42 46 61 ]
(405.78 | -329.45) [ 0 30 19 15 49 45 60 61 ]
(558.66 | -284.34) [ 0 9 28 10 21 58 51 40 39 61 ]
(431.06 | -146.55) [ 0 2 4 3 52 34 61 ]
(495.58 | -296.80) [ 0 8 6 7 32 36 53 61 ]
(575.68 | -291.79) [ 0 27 22 20 57 50 54 61 ]
(521.97 | -185.54) [ 0 18 23 5 31 48 35 61 ]


5069.58
(450.63 | -463.40) [ 0 10 19 11 41 38 47 61 ]
(578.03 | 65.07) [ 0 8 14 26 44 55 56 61 ]
(464.34 | -173.48) [ 0 1 25 31 48 35 61 ]
(407.02 | -176.90) [ 0 17 29 22 59 52 61 ]
(653.91 | -181.50) [ 0 5 6 7 9 50 39 40 36 61 ]
(532.35 | -162.27) [ 0 2 4 3 33 54 51 34 61 ]
(397.44 | -187.21) [ 0 20 30 15 28 58 45 60 61 ]
(358.87 | -197.59) [ 0 16 12 42 46 61 ]
(454.05 | -190.75) [ 0 18 21 23 32 53 49 61 ]
(532.93 | -186.33) [ 0 13 24 27 37 43 57 61 ]


5060.88
(510.18 | -6673.23) [ 0 8 6 7 31 48 35 61 ]
(586.90 | -175.73) [ 0 21 10 28 9 50 39 40 58 61 ]
(493.79 | -280.25) [ 0 11 17 27 47 41 57 61 ]
(359.97 | -228.19) [ 0 26 16 29 59 46 61 ]
(519.28 | -95.91) [ 0 20 18 24 54 51 36 32 61 ]
(519.16 | -198.53) [ 0 1 25 44 55 56 61 ]
(405.78 | -186.39) [ 0 15 19 30 49 45 60 61 ]
(375.56 | -139.87) [ 0 12 14 34 42 61 ]
(475.25 | -343.13) [ 0 5 22 23 53 52 61 ]
(574.99 | -311.32) [ 0 3 4 2 13 33 43 37 38 61 ]


5078.99
(557.25 | -129.39) [ 0 5 8 23 35 31 38 61 ]
(573.15 | -169.35) [ 0 1 4 3 34 33 43 37 61 ]
(452.53 | -132.28) [ 0 22 7 6 46 52 61 ]
(538.52 | -279.86) [ 0 27 28 9 57 39 58 61 ]
(355.11 | -325.31) [ 0 29 12 42 59 61 ]
(490.65 | -339.06) [ 0 26 15 18 48 55 56 61 ]
(479.30 | -251.97) [ 0 13 25 2 53 36 32 61 ]
(475.75 | -317.79) [ 0 17 11 14 47 44 41 61 ]
(404.61 | -333.19) [ 0 19 16 30 49 45 60 61 ]
(592.13 | -224.92) [ 0 20 21 10 24 51 40 50 54 61 ]


5081.39
(458.59 | -490.36) [ 0 3 4 2 33 49 58 34 61 ]
(503.27 | -4207.02) [ 0 23 21 18 53 51 54 61 ]
(511.46 | 144.36) [ 0 5 6 8 30 47 38 41 61 ]
(520.28 | 141.98) [ 0 26 24 14 44 55 56 61 ]
(358.87 | -241.00) [ 0 16 12 46 42 61 ]
(540.71 | -320.44) [ 0 13 10 27 37 43 57 61 ]
(464.34 | -224.57) [ 0 25 1 31 48 35 61 ]
(475.47 | -222.28) [ 0 28 22 7 52 32 60 61 ]
(604.06 | -145.84) [ 0 9 20 19 11 50 39 40 36 61 ]
(384.35 | -259.48) [ 0 17 29 15 59 45 61 ]


5055.73
(588.87 | -338.53) [ 0 13 25 1 43 37 31 35 61 ]
(419.52 | -384.76) [ 0 12 23 42 53 61 ]
(475.75 | -489.72) [ 0 17 11 14 47 44 41 61 ]
(560.93 | -195.84) [ 0 5 8 27 33 57 38 61 ]
(530.97 | -232.66) [ 0 9 24 19 54 39 49 61 ]
(590.82 | -199.23) [ 0 15 10 21 20 50 40 51 45 61 ]
(385.07 | -185.57) [ 0 28 16 30 46 58 60 61 ]
(499.37 | -235.93) [ 0 22 7 6 52 32 36 61 ]
(393.27 | -174.64) [ 0 2 4 3 34 59 61 ]
(491.16 | -233.28) [ 0 26 29 18 48 55 56 61 ]


5088.43
(521.25 | -98.20) [ 0 27 29 5 31 48 35 61 ]
(358.87 | -89.14) [ 0 12 16 46 42 61 ]
(540.97 | -201.91) [ 0 1 2 54 51 36 32 61 ]
(502.70 | -205.59) [ 0 11 21 10 17 57 41 47 61 ]
(413.03 | -321.77) [ 0 8 6 7 34 59 61 ]
(568.09 | -318.39) [ 0 13 25 4 3 33 43 37 38 61 ]
(422.00 | -210.40) [ 0 20 22 23 53 52 61 ]
(575.46 | -133.30) [ 0 9 18 28 58 40 39 50 61 ]
(405.78 | -230.58) [ 0 15 19 30 49 45 60 61 ]
(520.28 | -336.22) [ 0 26 24 14 44 55 56 61 ]


5078.31
(505.08 | -822.19) [ 0 3 4 2 28 33 34 59 61 ]
(430.64 | 19.87) [ 0 19 30 23 49 53 60 61 ]
(490.37 | 21.22) [ 0 24 21 29 45 51 54 61 ]
(499.37 | -331.07) [ 0 22 7 6 36 32 52 61 ]
(506.97 | -300.85) [ 0 1 25 56 55 31 61 ]
(475.75 | -320.23) [ 0 17 11 14 47 44 41 61 ]
(590.55 | -96.10) [ 0 20 10 15 50 39 40 58 61 ]
(514.04 | -137.19) [ 0 13 26 27 9 57 43 37 61 ]
(566.67 | -42.81) [ 0 5 8 18 38 48 35 61 ]
(358.87 | -117.13) [ 0 12 16 46 42 61 ]


5068.64
(472.77 | -230.52) [ 0 2 25 49 53 32 61 ]
(411.06 | -253.53) [ 0 28 21 22 30 52 60 58 61 ]
(480.34 | -163.82) [ 0 17 24 15 45 51 54 61 ]
(653.91 | -223.50) [ 0 5 6 7 9 50 39 40 36 61 ]
(449.15 | -191.82) [ 0 11 19 10 31 47 41 61 ]
(358.87 | -185.44) [ 0 12 16 42 46 61 ]
(571.12 | -171.75) [ 0 26 14 8 56 44 38 61 ]
(418.27 | -169.71) [ 0 1 4 3 59 34 33 61 ]
(500.11 | -173.64) [ 0 23 20 18 48 55 35 61 ]
(533.03 | -369.59) [ 0 13 29 27 57 43 37 61 ]


5121.46
(530.73 | -412.51) [ 0 13 25 1 44 55 56 61 ]
(534.83 | -919.66) [ 0 20 18 15 37 43 57 61 ]
(509.87 | -853.31) [ 0 19 10 7 31 48 35 61 ]
(569.92 | -203.44) [ 0 9 28 27 50 39 40 58 61 ]
(464.54 | -182.94) [ 0 5 6 8 30 60 45 49 61 ]
(454.06 | -184.61) [ 0 17 11 14 47 38 41 61 ]
(355.11 | -187.35) [ 0 12 29 42 59 61 ]
(517.74 | -193.35) [ 0 24 21 16 32 36 51 54 61 ]
(424.78 | -325.26) [ 0 26 22 23 53 52 61 ]
(439.87 | -302.65) [ 0 2 4 3 33 34 46 61 ]


5080.31
(537.15 | -351.67) [ 0 2 25 44 55 56 61 ]
(528.70 | -205.77) [ 0 27 16 37 43 57 61 ]
(497.60 | -191.72) [ 0 8 10 17 47 38 41 61 ]
(495.78 | -318.12) [ 0 26 24 23 54 51 53 61 ]
(425.50 | -254.43) [ 0 1 4 3 33 34 46 61 ]
(435.25 | -149.83) [ 0 9 30 22 52 32 60 61 ]
(472.39 | -93.92) [ 0 14 21 18 31 48 35 61 ]
(667.01 | -103.17) [ 0 5 6 7 20 19 50 39 40 36 61 ]
(396.11 | -157.29) [ 0 28 15 11 49 45 58 61 ]
(364.83 | -234.87) [ 0 13 12 29 42 59 61 ]


5087.86
(542.90 | -121.26) [ 0 30 2 1 32 53 60 61 ]
(567.97 | -101.74) [ 0 26 7 8 38 55 56 61 ]
(407.58 | -240.32) [ 0 12 22 20 52 42 61 ]
(475.75 | -253.66) [ 0 14 11 17 47 44 41 61 ]
(397.66 | -211.00) [ 0 28 15 21 19 49 45 58 61 ]
(532.93 | -196.42) [ 0 27 24 13 37 43 57 61 ]
(359.82 | -257.59) [ 0 29 16 46 59 61 ]
(453.27 | -254.98) [ 0 18 23 31 48 35 61 ]
(527.77 | -226.28) [ 0 25 4 3 34 51 54 33 61 ]
(662.21 | -223.39) [ 0 9 10 6 5 50 39 40 36 61 ]


5066.88
(520.50 | -85.52) [ 0 5 22 18 31 48 35 61 ]
(480.88 | -102.38) [ 0 8 6 7 52 32 60 61 ]
(574.99 | -147.70) [ 0 3 4 2 13 33 43 37 38 61 ]
(519.16 | -307.19) [ 0 1 25 44 55 56 61 ]
(358.87 | -313.84) [ 0 16 12 42 46 61 ]
(502.82 | -282.99) [ 0 17 11 14 47 41 57 61 ]
(361.33 | -268.50) [ 0 20 29 27 34 59 61 ]
(397.66 | -276.98) [ 0 19 21 15 28 49 45 58 61 ]
(495.78 | -217.49) [ 0 26 24 23 53 51 54 61 ]
(594.89 | -237.82) [ 0 9 10 30 50 39 40 36 61 ]


5042.01
(655.76 | -168.65) [ 0 7 6 10 50 39 40 36 61 ]
(522.20 | -326.57) [ 0 12 14 56 55 44 61 ]
(552.95 | -83.44) [ 0 13 25 1 57 43 37 61 ]
(520.79 | -73.98) [ 0 5 8 18 31 48 35 61 ]
(437.98 | -150.89) [ 0 3 4 2 33 34 42 61 ]
(359.97 | -216.86) [ 0 26 16 29 59 46 61 ]
(490.47 | -229.93) [ 0 15 21 24 45 51 54 61 ]
(405.71 | -222.30) [ 0 20 22 30 28 52 60 58 61 ]
(445.04 | -265.12) [ 0 27 17 11 41 38 47 61 ]
(451.16 | -329.15) [ 0 23 19 9 49 53 32 61 ]


5014.89
(493.79 | -115.02) [ 0 27 17 11 57 41 47 61 ]
(419.37 | -177.03) [ 0 26 24 18 31 48 61 ]
(499.37 | -196.81) [ 0 6 7 22 36 32 52 61 ]
(590.88 | -161.21) [ 0 13 25 1 43 37 55 56 61 ]
(384.79 | -151.96) [ 0 12 15 42 45 61 ]
(586.16 | -155.52) [ 0 5 8 14 35 44 38 61 ]
(430.64 | -407.61) [ 0 19 30 23 49 53 60 61 ]
(366.91 | -208.45) [ 0 16 21 29 59 46 61 ]
(532.35 | -183.73) [ 0 2 4 3 34 51 54 33 61 ]
(590.62 | -191.32) [ 0 20 10 28 9 58 40 39 50 61 ]


5122.21
(551.73 | -530.66) [ 0 9 15 19 45 39 36 61 ]
(520.38 | -1105.16) [ 0 2 4 3 33 34 49 32 61 ]
(592.00 | -2437.63) [ 0 22 7 6 57 43 37 61 ]
(493.26 | -265.17) [ 0 18 27 56 48 38 61 ]
(473.85 | -257.82) [ 0 5 8 23 53 52 61 ]
(475.75 | -248.29) [ 0 17 11 14 41 44 47 61 ]
(384.61 | -269.33) [ 0 28 12 30 60 58 42 61 ]
(359.97 | -300.14) [ 0 26 16 29 59 46 61 ]
(518.54 | -296.05) [ 0 1 25 13 35 55 31 61 ]
(592.13 | -289.41) [ 0 20 21 10 24 51 40 50 54 61 ]


5040.68
(361.95 | -290.08) [ 0 9 28 16 46 34 61 ]
(590.88 | -280.69) [ 0 13 25 1 56 55 37 43 61 ]
(520.79 | -260.42) [ 0 5 8 18 35 48 31 61 ]
(534.18 | -265.19) [ 0 2 4 3 38 57 33 61 ]
(366.66 | -298.56) [ 0 20 12 29 59 42 61 ]
(582.19 | -188.28) [ 0 26 10 27 50 39 40 58 61 ]
(405.78 | -314.43) [ 0 30 19 15 49 45 60 61 ]
(499.37 | -294.57) [ 0 22 7 6 52 32 36 61 ]
(503.13 | -287.68) [ 0 23 21 24 53 51 54 61 ]
(475.75 | -330.68) [ 0 17 11 14 41 44 47 61 ]


5079.08
(635.75 | -453.83) [ 0 8 7 20 50 39 40 36 61 ]
(584.97 | -85.81) [ 0 2 25 9 38 55 56 61 ]
(358.87 | -303.37) [ 0 16 12 46 42 61 ]
(378.90 | -301.19) [ 0 1 4 3 34 59 61 ]
(445.62 | -360.11) [ 0 15 24 26 33 54 45 61 ]
(448.37 | -245.52) [ 0 29 18 31 48 35 61 ]
(492.38 | -321.92) [ 0 5 6 22 30 52 32 60 61 ]
(475.75 | -228.45) [ 0 17 11 14 47 44 41 61 ]
(497.77 | -231.23) [ 0 23 21 19 28 53 51 49 58 61 ]
(540.71 | -309.11) [ 0 13 10 27 57 43 37 61 ]


5097.68
(611.57 | -300.80) [ 0 5 8 27 35 38 57 61 ]
(592.54 | -281.54) [ 0 23 20 15 36 40 39 50 61 ]
(419.18 | -217.70) [ 0 12 18 48 31 61 ]
(475.75 | -298.05) [ 0 14 11 17 41 44 47 61 ]
(472.87 | -123.09) [ 0 22 7 6 53 52 61 ]
(508.36 | -69.82) [ 0 9 28 24 32 51 54 58 61 ]
(437.98 | -377.84) [ 0 3 4 2 33 34 42 61 ]
(359.97 | -302.64) [ 0 26 16 29 59 46 61 ]
(590.88 | -250.81) [ 0 13 25 1 43 37 55 56 61 ]
(408.58 | -269.87) [ 0 19 10 21 30 49 45 60 61 ]


5039.15
(448.54 | 132.73) [ 0 8 6 7 52 42 61 ]
(590.62 | 60.47) [ 0 20 10 28 9 50 39 40 58 61 ]
(366.91 | 25.42) [ 0 16 21 29 46 59 61 ]
(552.95 | 101.46) [ 0 1 25 13 37 43 57 61 ]
(405.78 | -332.43) [ 0 15 19 30 49 45 60 61 ]
(520.50 | -222.25) [ 0 5 22 18 31 48 35 61 ]
(448.26 | -227.36) [ 0 17 12 11 47 38 41 61 ]
(432.95 | -270.04) [ 0 23 27 53 36 32 61 ]
(520.28 | -274.55) [ 0 14 24 26 44 55 56 61 ]
(532.35 | -302.80) [ 0 3 4 2 33 54 51 34 61 ]


5077.82
(503.97 | -122.19) [ 0 1 25 35 44 31 61 ]
(442.96 | -166.18) [ 0 8 7 28 58 45 49 61 ]
(445.04 | -141.09) [ 0 11 17 27 47 38 41 61 ]
(662.21 | -118.25) [ 0 9 10 6 5 50 39 40 36 61 ]
(532.35 | -108.20) [ 0 3 4 2 33 54 51 34 61 ]
(407.58 | -98.61) [ 0 12 22 20 52 42 61 ]
(547.62 | -99.39) [ 0 13 14 24 37 43 57 61 ]
(438.54 | -123.58) [ 0 19 30 23 32 53 60 61 ]
(490.65 | -116.10) [ 0 26 15 18 48 55 56 61 ]
(366.91 | -231.37) [ 0 29 21 16 59 46 61 ]


5091.41
(475.75 | -267.35) [ 0 17 11 14 41 44 47 61 ]
(448.61 | -65.51) [ 0 26 29 18 31 48 35 61 ]
(490.47 | -109.48) [ 0 15 21 24 54 51 45 61 ]
(428.23 | 01.13) [ 0 7 6 10 42 46 61 ]
(590.88 | -282.19) [ 0 13 25 1 56 55 37 43 61 ]
(405.71 | -389.53) [ 0 20 22 30 28 52 60 58 61 ]
(393.27 | -284.57) [ 0 2 4 3 59 34 61 ]
(560.93 | -429.58) [ 0 5 8 27 33 57 38 61 ]
(451.16 | -335.31) [ 0 9 19 23 49 53 32 61 ]
(586.40 | -323.50) [ 0 16 12 36 40 39 50 61 ]


5085.64
(560.20 | -206.06) [ 0 2 4 3 44 33 34 61 ]
(454.06 | 02.48) [ 0 17 11 14 47 38 41 61 ]
(590.88 | 43.71) [ 0 1 25 13 56 55 37 43 61 ]
(488.51 | 81.04) [ 0 7 6 8 52 36 49 61 ]
(358.87 | 85.27) [ 0 12 16 42 46 61 ]
(520.50 | -264.40) [ 0 5 22 18 31 48 35 61 ]
(383.44 | -347.14) [ 0 26 29 15 59 45 61 ]
(592.13 | -309.13) [ 0 24 10 21 20 51 40 50 54 61 ]
(538.52 | -232.53) [ 0 9 28 27 57 39 58 61 ]
(438.54 | -215.60) [ 0 19 30 23 60 53 32 61 ]


5061.80
(416.11 | -747.66) [ 0 30 22 28 13 52 60 58 61 ]
(519.16 | -375.64) [ 0 1 25 44 55 56 61 ]
(494.73 | -377.03) [ 0 17 24 11 47 41 57 61 ]
(590.82 | -268.30) [ 0 15 10 21 20 45 51 40 50 61 ]
(359.97 | -140.31) [ 0 26 16 29 46 59 61 ]
(545.52 | -105.84) [ 0 9 19 14 54 39 49 61 ]
(580.87 | -157.09) [ 0 8 6 7 33 43 37 38 61 ]
(475.82 | -219.52) [ 0 2 4 3 32 36 53 61 ]
(521.97 | -244.08) [ 0 5 23 18 31 48 35 61 ]
(356.82 | -250.17) [ 0 27 12 34 42 61 ]


