4870.87
(466.11 | -361.13) [ 0 1 4 34 53 42 61 ]
(394.39 | -102.92) [ 0 9 25 39 33 61 ]
(475.03 | -38.01) [ 0 30 12 13 18 43 60 31 48 61 ]
(704.72 | 137.59) [ 0 23 2 3 32 36 57 61 ]
(390.04 | 166.94) [ 0 20 11 19 49 41 50 61 ]
(549.48 | 162.97) [ 0 14 10 24 17 47 40 44 54 61 ]
(406.79 | 185.99) [ 0 22 28 15 52 45 58 61 ]
(285.23 | 190.65) [ 0 8 27 29 59 61 ]
(427.29 | 186.07) [ 0 7 6 37 55 38 61 ]
(611.79 | 155.27) [ 0 5 16 21 26 35 46 56 51 61 ]


4863.13
(448.14 | 64.69) [ 0 5 11 8 41 55 37 61 ]
(432.60 | 14.41) [ 0 12 27 15 19 33 42 49 61 ]
(566.29 | -100.67) [ 0 30 21 16 26 18 51 60 56 46 48 61 ]
(378.27 | 150.98) [ 0 28 22 52 45 58 61 ]
(368.56 | 180.74) [ 0 9 20 50 39 61 ]
(704.31 | 206.59) [ 0 7 6 32 36 57 61 ]
(465.03 | 172.54) [ 0 2 4 23 34 53 38 61 ]
(290.92 | 167.88) [ 0 13 29 25 59 43 61 ]
(499.54 | 188.23) [ 0 3 1 31 35 61 ]
(549.48 | 154.13) [ 0 14 10 24 17 54 44 40 47 61 ]


4891.49
(529.65 | 97.38) [ 0 13 5 7 43 31 35 61 ]
(357.60 | 89.20) [ 0 9 8 19 49 39 38 61 ]
(458.69 | 120.33) [ 0 3 1 33 50 61 ]
(722.35 | 192.25) [ 0 6 16 27 57 36 32 61 ]
(415.36 | 173.20) [ 0 30 21 15 24 51 60 52 45 61 ]
(547.70 | 161.82) [ 0 18 28 22 48 46 56 58 61 ]
(463.97 | 195.31) [ 0 2 4 23 34 53 42 61 ]
(280.06 | 197.37) [ 0 29 20 59 61 ]
(549.47 | 182.95) [ 0 14 10 12 17 47 40 44 54 61 ]
(386.63 | 185.82) [ 0 11 26 25 37 55 41 61 ]


4879.92
(549.28 | -1636.06) [ 0 25 10 24 17 54 44 40 47 61 ]
(458.69 | 88.03) [ 0 1 3 50 33 61 ]
(528.89 | 186.87) [ 0 16 5 7 31 35 61 ]
(395.42 | 215.66) [ 0 8 11 12 41 42 38 61 ]
(551.36 | 148.79) [ 0 20 15 18 45 56 46 48 61 ]
(465.42 | 124.97) [ 0 23 4 2 34 53 55 61 ]
(726.28 | 229.32) [ 0 6 27 26 32 36 57 61 ]
(372.89 | 214.41) [ 0 19 9 14 37 39 49 61 ]
(297.09 | 165.34) [ 0 30 21 13 29 60 59 51 43 61 ]
(374.59 | 203.09) [ 0 28 22 52 58 61 ]


4866.34
(441.95 | -655.47) [ 0 3 1 33 39 61 ]
(719.98 | -276.88) [ 0 6 9 57 36 32 61 ]
(562.72 | 106.95) [ 0 16 26 11 15 45 56 46 48 61 ]
(523.87 | 194.95) [ 0 7 5 18 31 35 61 ]
(549.48 | 164.31) [ 0 17 24 10 14 54 44 40 47 61 ]
(374.47 | 207.60) [ 0 8 27 12 38 55 37 61 ]
(378.23 | 205.39) [ 0 25 20 19 50 41 49 61 ]
(297.09 | 195.78) [ 0 30 21 13 29 60 59 51 43 61 ]
(463.97 | 185.63) [ 0 23 4 2 34 53 42 61 ]
(374.59 | 196.88) [ 0 22 28 52 58 61 ]


4812.66
(441.95 | -33.42) [ 0 1 3 33 39 61 ]
(720.80 | 34.92) [ 0 6 27 18 32 36 57 61 ]
(549.48 | 169.25) [ 0 14 10 24 17 54 44 40 47 61 ]
(297.09 | 138.88) [ 0 30 21 13 29 43 51 59 60 61 ]
(372.96 | 183.76) [ 0 19 20 25 49 55 50 61 ]
(578.96 | 186.42) [ 0 7 5 16 35 46 48 61 ]
(463.64 | 174.66) [ 0 23 4 2 34 53 37 61 ]
(517.77 | 176.26) [ 0 9 15 26 45 56 31 61 ]
(395.42 | 167.73) [ 0 8 11 12 41 42 38 61 ]
(374.59 | 185.10) [ 0 28 22 52 58 61 ]


4873.74
(560.97 | -32590.05) [ 0 18 16 26 19 48 46 56 43 61 ]
(458.69 | 42.30) [ 0 1 3 50 33 61 ]
(395.42 | 33.73) [ 0 8 11 12 38 42 41 61 ]
(535.44 | 140.23) [ 0 6 5 21 51 31 35 61 ]
(347.13 | 109.97) [ 0 7 30 29 60 59 61 ]
(647.40 | 187.01) [ 0 20 15 27 32 36 57 61 ]
(377.30 | 189.17) [ 0 9 13 25 49 39 55 61 ]
(463.64 | 136.45) [ 0 23 4 2 37 53 34 61 ]
(549.48 | 82.27) [ 0 17 24 10 14 54 44 40 47 61 ]
(378.27 | 143.80) [ 0 28 22 58 45 52 61 ]


4917.04
(713.11 | 83.56) [ 0 6 5 57 36 32 61 ]
(424.54 | 87.88) [ 0 1 3 38 55 41 61 ]
(564.37 | -109.16) [ 0 28 18 16 26 58 56 46 48 61 ]
(370.78 | 116.26) [ 0 25 22 33 39 61 ]
(463.14 | 150.81) [ 0 9 21 12 51 31 35 61 ]
(439.84 | 144.28) [ 0 19 20 7 50 37 49 61 ]
(295.54 | 155.57) [ 0 11 29 30 60 59 61 ]
(549.48 | 101.35) [ 0 17 24 10 14 54 44 40 47 61 ]
(463.97 | 145.23) [ 0 2 4 23 34 53 42 61 ]
(412.26 | 217.24) [ 0 27 13 15 8 43 52 45 61 ]


4864.48
(297.09 | -1462.01) [ 0 30 21 13 29 60 59 51 43 61 ]
(458.69 | 116.30) [ 0 1 3 50 33 61 ]
(549.48 | 141.42) [ 0 17 24 10 14 54 44 40 47 61 ]
(722.35 | 203.61) [ 0 6 16 27 32 36 57 61 ]
(573.94 | 237.23) [ 0 7 5 18 48 46 35 61 ]
(357.60 | 211.61) [ 0 19 8 9 49 39 38 61 ]
(463.97 | 199.44) [ 0 23 4 2 34 53 42 61 ]
(410.52 | 204.93) [ 0 11 12 28 52 58 61 ]
(517.76 | 176.30) [ 0 20 26 15 31 56 45 61 ]
(353.08 | 202.08) [ 0 22 25 37 55 41 61 ]


4903.43
(581.99 | -429.24) [ 0 1 3 54 44 40 47 61 ]
(721.03 | 22.53) [ 0 6 27 15 32 36 57 61 ]
(395.42 | 46.19) [ 0 8 11 12 41 42 38 61 ]
(414.67 | 148.72) [ 0 17 9 26 10 33 39 61 ]
(614.20 | 211.34) [ 0 7 5 16 35 46 56 61 ]
(292.82 | 183.03) [ 0 29 14 30 59 60 61 ]
(468.44 | 168.04) [ 0 18 21 13 24 43 51 31 48 61 ]
(463.64 | 192.25) [ 0 23 4 2 37 53 34 61 ]
(372.96 | 175.52) [ 0 19 20 25 49 55 50 61 ]
(378.27 | 204.29) [ 0 28 22 52 45 58 61 ]


4887.89
(438.75 | 49.51) [ 0 1 2 23 33 39 61 ]
(389.12 | 145.93) [ 0 8 11 12 38 37 41 61 ]
(483.70 | 174.17) [ 0 3 4 34 53 42 61 ]
(291.58 | 133.40) [ 0 18 29 21 13 43 51 59 61 ]
(527.58 | 173.34) [ 0 7 5 30 60 31 35 61 ]
(722.35 | 204.15) [ 0 6 16 27 32 36 57 61 ]
(372.96 | 179.07) [ 0 19 20 25 49 55 50 61 ]
(557.78 | 217.00) [ 0 9 15 26 48 46 56 45 61 ]
(549.48 | 172.70) [ 0 17 24 10 14 54 44 40 47 61 ]
(374.59 | 195.93) [ 0 28 22 52 58 61 ]


4872.09
(581.43 | -392.04) [ 0 5 22 52 46 48 61 ]
(368.56 | 132.81) [ 0 9 20 50 39 61 ]
(413.09 | 141.46) [ 0 19 27 18 25 33 55 49 61 ]
(395.42 | 140.65) [ 0 8 11 12 41 42 38 61 ]
(499.54 | 156.25) [ 0 3 1 31 35 61 ]
(592.13 | 86.71) [ 0 30 14 10 26 17 60 56 44 40 47 61 ]
(704.31 | 169.14) [ 0 7 6 32 36 57 61 ]
(463.64 | 154.24) [ 0 2 4 23 34 53 37 61 ]
(294.46 | 154.26) [ 0 13 16 21 29 59 51 43 61 ]
(419.51 | 166.04) [ 0 15 24 28 58 45 54 61 ]


4848.24
(478.17 | -195.86) [ 0 18 21 13 9 43 51 35 48 61 ]
(395.42 | -1.19) [ 0 8 11 12 41 42 38 61 ]
(441.95 | 77.90) [ 0 3 1 33 39 61 ]
(713.11 | 64.45) [ 0 6 5 32 36 57 61 ]
(549.74 | 150.62) [ 0 15 26 16 27 31 46 56 61 ]
(378.27 | 170.96) [ 0 22 28 52 45 58 61 ]
(292.82 | 213.80) [ 0 29 14 30 59 60 61 ]
(372.96 | 179.23) [ 0 19 20 25 49 55 50 61 ]
(602.16 | 170.30) [ 0 7 10 24 17 54 44 40 47 61 ]
(463.64 | 163.93) [ 0 23 4 2 37 53 34 61 ]


4933.91
(602.16 | -829.23) [ 0 7 10 24 17 54 44 40 47 61 ]
(584.85 | 108.71) [ 0 3 1 56 46 35 61 ]
(472.19 | 109.55) [ 0 29 13 14 43 31 48 61 ]
(713.11 | 202.95) [ 0 6 5 32 36 57 61 ]
(417.48 | 186.92) [ 0 25 15 26 19 33 55 49 61 ]
(298.23 | 167.31) [ 0 30 21 16 27 18 51 59 60 61 ]
(463.64 | 179.79) [ 0 2 4 23 37 53 34 61 ]
(378.27 | 176.85) [ 0 28 22 52 45 58 61 ]
(368.56 | 160.12) [ 0 20 9 39 50 61 ]
(395.42 | 153.80) [ 0 8 11 12 38 42 41 61 ]


4822.76
(458.69 | 146.22) [ 0 1 3 33 50 61 ]
(369.80 | 117.55) [ 0 19 9 25 49 39 55 61 ]
(517.76 | 104.87) [ 0 20 26 15 45 56 31 61 ]
(463.64 | 112.54) [ 0 23 4 2 34 53 37 61 ]
(549.48 | 153.17) [ 0 14 10 24 17 47 40 44 54 61 ]
(297.09 | 143.78) [ 0 30 21 13 29 43 51 59 60 61 ]
(395.42 | 176.34) [ 0 12 11 8 38 42 41 61 ]
(573.94 | 175.93) [ 0 7 5 18 35 46 48 61 ]
(722.35 | 184.24) [ 0 6 16 27 32 36 57 61 ]
(374.59 | 200.10) [ 0 28 22 52 58 61 ]


4938.71
(453.20 | 104.99) [ 0 13 5 7 38 37 41 61 ]
(431.72 | 83.16) [ 0 29 12 19 49 42 33 61 ]
(559.29 | 75.60) [ 0 11 26 15 18 48 46 56 45 61 ]
(287.13 | 160.79) [ 0 25 30 24 59 60 61 ]
(376.96 | 151.67) [ 0 22 28 51 52 58 61 ]
(465.42 | 189.97) [ 0 2 4 23 34 53 55 61 ]
(500.98 | 193.70) [ 0 3 1 43 31 35 61 ]
(722.35 | 193.82) [ 0 6 16 27 32 36 57 61 ]
(553.11 | 186.78) [ 0 8 17 21 10 14 54 44 40 47 61 ]
(368.56 | 161.88) [ 0 9 20 50 39 61 ]


4885.60
(500.98 | 97.26) [ 0 1 3 35 31 43 61 ]
(465.42 | 17.79) [ 0 2 4 23 34 53 55 61 ]
(557.78 | 31.15) [ 0 9 15 26 45 56 46 48 61 ]
(436.58 | 156.57) [ 0 13 5 7 49 39 37 61 ]
(406.69 | 136.24) [ 0 25 20 19 50 33 61 ]
(395.42 | 174.92) [ 0 8 11 12 38 42 41 61 ]
(720.80 | 183.66) [ 0 6 27 18 32 36 57 61 ]
(549.48 | 168.13) [ 0 17 24 10 14 54 44 40 47 61 ]
(297.86 | 185.33) [ 0 29 21 16 30 51 59 60 61 ]
(374.59 | 182.49) [ 0 22 28 58 52 61 ]


4981.69
(603.47 | -873.99) [ 0 5 10 14 17 47 40 44 54 61 ]
(549.19 | -690.75) [ 0 20 11 16 31 46 56 61 ]
(442.56 | 167.20) [ 0 1 3 33 49 38 61 ]
(463.97 | 94.78) [ 0 2 4 23 34 53 42 61 ]
(498.47 | 147.52) [ 0 9 18 28 48 35 58 61 ]
(376.82 | 140.91) [ 0 12 24 19 50 39 61 ]
(353.08 | 164.01) [ 0 25 22 37 55 41 61 ]
(414.98 | 193.03) [ 0 8 26 13 15 43 52 45 61 ]
(704.31 | 194.11) [ 0 6 7 32 36 57 61 ]
(294.84 | 166.59) [ 0 29 27 21 30 60 59 51 61 ]


4938.31
(286.60 | -16305.68) [ 0 30 29 8 59 61 ]
(512.69 | -569.30) [ 0 3 1 48 31 60 43 61 ]
(550.98 | -82.01) [ 0 21 16 26 11 51 56 46 35 61 ]
(368.56 | 155.24) [ 0 9 20 39 50 61 ]
(391.13 | 111.86) [ 0 15 12 25 41 42 38 61 ]
(549.48 | 126.27) [ 0 14 10 24 17 54 44 40 47 61 ]
(398.90 | 148.42) [ 0 22 28 18 58 45 52 61 ]
(711.72 | 183.30) [ 0 5 13 27 19 57 36 32 61 ]
(462.84 | 202.19) [ 0 7 6 37 49 33 61 ]
(465.42 | 181.83) [ 0 2 4 23 34 53 55 61 ]


4936.39
(474.54 | 113.42) [ 0 6 30 28 58 45 52 61 ]
(468.62 | 127.68) [ 0 18 21 13 9 43 51 31 48 61 ]
(283.52 | 213.28) [ 0 20 29 60 59 61 ]
(614.20 | 208.08) [ 0 7 5 16 35 46 56 61 ]
(441.95 | 221.81) [ 0 1 3 33 39 61 ]
(353.79 | 209.93) [ 0 25 22 50 55 49 61 ]
(549.48 | 204.06) [ 0 17 24 10 14 54 44 40 47 61 ]
(390.98 | 206.49) [ 0 15 11 8 19 38 42 41 61 ]
(655.67 | 201.94) [ 0 12 27 26 32 36 57 61 ]
(463.64 | 167.53) [ 0 23 4 2 37 53 34 61 ]


4922.62
(458.69 | -7.44) [ 0 1 3 50 33 61 ]
(395.74 | 132.01) [ 0 15 11 12 38 42 41 61 ]
(720.81 | -110.94) [ 0 6 21 27 32 36 57 61 ]
(369.80 | 167.39) [ 0 25 9 19 55 39 49 61 ]
(478.29 | 185.55) [ 0 28 30 26 18 51 60 31 48 61 ]
(291.55 | 185.29) [ 0 8 13 29 59 43 61 ]
(463.64 | 178.19) [ 0 2 4 23 34 53 37 61 ]
(549.48 | 158.88) [ 0 14 10 24 17 47 40 44 54 61 ]
(614.20 | 186.78) [ 0 16 5 7 35 46 56 61 ]
(400.42 | 191.14) [ 0 20 22 52 45 58 61 ]


4884.60
(604.76 | 21.78) [ 0 7 5 26 35 56 51 43 61 ]
(548.70 | 156.65) [ 0 1 3 31 46 48 61 ]
(721.03 | 195.29) [ 0 6 27 15 57 36 32 61 ]
(549.48 | 168.48) [ 0 14 10 24 17 47 40 44 54 61 ]
(372.96 | 184.14) [ 0 19 20 25 49 55 50 61 ]
(395.42 | 188.49) [ 0 8 11 12 41 42 38 61 ]
(405.23 | 171.91) [ 0 9 13 16 21 39 33 61 ]
(463.64 | 171.89) [ 0 23 4 2 34 53 37 61 ]
(285.13 | 179.85) [ 0 30 29 18 59 60 61 ]
(378.27 | 192.15) [ 0 22 28 52 45 58 61 ]


4903.47
(440.81 | 154.47) [ 0 3 23 33 39 61 ]
(688.60 | 188.72) [ 0 1 2 4 57 36 32 61 ]
(490.40 | 209.22) [ 0 8 11 21 27 51 31 54 61 ]
(372.96 | 169.94) [ 0 19 20 25 50 55 49 61 ]
(578.93 | 149.96) [ 0 5 16 30 18 48 46 35 60 61 ]
(390.18 | 193.36) [ 0 9 12 38 42 41 61 ]
(593.04 | 100.95) [ 0 14 10 13 26 17 43 56 44 40 47 61 ]
(406.79 | 137.65) [ 0 15 28 22 58 45 52 61 ]
(280.10 | 177.83) [ 0 24 29 59 61 ]
(481.66 | 178.97) [ 0 7 6 37 53 34 61 ]


4862.12
(549.26 | -162.01) [ 0 6 21 13 18 43 51 35 48 61 ]
(441.95 | 137.22) [ 0 1 3 33 39 61 ]
(463.64 | 71.30) [ 0 2 4 23 37 53 34 61 ]
(395.42 | 156.82) [ 0 8 11 12 38 42 41 61 ]
(549.48 | 121.11) [ 0 17 24 10 14 54 44 40 47 61 ]
(372.96 | 130.81) [ 0 19 20 25 50 55 49 61 ]
(353.73 | 218.67) [ 0 30 5 7 59 60 61 ]
(647.78 | 214.33) [ 0 29 27 15 32 36 57 61 ]
(378.27 | 212.88) [ 0 22 28 58 45 52 61 ]
(549.64 | 224.85) [ 0 9 16 26 56 46 31 61 ]


4877.64
(480.41 | 89.86) [ 0 7 13 20 33 50 61 ]
(499.54 | 173.30) [ 0 3 1 31 35 61 ]
(378.07 | 148.80) [ 0 28 22 43 52 58 61 ]
(549.48 | 125.59) [ 0 17 24 10 14 54 44 40 47 61 ]
(463.97 | 187.01) [ 0 2 4 23 42 53 34 61 ]
(713.11 | 194.80) [ 0 6 5 32 36 57 61 ]
(385.71 | 202.51) [ 0 18 12 8 41 37 38 61 ]
(294.84 | 157.23) [ 0 30 21 27 29 60 59 51 61 ]
(562.72 | 140.58) [ 0 15 11 26 16 45 56 46 48 61 ]
(369.80 | 171.84) [ 0 19 9 25 49 39 55 61 ]


4954.74
(372.90 | -2607.02) [ 0 19 8 20 49 37 50 61 ]
(431.13 | 45.85) [ 0 18 12 14 42 53 34 61 ]
(481.22 | 141.01) [ 0 6 13 28 43 52 58 61 ]
(353.38 | 113.91) [ 0 25 22 38 55 41 61 ]
(517.77 | 142.65) [ 0 9 15 26 45 56 31 61 ]
(440.81 | 163.53) [ 0 3 23 39 33 61 ]
(294.84 | 111.70) [ 0 30 21 27 29 60 59 51 61 ]
(688.60 | 172.62) [ 0 1 2 4 57 36 32 61 ]
(555.14 | 195.72) [ 0 17 24 11 10 54 44 40 47 61 ]
(578.96 | 205.51) [ 0 16 5 7 48 46 35 61 ]


4884.90
(441.95 | -222.46) [ 0 1 3 33 39 61 ]
(463.64 | 97.87) [ 0 23 4 2 34 53 37 61 ]
(564.87 | 101.72) [ 0 18 21 16 24 51 48 46 54 61 ]
(717.52 | 102.02) [ 0 6 29 32 36 57 61 ]
(528.00 | 178.66) [ 0 7 5 15 35 31 61 ]
(395.42 | 147.46) [ 0 8 11 12 38 42 41 61 ]
(372.96 | 173.37) [ 0 19 20 25 49 55 50 61 ]
(592.13 | 151.45) [ 0 30 14 10 26 17 60 56 44 40 47 61 ]
(290.15 | 184.78) [ 0 9 13 27 59 43 61 ]
(378.27 | 181.52) [ 0 28 22 52 45 58 61 ]


4866.63
(481.03 | -131.40) [ 0 5 26 25 33 55 49 61 ]
(395.42 | 71.05) [ 0 12 11 8 38 42 41 61 ]
(556.88 | 150.30) [ 0 3 1 45 56 31 61 ]
(520.85 | 70.58) [ 0 18 30 16 27 19 48 46 35 60 61 ]
(704.31 | 181.33) [ 0 7 6 32 36 57 61 ]
(549.48 | 147.44) [ 0 17 24 10 14 47 40 44 54 61 ]
(368.56 | 170.45) [ 0 20 9 50 39 61 ]
(374.59 | 184.51) [ 0 28 22 52 58 61 ]
(291.88 | 181.49) [ 0 15 13 21 29 43 51 59 61 ]
(463.64 | 179.93) [ 0 23 4 2 37 53 34 61 ]


4902.49
(441.95 | -112.91) [ 0 1 3 33 39 61 ]
(609.58 | 184.33) [ 0 6 10 14 47 40 44 54 61 ]
(395.42 | 170.80) [ 0 8 11 12 41 42 38 61 ]
(519.55 | 163.88) [ 0 17 24 13 26 43 31 56 51 61 ]
(573.94 | 184.23) [ 0 7 5 18 35 46 48 61 ]
(372.96 | 156.70) [ 0 25 20 19 50 55 49 61 ]
(653.35 | 187.48) [ 0 9 16 27 32 36 57 61 ]
(463.64 | 183.35) [ 0 23 4 2 37 53 34 61 ]
(378.27 | 199.98) [ 0 28 22 52 45 58 61 ]
(293.83 | 199.03) [ 0 30 29 21 15 59 60 61 ]


4828.34
(461.73 | 29.97) [ 0 7 30 9 33 39 61 ]
(395.42 | -56.28) [ 0 8 11 12 41 42 38 61 ]
(713.11 | 197.38) [ 0 6 5 32 36 57 61 ]
(549.48 | 138.12) [ 0 14 10 24 17 47 40 44 54 61 ]
(463.64 | 172.61) [ 0 23 4 2 37 53 34 61 ]
(499.54 | 186.75) [ 0 1 3 31 35 61 ]
(559.97 | 133.70) [ 0 15 26 27 18 45 56 46 48 61 ]
(297.91 | 174.05) [ 0 29 21 16 13 60 59 51 43 61 ]
(372.96 | 172.10) [ 0 19 20 25 49 55 50 61 ]
(374.59 | 194.77) [ 0 28 22 52 58 61 ]


4884.80
(549.09 | -642.71) [ 0 24 10 14 47 40 44 54 61 ]
(556.88 | -14.49) [ 0 3 1 31 56 45 61 ]
(463.97 | 15.83) [ 0 2 4 23 34 53 42 61 ]
(386.16 | 165.28) [ 0 25 11 8 38 55 41 61 ]
(291.88 | 145.22) [ 0 15 13 21 29 43 51 59 61 ]
(404.65 | 167.83) [ 0 9 26 27 39 33 61 ]
(572.18 | 125.95) [ 0 5 16 12 48 46 35 61 ]
(704.31 | 217.69) [ 0 6 7 32 36 57 61 ]
(373.53 | 165.71) [ 0 19 20 17 18 49 37 50 61 ]
(402.15 | 170.22) [ 0 28 30 22 60 52 58 61 ]


4891.72
(368.56 | 67.93) [ 0 9 20 39 50 61 ]
(467.24 | 134.67) [ 0 19 24 12 54 42 49 61 ]
(578.96 | 227.16) [ 0 16 5 7 48 46 35 61 ]
(556.88 | 213.35) [ 0 1 3 31 56 45 61 ]
(297.09 | 195.18) [ 0 30 21 13 29 43 51 59 60 61 ]
(726.28 | 198.02) [ 0 6 27 26 32 36 57 61 ]
(552.32 | 170.52) [ 0 14 10 15 17 18 33 47 40 44 61 ]
(463.64 | 190.66) [ 0 2 4 23 37 53 34 61 ]
(374.59 | 189.68) [ 0 22 28 52 58 61 ]
(386.16 | 192.94) [ 0 25 11 8 38 55 41 61 ]


4920.28
(372.96 | -102.86) [ 0 19 20 25 50 55 49 61 ]
(395.42 | -292.71) [ 0 12 11 8 38 42 41 61 ]
(579.22 | 139.95) [ 0 7 5 18 60 35 46 48 61 ]
(527.07 | 150.40) [ 0 17 26 13 14 51 56 31 43 61 ]
(441.95 | 154.73) [ 0 1 3 33 39 61 ]
(406.79 | 180.53) [ 0 22 28 15 58 45 52 61 ]
(720.81 | 207.47) [ 0 6 21 27 32 36 57 61 ]
(551.70 | 187.14) [ 0 24 16 10 30 54 44 40 47 61 ]
(280.72 | 161.32) [ 0 29 9 59 61 ]
(463.64 | 178.71) [ 0 23 4 2 37 53 34 61 ]


4950.34
(462.02 | 53.50) [ 0 6 12 21 38 42 41 61 ]
(653.26 | 35.19) [ 0 27 13 26 8 57 36 32 61 ]
(504.92 | 56.41) [ 0 1 2 23 43 51 31 48 61 ]
(549.48 | 140.75) [ 0 14 10 24 17 54 44 40 47 61 ]
(614.20 | 187.63) [ 0 7 5 16 35 46 56 61 ]
(483.36 | 192.23) [ 0 3 4 37 53 34 61 ]
(396.34 | 187.88) [ 0 18 15 9 39 33 61 ]
(378.27 | 207.08) [ 0 22 28 52 45 58 61 ]
(295.54 | 190.00) [ 0 30 29 11 60 59 61 ]
(372.96 | 181.70) [ 0 19 20 25 49 55 50 61 ]


4810.35
(441.95 | 27.26) [ 0 1 3 33 39 61 ]
(352.55 | 84.96) [ 0 7 13 29 59 43 61 ]
(566.29 | 95.26) [ 0 18 26 16 21 30 51 60 56 46 48 61 ]
(395.42 | 169.39) [ 0 8 11 12 38 42 41 61 ]
(378.27 | 199.92) [ 0 28 22 58 45 52 61 ]
(522.48 | 212.04) [ 0 6 5 31 35 61 ]
(647.32 | 193.04) [ 0 9 15 27 32 36 57 61 ]
(463.64 | 191.57) [ 0 23 4 2 34 53 37 61 ]
(372.96 | 178.70) [ 0 19 20 25 50 55 49 61 ]
(549.48 | 171.27) [ 0 14 10 24 17 54 44 40 47 61 ]


4885.17
(441.95 | 46.81) [ 0 1 3 33 39 61 ]
(517.39 | -2379.76) [ 0 27 13 21 12 51 56 31 43 61 ]
(385.56 | 81.64) [ 0 19 26 20 50 55 49 61 ]
(549.48 | 75.35) [ 0 17 24 10 14 47 40 44 54 61 ]
(392.44 | 157.91) [ 0 8 11 25 41 42 38 61 ]
(704.31 | 201.22) [ 0 6 7 32 36 57 61 ]
(406.79 | 192.76) [ 0 22 28 15 52 45 58 61 ]
(280.72 | 217.04) [ 0 9 29 59 61 ]
(582.90 | 173.25) [ 0 18 16 5 30 48 46 35 60 61 ]
(463.64 | 180.08) [ 0 2 4 23 37 53 34 61 ]


4956.18
(464.67 | -28.92) [ 0 1 2 23 42 53 34 61 ]
(457.78 | -378.71) [ 0 3 4 33 39 61 ]
(372.75 | 104.49) [ 0 19 8 20 49 38 50 61 ]
(519.85 | 143.24) [ 0 29 26 15 45 56 31 61 ]
(549.09 | 103.69) [ 0 24 10 14 54 44 40 47 61 ]
(438.39 | 91.97) [ 0 6 7 37 55 41 61 ]
(711.29 | 164.17) [ 0 25 27 5 57 36 32 61 ]
(411.48 | 115.07) [ 0 17 21 28 22 51 52 58 61 ]
(295.16 | 188.59) [ 0 9 11 30 59 60 61 ]
(515.72 | 141.53) [ 0 13 16 12 18 48 46 35 43 61 ]


4935.24
(455.09 | -477.94) [ 0 1 3 33 55 49 61 ]
(603.47 | -939.94) [ 0 5 10 14 17 47 40 44 54 61 ]
(538.62 | 66.10) [ 0 24 26 15 35 56 45 51 61 ]
(686.28 | 86.24) [ 0 2 4 23 32 36 57 61 ]
(512.44 | 44.70) [ 0 25 18 16 27 31 46 48 61 ]
(481.66 | 200.31) [ 0 7 6 34 53 37 61 ]
(402.15 | 177.82) [ 0 22 30 28 60 52 58 61 ]
(395.42 | 152.49) [ 0 8 11 12 38 42 41 61 ]
(291.55 | 168.75) [ 0 19 13 21 29 59 43 61 ]
(368.56 | 166.22) [ 0 20 9 50 39 61 ]


4907.28
(721.01 | 27.84) [ 0 19 17 27 6 32 36 57 61 ]
(578.96 | 154.06) [ 0 7 5 16 35 46 48 61 ]
(463.64 | 159.94) [ 0 23 4 2 34 53 37 61 ]
(549.79 | 204.18) [ 0 14 10 9 47 40 44 54 61 ]
(294.33 | 141.38) [ 0 18 29 21 30 60 59 51 61 ]
(395.42 | 161.53) [ 0 12 11 8 38 42 41 61 ]
(518.72 | 177.61) [ 0 24 26 15 45 56 31 61 ]
(441.95 | 174.81) [ 0 3 1 33 39 61 ]
(385.38 | 176.86) [ 0 20 13 25 49 55 50 61 ]
(378.07 | 186.43) [ 0 28 22 43 52 58 61 ]


4827.08
(397.64 | -36.97) [ 0 22 9 39 33 61 ]
(392.60 | 41.19) [ 0 8 11 27 38 42 41 61 ]
(463.64 | 30.20) [ 0 23 4 2 34 53 37 61 ]
(372.96 | 143.46) [ 0 25 20 19 50 55 49 61 ]
(704.31 | 177.51) [ 0 6 7 32 36 57 61 ]
(419.51 | 139.05) [ 0 15 24 28 54 45 58 61 ]
(573.82 | 170.61) [ 0 18 13 16 5 43 35 46 48 61 ]
(592.13 | 150.03) [ 0 30 14 10 26 17 60 56 44 40 47 61 ]
(500.34 | 174.70) [ 0 1 3 31 52 61 ]
(290.13 | 152.84) [ 0 21 12 29 59 51 61 ]


4925.64
(549.09 | -615.12) [ 0 24 10 14 54 44 40 47 61 ]
(368.56 | -429.22) [ 0 9 20 39 50 61 ]
(648.18 | -3.88) [ 0 19 27 18 25 32 36 57 61 ]
(448.70 | 169.17) [ 0 1 3 33 49 37 61 ]
(522.78 | 126.38) [ 0 26 16 21 13 15 51 56 31 43 61 ]
(353.88 | 168.47) [ 0 6 29 59 61 ]
(583.06 | 141.82) [ 0 7 5 30 17 48 46 35 60 61 ]
(389.14 | 191.73) [ 0 8 11 12 41 55 38 61 ]
(463.97 | 162.36) [ 0 23 4 2 34 53 42 61 ]
(378.27 | 190.91) [ 0 28 22 52 45 58 61 ]


4878.13
(403.08 | 127.38) [ 0 19 20 25 33 55 49 61 ]
(395.74 | 153.97) [ 0 15 11 12 38 42 41 61 ]
(578.96 | 165.45) [ 0 7 5 16 48 46 35 61 ]
(549.48 | 137.69) [ 0 14 10 24 17 47 40 44 54 61 ]
(372.38 | 213.66) [ 0 18 9 8 50 39 61 ]
(374.59 | 170.00) [ 0 22 28 52 58 61 ]
(726.28 | 176.47) [ 0 6 27 26 57 36 32 61 ]
(297.09 | 163.34) [ 0 30 21 13 29 43 51 59 60 61 ]
(556.88 | 175.58) [ 0 1 3 31 56 45 61 ]
(463.64 | 198.88) [ 0 23 4 2 37 53 34 61 ]


4879.74
(508.11 | -1291.92) [ 0 1 3 48 31 51 43 61 ]
(395.74 | 100.82) [ 0 12 11 15 38 42 41 61 ]
(290.05 | 155.84) [ 0 8 29 30 60 59 61 ]
(549.48 | 151.23) [ 0 17 24 10 14 47 40 44 54 61 ]
(463.64 | 177.40) [ 0 23 4 2 34 53 37 61 ]
(372.96 | 162.67) [ 0 19 20 25 49 55 50 61 ]
(378.27 | 193.34) [ 0 22 28 58 45 52 61 ]
(402.46 | 189.08) [ 0 18 21 13 9 39 33 61 ]
(722.35 | 203.14) [ 0 6 16 27 57 36 32 61 ]
(616.69 | 206.71) [ 0 7 5 26 35 46 56 61 ]


4937.14
(449.19 | -949.66) [ 0 1 3 52 45 58 61 ]
(601.49 | 100.29) [ 0 5 10 24 47 40 44 54 61 ]
(392.63 | 155.63) [ 0 8 11 17 28 41 42 38 61 ]
(289.11 | 157.86) [ 0 19 15 29 30 59 60 61 ]
(383.92 | 205.16) [ 0 22 25 33 55 49 61 ]
(704.31 | 202.39) [ 0 7 6 57 36 32 61 ]
(368.56 | 148.48) [ 0 9 20 50 39 61 ]
(472.19 | 170.16) [ 0 14 13 27 18 43 31 48 61 ]
(552.10 | 138.57) [ 0 26 16 21 12 35 46 56 51 61 ]
(463.64 | 187.26) [ 0 23 4 2 37 53 34 61 ]


4834.63
(455.09 | 20.27) [ 0 1 3 33 55 49 61 ]
(368.56 | 208.32) [ 0 9 20 50 39 61 ]
(563.14 | 81.72) [ 0 18 21 13 16 26 43 51 56 46 48 61 ]
(378.27 | 144.75) [ 0 22 28 52 45 58 61 ]
(386.35 | 166.58) [ 0 27 11 8 19 38 37 41 61 ]
(520.30 | 178.38) [ 0 5 12 15 35 31 61 ]
(549.48 | 149.66) [ 0 17 24 10 14 54 44 40 47 61 ]
(704.31 | 169.88) [ 0 7 6 32 36 57 61 ]
(463.97 | 186.75) [ 0 23 4 2 34 53 42 61 ]
(285.16 | 177.22) [ 0 25 30 29 60 59 61 ]


4862.05
(526.60 | -145.39) [ 0 1 3 51 31 54 61 ]
(408.97 | 141.78) [ 0 19 27 21 24 33 49 37 61 ]
(465.42 | 189.44) [ 0 23 4 2 34 53 55 61 ]
(378.27 | 146.78) [ 0 22 28 58 45 52 61 ]
(704.31 | 195.02) [ 0 7 6 32 36 57 61 ]
(368.56 | 179.34) [ 0 9 20 50 39 61 ]
(395.42 | 185.07) [ 0 8 11 12 41 42 38 61 ]
(593.04 | 166.45) [ 0 14 10 13 26 17 43 56 44 40 47 61 ]
(282.53 | 177.16) [ 0 25 29 15 59 61 ]
(578.93 | 170.23) [ 0 5 16 30 18 60 35 46 48 61 ]


4877.53
(525.02 | -95.53) [ 0 1 2 4 51 31 54 61 ]
(498.01 | 109.36) [ 0 21 6 7 37 53 34 61 ]
(457.55 | 122.14) [ 0 3 23 33 50 61 ]
(280.10 | 113.29) [ 0 24 29 59 61 ]
(378.27 | 187.13) [ 0 22 28 52 45 58 61 ]
(369.80 | 192.35) [ 0 19 9 25 49 39 55 61 ]
(573.82 | 171.77) [ 0 18 13 16 5 48 46 35 43 61 ]
(647.40 | 167.62) [ 0 20 15 27 32 36 57 61 ]
(395.42 | 173.32) [ 0 8 11 12 38 42 41 61 ]
(592.13 | 117.86) [ 0 17 26 10 14 30 60 56 44 40 47 61 ]


4875.26
(520.74 | 80.94) [ 0 13 16 26 11 31 56 43 61 ]
(578.63 | 35.79) [ 0 7 5 30 60 35 46 48 61 ]
(720.80 | 154.96) [ 0 6 27 18 32 36 57 61 ]
(403.73 | 175.54) [ 0 15 9 28 52 45 58 61 ]
(549.48 | 160.37) [ 0 17 24 10 14 47 40 44 54 61 ]
(372.75 | 192.16) [ 0 20 8 19 49 38 50 61 ]
(441.95 | 219.78) [ 0 1 3 33 39 61 ]
(353.08 | 202.25) [ 0 25 22 41 55 37 61 ]
(290.13 | 214.95) [ 0 29 12 21 59 51 61 ]
(463.97 | 158.03) [ 0 23 4 2 34 53 42 61 ]


4847.35
(280.72 | -9745.27) [ 0 9 29 59 61 ]
(372.96 | -198.14) [ 0 19 20 25 50 55 49 61 ]
(463.97 | -257.46) [ 0 23 4 2 34 53 42 61 ]
(441.95 | -903.58) [ 0 1 3 33 39 61 ]
(721.03 | 64.05) [ 0 6 27 15 32 36 57 61 ]
(561.62 | 149.32) [ 0 26 21 12 18 43 51 56 46 48 61 ]
(389.78 | 190.65) [ 0 8 11 16 13 41 37 38 61 ]
(549.48 | 130.83) [ 0 14 10 24 17 47 40 44 54 61 ]
(378.27 | 198.07) [ 0 28 22 52 45 58 61 ]
(527.58 | 190.35) [ 0 7 5 30 60 31 35 61 ]


4896.50
(479.43 | -459.17) [ 0 9 24 54 31 51 61 ]
(395.42 | -78.37) [ 0 8 11 12 38 42 41 61 ]
(441.95 | 108.36) [ 0 1 3 33 39 61 ]
(291.16 | 181.56) [ 0 13 21 29 18 59 43 61 ]
(578.07 | 195.92) [ 0 15 5 7 35 46 48 61 ]
(589.33 | 166.19) [ 0 30 14 10 16 17 60 56 44 40 47 61 ]
(372.96 | 168.65) [ 0 19 20 25 49 55 50 61 ]
(463.64 | 180.99) [ 0 23 4 2 37 53 34 61 ]
(378.27 | 173.24) [ 0 28 22 58 45 52 61 ]
(726.28 | 187.51) [ 0 6 27 26 32 36 57 61 ]


4906.90
(448.70 | -169.73) [ 0 1 3 33 49 37 61 ]
(368.56 | -1023.88) [ 0 20 9 39 50 61 ]
(549.11 | 127.08) [ 0 10 5 22 35 52 61 ]
(419.51 | 159.70) [ 0 15 24 28 58 45 54 61 ]
(395.42 | 178.61) [ 0 8 11 12 38 42 41 61 ]
(704.31 | 244.24) [ 0 6 7 32 36 57 61 ]
(514.44 | 224.26) [ 0 19 26 16 18 31 46 48 61 ]
(294.84 | 165.87) [ 0 29 27 21 30 60 59 51 61 ]
(465.42 | 162.17) [ 0 23 4 2 34 53 55 61 ]
(586.58 | 190.00) [ 0 17 13 14 25 43 56 44 40 47 61 ]


4898.79
(388.06 | -52.24) [ 0 20 26 13 49 55 50 61 ]
(556.88 | 122.47) [ 0 3 1 45 56 31 61 ]
(296.08 | 26.89) [ 0 30 21 29 18 43 51 59 60 61 ]
(578.96 | 131.20) [ 0 7 5 16 48 46 35 61 ]
(395.42 | 163.74) [ 0 8 11 12 38 42 41 61 ]
(549.48 | 163.62) [ 0 14 10 24 17 47 40 44 54 61 ]
(463.64 | 190.24) [ 0 23 4 2 37 53 34 61 ]
(374.59 | 182.53) [ 0 28 22 58 52 61 ]
(721.03 | 200.80) [ 0 6 27 15 57 36 32 61 ]
(394.65 | 197.60) [ 0 19 9 25 39 33 61 ]


4935.97
(478.32 | 41.90) [ 0 6 26 18 39 33 61 ]
(297.09 | 37.09) [ 0 30 21 13 29 43 51 59 60 61 ]
(483.36 | 182.81) [ 0 4 3 37 53 34 61 ]
(377.66 | 208.34) [ 0 19 9 25 49 55 50 61 ]
(395.42 | 198.15) [ 0 12 11 8 41 42 38 61 ]
(514.11 | 214.58) [ 0 20 15 27 45 56 31 61 ]
(549.48 | 145.86) [ 0 14 10 24 17 47 40 44 54 61 ]
(578.96 | 183.34) [ 0 16 5 7 35 46 48 61 ]
(686.98 | 191.74) [ 0 1 2 23 32 36 57 61 ]
(374.59 | 188.95) [ 0 22 28 52 58 61 ]


4920.57
(441.95 | -25.06) [ 0 1 3 33 39 61 ]
(378.27 | 114.07) [ 0 22 28 52 45 58 61 ]
(468.32 | 197.66) [ 0 13 26 20 43 31 48 61 ]
(614.20 | 200.33) [ 0 16 5 7 35 46 56 61 ]
(720.80 | 144.57) [ 0 6 27 18 57 36 32 61 ]
(389.12 | 207.78) [ 0 12 11 8 38 37 41 61 ]
(550.10 | 201.87) [ 0 17 29 10 14 54 44 40 47 61 ]
(378.85 | 182.99) [ 0 19 24 25 49 55 50 61 ]
(294.97 | 200.59) [ 0 9 15 21 30 60 59 51 61 ]
(463.97 | 176.49) [ 0 23 4 2 34 53 42 61 ]


4816.33
(395.42 | -336.32) [ 0 8 11 12 38 42 41 61 ]
(448.70 | -244.99) [ 0 1 3 33 49 37 61 ]
(465.42 | 145.23) [ 0 2 4 23 34 53 55 61 ]
(704.31 | 186.53) [ 0 6 7 32 36 57 61 ]
(549.48 | 147.59) [ 0 14 10 24 17 54 44 40 47 61 ]
(368.56 | 194.58) [ 0 9 20 50 39 61 ]
(465.26 | 205.63) [ 0 27 13 18 25 43 31 48 61 ]
(289.11 | 185.06) [ 0 19 15 29 30 59 60 61 ]
(378.27 | 180.98) [ 0 28 22 52 45 58 61 ]
(611.79 | 193.19) [ 0 5 16 21 26 35 46 56 51 61 ]


4910.39
(602.79 | -572.84) [ 0 7 10 29 17 47 40 44 54 61 ]
(713.11 | 100.30) [ 0 5 6 57 36 32 61 ]
(395.42 | 104.10) [ 0 12 11 8 38 42 41 61 ]
(481.25 | 26.19) [ 0 18 21 16 13 15 43 51 35 48 61 ]
(463.64 | 114.98) [ 0 2 4 23 37 53 34 61 ]
(372.96 | 112.56) [ 0 25 20 19 50 55 49 61 ]
(583.94 | 202.68) [ 0 3 1 31 46 56 61 ]
(294.38 | 184.59) [ 0 24 14 30 59 60 61 ]
(378.27 | 181.21) [ 0 28 22 52 45 58 61 ]
(404.65 | 182.86) [ 0 9 26 27 33 39 61 ]


4852.17
(506.95 | 147.22) [ 0 3 1 31 45 58 61 ]
(399.10 | 176.49) [ 0 9 15 27 39 33 61 ]
(372.96 | 203.52) [ 0 19 20 25 49 55 50 61 ]
(386.32 | 217.36) [ 0 8 11 28 38 37 41 61 ]
(573.82 | 183.83) [ 0 18 13 16 5 43 35 46 48 61 ]
(704.31 | 179.87) [ 0 6 7 32 36 57 61 ]
(463.97 | 171.93) [ 0 23 4 2 34 53 42 61 ]
(290.13 | 206.55) [ 0 21 12 29 59 51 61 ]
(422.47 | 198.74) [ 0 24 22 52 54 61 ]
(592.13 | 156.43) [ 0 30 14 10 26 17 60 56 44 40 47 61 ]


4901.71
(458.27 | 129.67) [ 0 27 13 9 43 31 58 61 ]
(463.64 | 100.60) [ 0 23 4 2 34 53 37 61 ]
(773.62 | 168.86) [ 0 7 6 17 32 36 57 47 61 ]
(574.95 | 172.21) [ 0 5 16 21 18 48 46 35 51 61 ]
(395.42 | 144.21) [ 0 12 11 8 41 42 38 61 ]
(593.23 | 163.19) [ 0 14 10 26 15 45 56 44 40 61 ]
(372.96 | 184.69) [ 0 19 20 25 49 55 50 61 ]
(422.47 | 207.04) [ 0 24 22 54 52 61 ]
(441.95 | 192.50) [ 0 3 1 33 39 61 ]
(285.20 | 202.74) [ 0 28 30 29 59 60 61 ]


4901.74
(704.31 | 59.60) [ 0 7 6 57 36 32 61 ]
(391.13 | 96.94) [ 0 25 12 15 41 42 38 61 ]
(465.73 | 165.46) [ 0 8 13 9 43 31 48 61 ]
(441.95 | 167.03) [ 0 1 3 33 39 61 ]
(384.77 | 168.03) [ 0 20 11 19 50 55 49 61 ]
(398.90 | 170.97) [ 0 18 28 22 52 45 58 61 ]
(463.64 | 157.13) [ 0 2 4 23 37 53 34 61 ]
(549.48 | 134.19) [ 0 17 24 10 14 54 44 40 47 61 ]
(611.79 | 160.12) [ 0 5 16 21 26 35 46 56 51 61 ]
(290.05 | 188.14) [ 0 30 27 29 60 59 61 ]


4949.83
(543.55 | -75.75) [ 0 18 17 15 16 30 58 45 46 48 61 ]
(372.96 | 141.91) [ 0 19 20 25 49 55 50 61 ]
(688.60 | 176.86) [ 0 4 2 1 57 36 32 61 ]
(522.88 | 205.76) [ 0 5 21 9 51 31 35 61 ]
(395.42 | 200.15) [ 0 8 11 12 38 42 41 61 ]
(588.62 | 206.88) [ 0 13 10 14 28 43 56 44 40 47 61 ]
(440.81 | 119.68) [ 0 3 23 39 33 61 ]
(422.47 | 103.86) [ 0 24 22 52 54 61 ]
(292.86 | 166.73) [ 0 26 27 29 60 59 61 ]
(481.66 | 172.72) [ 0 6 7 37 53 34 61 ]


4877.73
(599.90 | -1206.69) [ 0 18 14 10 27 17 49 47 40 44 56 61 ]
(429.17 | 154.17) [ 0 25 22 52 31 61 ]
(719.50 | 169.87) [ 0 19 6 7 32 36 57 61 ]
(573.77 | 195.99) [ 0 5 16 26 35 46 48 61 ]
(463.64 | 148.12) [ 0 2 4 23 37 53 34 61 ]
(419.51 | 98.59) [ 0 15 24 28 54 45 58 61 ]
(395.42 | 126.00) [ 0 12 11 8 38 42 41 61 ]
(368.56 | 143.08) [ 0 9 20 50 39 61 ]
(451.17 | 198.66) [ 0 3 1 55 33 61 ]
(297.09 | 182.40) [ 0 29 13 21 30 60 59 51 43 61 ]


4909.65
(402.07 | 191.36) [ 0 11 15 9 33 39 61 ]
(463.64 | 159.73) [ 0 23 4 2 34 53 37 61 ]
(372.96 | 121.74) [ 0 25 20 19 49 55 50 61 ]
(549.48 | 103.70) [ 0 14 10 24 17 54 44 40 47 61 ]
(353.73 | 155.04) [ 0 7 5 30 60 59 61 ]
(516.19 | 153.53) [ 0 18 13 16 8 48 46 35 43 61 ]
(556.88 | 193.84) [ 0 1 3 31 56 45 61 ]
(391.46 | 191.81) [ 0 29 12 21 38 42 41 61 ]
(726.28 | 196.07) [ 0 6 27 26 32 36 57 61 ]
(376.96 | 189.20) [ 0 22 28 51 52 58 61 ]


4920.25
(463.97 | 02.52) [ 0 2 4 23 42 53 34 61 ]
(448.70 | 145.88) [ 0 3 1 33 49 37 61 ]
(719.43 | 119.03) [ 0 6 20 57 36 32 61 ]
(380.09 | 128.83) [ 0 9 26 27 50 39 61 ]
(386.16 | 148.48) [ 0 8 11 25 38 55 41 61 ]
(378.27 | 150.53) [ 0 22 28 52 45 58 61 ]
(614.20 | 192.29) [ 0 7 5 16 56 46 35 61 ]
(550.10 | 171.96) [ 0 14 10 29 17 54 44 40 47 61 ]
(290.89 | 178.37) [ 0 19 15 12 30 59 60 61 ]
(468.44 | 176.69) [ 0 18 21 13 24 43 51 31 48 61 ]


4929.83
(441.95 | -89.14) [ 0 1 3 33 39 61 ]
(617.27 | -791.68) [ 0 6 10 26 17 47 40 44 54 61 ]
(378.07 | -29.67) [ 0 22 28 43 52 58 61 ]
(605.24 | 80.16) [ 0 15 5 7 51 45 56 35 61 ]
(395.42 | 171.24) [ 0 8 11 12 38 42 41 61 ]
(650.36 | 147.87) [ 0 21 13 27 24 57 36 32 61 ]
(512.10 | 172.68) [ 0 9 16 18 48 46 31 61 ]
(292.82 | 135.59) [ 0 29 14 30 60 59 61 ]
(463.64 | 178.06) [ 0 23 4 2 37 53 34 61 ]
(372.96 | 160.21) [ 0 19 20 25 49 55 50 61 ]


4967.51
(457.55 | -73.19) [ 0 3 23 50 33 61 ]
(400.42 | -361.66) [ 0 20 22 52 45 58 61 ]
(395.74 | -51.80) [ 0 15 11 12 38 42 41 61 ]
(468.44 | 35.61) [ 0 24 13 21 18 43 51 31 48 61 ]
(465.95 | 08.59) [ 0 1 2 4 37 53 34 61 ]
(544.53 | 31.87) [ 0 17 27 26 8 54 44 40 47 61 ]
(607.96 | 180.67) [ 0 5 10 16 28 56 46 35 61 ]
(369.80 | 171.73) [ 0 19 9 25 49 39 55 61 ]
(292.82 | 180.05) [ 0 30 14 29 59 60 61 ]
(704.31 | 182.11) [ 0 7 6 32 36 57 61 ]


4895.36
(508.11 | -1070.70) [ 0 3 1 48 31 51 43 61 ]
(419.93 | -35.17) [ 0 20 21 12 50 33 61 ]
(548.55 | 181.12) [ 0 14 13 24 47 40 44 54 61 ]
(406.79 | 162.32) [ 0 15 28 22 52 45 58 61 ]
(357.60 | 169.66) [ 0 9 8 19 49 39 38 61 ]
(704.31 | 192.63) [ 0 7 6 57 36 32 61 ]
(386.44 | 195.27) [ 0 25 18 17 11 37 55 41 61 ]
(609.61 | 182.92) [ 0 5 10 16 26 35 46 56 61 ]
(463.97 | 181.62) [ 0 23 4 2 42 53 34 61 ]
(290.05 | 184.72) [ 0 29 27 30 59 60 61 ]


4976.09
(440.81 | 111.99) [ 0 3 23 33 39 61 ]
(429.17 | 138.01) [ 0 22 25 31 52 61 ]
(454.22 | 136.68) [ 0 6 20 49 55 50 61 ]
(465.95 | 188.72) [ 0 1 2 4 37 53 34 61 ]
(419.51 | 165.11) [ 0 28 24 15 58 45 54 61 ]
(653.44 | 188.69) [ 0 18 12 14 32 36 57 61 ]
(594.99 | 174.08) [ 0 17 10 13 26 11 43 56 44 40 47 61 ]
(384.20 | 208.86) [ 0 9 8 19 38 42 41 61 ]
(578.96 | 203.85) [ 0 16 5 7 35 46 48 61 ]
(294.84 | 145.77) [ 0 30 21 27 29 51 59 60 61 ]


4870.30
(395.42 | 71.29) [ 0 8 11 12 41 42 38 61 ]
(418.91 | 39.71) [ 0 15 9 28 54 45 58 61 ]
(441.95 | 215.97) [ 0 3 1 33 39 61 ]
(719.22 | 218.20) [ 0 6 24 32 36 57 61 ]
(429.17 | 176.25) [ 0 22 25 52 31 61 ]
(578.96 | 176.48) [ 0 16 5 7 48 46 35 61 ]
(593.04 | 128.43) [ 0 17 26 13 10 14 47 40 44 56 43 61 ]
(294.84 | 140.27) [ 0 29 27 21 30 60 59 51 61 ]
(375.15 | 181.19) [ 0 19 20 18 49 55 50 61 ]
(463.64 | 173.69) [ 0 23 4 2 37 53 34 61 ]


4808.77
(372.96 | -16.43) [ 0 25 20 19 49 55 50 61 ]
(395.42 | 150.50) [ 0 8 11 12 38 42 41 61 ]
(556.88 | 193.77) [ 0 1 3 31 56 45 61 ]
(294.84 | 98.90) [ 0 29 27 21 30 51 59 60 61 ]
(549.48 | 122.73) [ 0 17 24 10 14 47 40 44 54 61 ]
(704.31 | 178.71) [ 0 6 7 32 36 57 61 ]
(402.84 | 189.07) [ 0 9 15 26 33 39 61 ]
(463.64 | 161.43) [ 0 23 4 2 37 53 34 61 ]
(573.82 | 177.97) [ 0 5 16 13 18 48 46 35 43 61 ]
(374.59 | 176.34) [ 0 28 22 52 58 61 ]


4968.53
(403.73 | -306.19) [ 0 15 9 28 58 45 52 61 ]
(382.24 | -35.34) [ 0 20 8 19 50 41 49 61 ]
(508.40 | 29.74) [ 0 3 23 11 39 33 61 ]
(490.43 | -4.67) [ 0 5 16 12 34 53 42 61 ]
(688.60 | 114.49) [ 0 1 2 4 57 36 32 61 ]
(549.48 | 149.52) [ 0 17 24 10 14 54 44 40 47 61 ]
(494.34 | 206.91) [ 0 22 35 46 56 61 ]
(469.20 | 187.29) [ 0 25 18 13 26 43 31 48 61 ]
(294.84 | 186.89) [ 0 30 21 27 29 51 59 60 61 ]
(427.29 | 197.80) [ 0 7 6 38 55 37 61 ]


4926.62
(407.12 | -5562.43) [ 0 30 11 9 33 39 61 ]
(373.20 | -35.21) [ 0 28 20 19 50 55 49 61 ]
(392.01 | 71.27) [ 0 8 12 18 41 42 38 61 ]
(549.48 | 123.99) [ 0 14 10 24 17 47 40 44 54 61 ]
(625.36 | 189.87) [ 0 15 5 7 45 56 46 48 61 ]
(294.46 | 210.62) [ 0 29 21 16 13 59 51 43 61 ]
(726.28 | 207.41) [ 0 6 27 26 57 36 32 61 ]
(499.54 | 194.85) [ 0 3 1 31 35 61 ]
(375.54 | 176.66) [ 0 25 22 58 52 60 61 ]
(463.64 | 174.63) [ 0 23 4 2 34 53 37 61 ]


4850.58
(506.95 | -254.35) [ 0 1 3 31 45 58 61 ]
(463.64 | 143.13) [ 0 2 4 23 34 53 37 61 ]
(372.96 | 85.05) [ 0 25 20 19 50 55 49 61 ]
(395.28 | 161.46) [ 0 22 28 54 52 61 ]
(395.42 | 195.55) [ 0 8 11 12 41 42 38 61 ]
(721.03 | 211.64) [ 0 6 27 15 57 36 32 61 ]
(573.94 | 199.36) [ 0 7 5 18 48 46 35 61 ]
(394.78 | 192.60) [ 0 9 24 39 33 61 ]
(592.13 | 140.14) [ 0 30 14 10 26 17 60 56 44 40 47 61 ]
(294.46 | 175.98) [ 0 13 16 21 29 43 51 59 61 ]


4957.07
(441.95 | -129.16) [ 0 1 3 39 33 61 ]
(483.69 | -171.88) [ 0 6 13 28 43 58 54 61 ]
(372.75 | 118.22) [ 0 20 8 19 49 38 50 61 ]
(596.48 | 217.50) [ 0 17 12 10 14 31 44 40 47 61 ]
(655.60 | 186.53) [ 0 11 16 9 32 36 57 61 ]
(573.94 | 198.86) [ 0 18 5 7 35 46 48 61 ]
(353.08 | 205.50) [ 0 22 25 37 55 41 61 ]
(500.78 | 202.21) [ 0 15 26 24 52 56 45 61 ]
(294.84 | 172.11) [ 0 30 21 27 29 60 59 51 61 ]
(463.97 | 176.98) [ 0 2 4 23 42 53 34 61 ]


4900.56
(465.95 | 44.80) [ 0 4 2 1 37 53 34 61 ]
(440.81 | 114.30) [ 0 23 3 33 39 61 ]
(378.27 | 140.86) [ 0 22 28 58 45 52 61 ]
(550.23 | 213.33) [ 0 10 27 17 9 47 40 44 54 61 ]
(527.58 | 198.03) [ 0 15 26 21 14 60 56 31 51 61 ]
(573.82 | 155.74) [ 0 5 16 13 18 48 46 35 43 61 ]
(715.42 | 193.18) [ 0 30 6 7 32 36 57 61 ]
(395.42 | 145.22) [ 0 8 11 12 38 42 41 61 ]
(280.10 | 198.29) [ 0 29 24 59 61 ]
(372.96 | 178.45) [ 0 19 20 25 49 55 50 61 ]


4922.69
(526.60 | 146.79) [ 0 1 3 51 31 54 61 ]
(405.13 | 170.35) [ 0 9 16 27 33 39 61 ]
(372.96 | 78.79) [ 0 25 20 19 49 55 50 61 ]
(704.31 | 127.67) [ 0 6 7 32 36 57 61 ]
(396.37 | 74.07) [ 0 11 21 12 30 38 42 41 61 ]
(406.79 | 111.81) [ 0 15 28 22 52 45 58 61 ]
(571.81 | 188.10) [ 0 5 14 18 48 46 35 60 61 ]
(280.10 | 210.97) [ 0 29 24 59 61 ]
(594.99 | 183.31) [ 0 17 10 13 26 8 43 56 44 40 47 61 ]
(463.64 | 171.17) [ 0 23 4 2 37 53 34 61 ]


4885.33
(471.76 | -2614.55) [ 0 6 9 39 33 61 ]
(500.34 | -7.95) [ 0 1 3 31 52 61 ]
(619.25 | 207.47) [ 0 28 22 32 36 57 61 ]
(372.96 | 164.10) [ 0 19 20 25 49 55 50 61 ]
(395.42 | 181.94) [ 0 8 11 12 41 42 38 61 ]
(426.21 | 174.94) [ 0 15 26 24 54 45 58 61 ]
(463.64 | 149.94) [ 0 2 4 23 37 53 34 61 ]
(587.36 | 160.72) [ 0 30 14 10 27 17 47 40 44 56 60 61 ]
(573.94 | 197.75) [ 0 7 5 18 48 46 35 61 ]
(294.46 | 186.94) [ 0 29 21 16 13 59 51 43 61 ]


4832.14
(517.80 | 113.28) [ 0 15 26 8 19 31 56 45 61 ]
(519.82 | 80.18) [ 0 30 12 16 18 60 35 46 48 61 ]
(442.56 | 176.39) [ 0 1 3 33 49 38 61 ]
(450.70 | 170.12) [ 0 7 11 25 41 55 37 61 ]
(713.11 | 190.76) [ 0 6 5 32 36 57 61 ]
(368.56 | 170.92) [ 0 9 20 39 50 61 ]
(463.97 | 179.49) [ 0 2 4 23 34 53 42 61 ]
(549.48 | 158.09) [ 0 14 10 24 17 47 40 44 54 61 ]
(291.55 | 192.80) [ 0 27 13 21 29 43 51 59 61 ]
(374.59 | 203.54) [ 0 28 22 52 58 61 ]


4914.65
(451.63 | -138.67) [ 0 2 3 39 33 61 ]
(467.56 | 95.97) [ 0 1 4 55 53 34 61 ]
(468.62 | 140.49) [ 0 9 13 21 18 43 51 31 48 61 ]
(395.42 | 133.20) [ 0 8 11 12 41 42 38 61 ]
(427.37 | 155.65) [ 0 23 15 22 52 45 58 61 ]
(285.20 | 170.90) [ 0 29 30 28 60 59 61 ]
(368.88 | 192.14) [ 0 19 20 25 49 37 50 61 ]
(614.20 | 190.83) [ 0 7 5 16 35 46 56 61 ]
(549.48 | 145.06) [ 0 17 24 10 14 47 40 44 54 61 ]
(726.28 | 184.89) [ 0 6 27 26 32 36 57 61 ]


4920.06
(550.68 | -1185.57) [ 0 14 10 21 19 54 44 40 47 61 ]
(519.55 | -585.44) [ 0 26 13 24 17 43 31 56 51 61 ]
(448.70 | 181.37) [ 0 1 3 33 49 37 61 ]
(395.42 | 165.75) [ 0 12 11 8 38 42 41 61 ]
(368.56 | 178.67) [ 0 20 9 50 39 61 ]
(406.79 | 138.13) [ 0 15 28 22 52 45 58 61 ]
(285.16 | 195.39) [ 0 25 30 29 60 59 61 ]
(465.42 | 160.37) [ 0 2 4 23 34 53 55 61 ]
(720.80 | 183.72) [ 0 6 27 18 32 36 57 61 ]
(578.96 | 201.57) [ 0 16 5 7 48 46 35 61 ]


5007.23
(525.02 | -157.28) [ 0 1 2 4 54 31 51 61 ]
(466.38 | -908.46) [ 0 23 3 37 53 34 61 ]
(396.80 | -112.20) [ 0 29 12 10 41 42 38 61 ]
(294.38 | 161.49) [ 0 24 14 30 59 60 61 ]
(419.32 | 162.41) [ 0 21 13 15 20 33 50 61 ]
(573.94 | 179.72) [ 0 7 5 18 35 46 48 61 ]
(580.98 | 200.60) [ 0 17 26 11 8 43 56 44 40 47 61 ]
(369.80 | 191.86) [ 0 19 9 25 49 39 55 61 ]
(722.35 | 203.32) [ 0 6 16 27 32 36 57 61 ]
(378.27 | 199.33) [ 0 22 28 52 45 58 61 ]


4998.26
(436.37 | -166.42) [ 0 7 5 15 37 39 49 61 ]
(566.91 | 81.84) [ 0 28 13 16 26 51 56 46 48 43 61 ]
(416.24 | 159.73) [ 0 18 30 20 33 50 61 ]
(428.88 | 109.61) [ 0 9 21 12 42 53 34 61 ]
(463.91 | 122.60) [ 0 6 22 52 45 58 61 ]
(550.42 | 80.94) [ 0 14 10 27 17 19 47 40 44 54 61 ]
(686.28 | 149.37) [ 0 23 4 2 32 36 57 61 ]
(386.16 | 185.70) [ 0 8 11 25 41 55 38 61 ]
(283.56 | 193.68) [ 0 29 24 60 59 61 ]
(499.54 | 182.11) [ 0 1 3 31 35 61 ]


4882.10
(427.78 | -714.94) [ 0 7 9 19 49 39 37 61 ]
(481.64 | 174.11) [ 0 5 6 33 50 61 ]
(515.72 | -18.43) [ 0 13 16 12 18 48 46 35 43 61 ]
(556.88 | 143.90) [ 0 1 3 31 56 45 61 ]
(651.05 | 149.66) [ 0 20 26 15 32 36 57 61 ]
(463.97 | 125.63) [ 0 23 4 2 34 53 42 61 ]
(386.16 | 183.34) [ 0 8 11 25 41 55 38 61 ]
(374.59 | 185.58) [ 0 28 22 52 58 61 ]
(294.84 | 159.52) [ 0 30 21 27 29 51 59 60 61 ]
(549.48 | 165.40) [ 0 14 10 24 17 47 40 44 54 61 ]


4808.14
(458.69 | 81.75) [ 0 1 3 50 33 61 ]
(517.76 | 14.73) [ 0 20 26 15 45 56 31 61 ]
(463.64 | 168.38) [ 0 2 4 23 34 53 37 61 ]
(704.31 | 197.64) [ 0 7 6 32 36 57 61 ]
(369.80 | 169.99) [ 0 19 9 25 49 39 55 61 ]
(374.59 | 192.26) [ 0 28 22 52 58 61 ]
(395.42 | 195.20) [ 0 8 11 12 38 42 41 61 ]
(549.48 | 164.84) [ 0 17 24 10 14 54 44 40 47 61 ]
(291.55 | 154.68) [ 0 27 13 21 29 43 51 59 61 ]
(582.90 | 199.05) [ 0 18 16 5 30 48 46 35 60 61 ]


4890.37
(449.15 | -308.59) [ 0 7 11 8 38 37 41 61 ]
(618.71 | -310.52) [ 0 21 5 6 35 46 56 51 61 ]
(441.95 | -57.91) [ 0 1 3 33 39 61 ]
(463.97 | 113.52) [ 0 23 4 2 42 53 34 61 ]
(653.04 | 104.08) [ 0 29 27 26 57 36 32 61 ]
(549.48 | 104.38) [ 0 17 24 10 14 47 40 44 54 61 ]
(288.99 | 184.51) [ 0 20 15 30 59 60 61 ]
(378.27 | 149.64) [ 0 28 22 58 45 52 61 ]
(469.16 | 191.15) [ 0 18 12 16 13 43 31 48 61 ]
(377.66 | 200.63) [ 0 19 9 25 49 55 50 61 ]


4887.89
(441.95 | -69.78) [ 0 1 3 33 39 61 ]
(301.67 | 126.66) [ 0 29 13 14 60 59 51 43 61 ]
(372.96 | 116.76) [ 0 19 20 25 49 55 50 61 ]
(395.42 | 168.55) [ 0 8 11 12 38 42 41 61 ]
(540.11 | 169.98) [ 0 17 24 30 18 47 40 44 54 61 ]
(517.77 | 168.85) [ 0 9 15 26 31 56 45 61 ]
(463.64 | 172.29) [ 0 23 4 2 37 53 34 61 ]
(374.59 | 189.97) [ 0 28 22 52 58 61 ]
(578.96 | 189.13) [ 0 16 5 7 48 46 35 61 ]
(720.81 | 191.75) [ 0 6 10 21 27 32 36 57 61 ]


4897.88
(526.60 | -248.31) [ 0 1 3 51 31 54 61 ]
(395.42 | 79.34) [ 0 8 11 12 38 42 41 61 ]
(403.96 | 188.04) [ 0 30 21 15 9 39 33 61 ]
(372.96 | 181.33) [ 0 19 20 25 50 55 49 61 ]
(573.94 | 202.51) [ 0 7 5 18 35 46 48 61 ]
(463.64 | 171.58) [ 0 2 4 23 34 53 37 61 ]
(722.35 | 167.46) [ 0 6 16 27 32 36 57 61 ]
(586.44 | 169.04) [ 0 14 10 24 17 60 56 44 40 47 61 ]
(378.27 | 177.76) [ 0 28 22 52 45 58 61 ]
(294.31 | 166.14) [ 0 26 13 29 43 59 61 ]


4915.52
(503.83 | -233.14) [ 0 1 3 35 31 60 61 ]
(424.48 | -2126.49) [ 0 29 30 25 55 53 34 61 ]
(562.92 | -78.24) [ 0 15 26 16 18 48 46 56 45 61 ]
(609.58 | 173.09) [ 0 6 10 14 47 40 44 54 61 ]
(395.42 | 140.34) [ 0 12 11 8 38 42 41 61 ]
(376.96 | 178.47) [ 0 22 28 58 52 51 61 ]
(686.28 | 174.82) [ 0 23 4 2 32 36 57 61 ]
(368.56 | 155.38) [ 0 9 20 39 50 61 ]
(290.05 | 158.75) [ 0 17 13 27 24 59 43 61 ]
(477.43 | 192.00) [ 0 7 5 21 19 37 49 33 61 ]


4948.71
(508.11 | 108.63) [ 0 1 3 43 51 31 48 61 ]
(725.16 | 122.42) [ 0 6 26 15 32 36 57 61 ]
(549.48 | 104.68) [ 0 14 10 24 17 54 44 40 47 61 ]
(409.40 | 159.82) [ 0 13 29 28 58 45 52 61 ]
(353.08 | 192.65) [ 0 25 22 37 55 41 61 ]
(295.53 | 187.28) [ 0 30 12 21 11 59 60 61 ]
(368.56 | 168.24) [ 0 9 20 50 39 61 ]
(401.21 | 191.73) [ 0 18 27 8 19 38 49 33 61 ]
(463.97 | 191.94) [ 0 23 4 2 34 53 42 61 ]
(614.20 | 186.59) [ 0 16 5 7 56 46 35 61 ]


4870.84
(458.69 | 37.99) [ 0 1 3 33 50 61 ]
(513.46 | 131.26) [ 0 15 26 20 54 56 45 61 ]
(463.64 | 87.52) [ 0 2 4 23 34 53 37 61 ]
(596.48 | 193.32) [ 0 17 24 10 14 47 40 44 31 61 ]
(395.42 | 190.07) [ 0 8 11 12 41 42 38 61 ]
(704.31 | 198.07) [ 0 7 6 32 36 57 61 ]
(582.90 | 192.76) [ 0 30 5 16 18 60 35 46 48 61 ]
(291.55 | 166.51) [ 0 27 13 21 29 59 51 43 61 ]
(369.80 | 179.56) [ 0 19 9 25 49 39 55 61 ]
(374.59 | 188.66) [ 0 28 22 52 58 61 ]


4901.58
(609.58 | -497.38) [ 0 6 10 14 54 44 40 47 61 ]
(463.97 | -5144.98) [ 0 23 4 2 34 53 42 61 ]
(690.17 | 104.33) [ 0 3 1 32 36 57 61 ]
(385.09 | 25.42) [ 0 11 26 8 38 37 41 61 ]
(401.45 | 175.75) [ 0 9 17 12 33 39 61 ]
(406.79 | 183.15) [ 0 15 28 22 52 45 58 61 ]
(614.20 | 181.57) [ 0 7 5 16 35 46 56 61 ]
(291.55 | 171.50) [ 0 27 13 21 29 43 51 59 61 ]
(465.81 | 176.87) [ 0 18 30 24 60 31 48 61 ]
(372.96 | 176.81) [ 0 19 20 25 50 55 49 61 ]


4934.40
(458.69 | -0.31) [ 0 1 3 33 50 61 ]
(369.80 | -121.18) [ 0 25 9 19 55 39 49 61 ]
(469.40 | 170.86) [ 0 8 21 29 48 31 51 43 61 ]
(392.36 | 135.18) [ 0 18 11 20 38 42 41 61 ]
(614.20 | 201.25) [ 0 16 5 7 35 46 56 61 ]
(549.48 | 135.39) [ 0 14 10 24 17 54 44 40 47 61 ]
(463.64 | 193.56) [ 0 23 4 2 37 53 34 61 ]
(726.28 | 200.88) [ 0 6 27 26 32 36 57 61 ]
(378.27 | 193.15) [ 0 28 22 52 45 58 61 ]
(292.29 | 180.42) [ 0 30 12 13 15 60 59 61 ]


4935.62
(526.60 | -301.89) [ 0 1 3 54 31 51 61 ]
(572.74 | 103.81) [ 0 5 16 17 18 35 46 48 61 ]
(403.79 | 179.53) [ 0 24 26 15 39 33 61 ]
(372.96 | 143.51) [ 0 19 20 25 50 55 49 61 ]
(395.42 | 151.14) [ 0 8 11 12 41 42 38 61 ]
(463.64 | 155.40) [ 0 23 4 2 37 53 34 61 ]
(588.74 | 199.56) [ 0 10 13 27 9 43 56 44 40 47 61 ]
(378.27 | 199.82) [ 0 28 22 52 45 58 61 ]
(292.82 | 187.90) [ 0 29 14 30 59 60 61 ]
(720.65 | 193.44) [ 0 7 6 21 57 36 32 61 ]


4943.42
(441.95 | 51.31) [ 0 1 3 39 33 61 ]
(385.03 | -97.34) [ 0 8 13 9 41 37 38 61 ]
(461.42 | -517.87) [ 0 15 27 22 52 31 61 ]
(571.14 | 209.72) [ 0 5 14 30 48 46 35 60 61 ]
(704.31 | 211.95) [ 0 6 7 32 36 57 61 ]
(594.73 | 194.82) [ 0 17 10 16 26 11 43 56 44 40 47 61 ]
(417.79 | 185.84) [ 0 28 18 24 54 45 58 61 ]
(290.13 | 184.46) [ 0 29 12 21 59 51 61 ]
(372.96 | 171.00) [ 0 19 20 25 50 55 49 61 ]
(463.97 | 197.29) [ 0 23 4 2 34 53 42 61 ]


4906.59
(463.97 | -336.49) [ 0 23 4 2 42 53 34 61 ]
(416.11 | 75.75) [ 0 22 28 16 58 45 52 61 ]
(347.13 | 60.85) [ 0 29 30 7 59 60 61 ]
(549.47 | 198.20) [ 0 17 12 10 14 54 44 40 47 61 ]
(368.56 | 193.85) [ 0 9 20 39 50 61 ]
(480.00 | 155.51) [ 0 21 13 27 15 18 43 51 35 48 61 ]
(713.11 | 198.23) [ 0 6 5 32 36 57 61 ]
(397.66 | 198.08) [ 0 19 8 24 38 49 33 61 ]
(386.63 | 162.76) [ 0 25 26 11 41 55 37 61 ]
(583.94 | 176.35) [ 0 3 1 31 46 56 61 ]


4924.26
(458.69 | -461.36) [ 0 3 1 33 50 61 ]
(395.42 | -165.32) [ 0 8 11 12 41 42 38 61 ]
(613.31 | 195.55) [ 0 15 5 7 56 46 35 61 ]
(726.28 | 181.57) [ 0 6 27 26 57 36 32 61 ]
(554.33 | 159.14) [ 0 17 21 10 30 24 47 40 44 54 61 ]
(481.49 | 210.18) [ 0 14 16 13 18 43 60 31 48 61 ]
(369.80 | 188.66) [ 0 19 9 25 49 39 55 61 ]
(463.64 | 191.03) [ 0 23 4 2 37 53 34 61 ]
(378.27 | 185.28) [ 0 28 22 52 45 58 61 ]
(283.03 | 198.61) [ 0 29 20 51 59 61 ]


4880.97
(458.69 | -95.44) [ 0 1 3 33 50 61 ]
(419.51 | 00.50) [ 0 15 24 28 58 45 54 61 ]
(357.60 | 100.18) [ 0 9 8 19 49 39 38 61 ]
(593.04 | 17.66) [ 0 14 10 13 26 17 47 40 44 56 43 61 ]
(573.94 | 169.61) [ 0 7 5 18 35 46 48 61 ]
(465.19 | 128.80) [ 0 30 11 20 31 52 61 ]
(353.08 | 208.26) [ 0 25 22 37 55 41 61 ]
(463.97 | 223.08) [ 0 23 4 2 34 53 42 61 ]
(293.59 | 171.81) [ 0 29 12 21 60 59 51 61 ]
(722.35 | 174.72) [ 0 6 16 27 32 36 57 61 ]


4927.91
(500.98 | -54.35) [ 0 1 3 35 31 43 61 ]
(461.73 | -58.83) [ 0 7 30 9 33 39 61 ]
(713.11 | 162.98) [ 0 6 5 32 36 57 61 ]
(395.96 | 176.22) [ 0 12 13 11 17 38 42 41 61 ]
(289.83 | 172.40) [ 0 15 21 29 18 59 51 61 ]
(562.40 | 207.83) [ 0 24 16 26 45 56 46 48 61 ]
(551.52 | 211.81) [ 0 8 27 10 14 47 40 44 54 61 ]
(375.78 | 183.78) [ 0 28 22 60 52 58 61 ]
(372.96 | 157.03) [ 0 25 20 19 49 55 50 61 ]
(463.64 | 170.96) [ 0 23 4 2 37 53 34 61 ]


4871.20
(472.22 | -73.00) [ 0 1 3 33 42 49 61 ]
(368.56 | 84.80) [ 0 9 20 50 39 61 ]
(487.23 | 123.93) [ 0 12 21 24 51 31 54 61 ]
(704.31 | 197.42) [ 0 6 7 32 36 57 61 ]
(463.64 | 184.23) [ 0 23 4 2 37 53 34 61 ]
(406.79 | 153.06) [ 0 22 28 15 52 45 58 61 ]
(596.59 | 141.35) [ 0 17 14 10 13 26 43 56 44 40 47 61 ]
(575.67 | 185.91) [ 0 5 16 18 19 48 46 35 61 ]
(386.16 | 190.53) [ 0 8 11 25 38 55 41 61 ]
(290.05 | 172.39) [ 0 29 27 30 60 59 61 ]


4882.57
(441.95 | -10.63) [ 0 1 3 39 33 61 ]
(517.77 | 206.81) [ 0 9 15 26 31 56 45 61 ]
(653.35 | 188.72) [ 0 29 16 27 32 36 57 61 ]
(566.76 | 186.44) [ 0 25 18 5 48 46 35 61 ]
(549.48 | 160.23) [ 0 17 24 10 14 47 40 44 54 61 ]
(296.01 | 165.45) [ 0 12 21 13 11 59 51 43 61 ]
(372.75 | 192.38) [ 0 19 8 20 50 38 49 61 ]
(438.39 | 183.35) [ 0 7 6 37 55 41 61 ]
(463.97 | 181.71) [ 0 23 4 2 34 53 42 61 ]
(402.15 | 178.10) [ 0 22 30 28 60 52 58 61 ]


4892.88
(378.27 | -177.25) [ 0 9 26 39 50 61 ]
(424.25 | 13.00) [ 0 1 3 37 55 41 61 ]
(607.42 | 174.59) [ 0 5 16 12 35 46 56 61 ]
(704.31 | 202.08) [ 0 7 6 32 36 57 61 ]
(406.79 | 166.63) [ 0 22 28 15 52 45 58 61 ]
(404.39 | 193.42) [ 0 27 11 8 19 33 49 38 61 ]
(468.84 | 199.21) [ 0 18 21 13 20 43 51 31 48 61 ]
(549.48 | 162.28) [ 0 17 24 10 14 54 44 40 47 61 ]
(285.16 | 174.48) [ 0 25 30 29 59 60 61 ]
(463.97 | 182.95) [ 0 23 4 2 34 53 42 61 ]


4989.82
(368.56 | -649.22) [ 0 20 9 50 39 61 ]
(600.32 | -126.86) [ 0 5 10 29 54 44 40 47 61 ]
(398.13 | 32.65) [ 0 8 17 18 25 33 49 38 61 ]
(715.42 | 123.17) [ 0 7 6 30 32 36 57 61 ]
(568.40 | 143.33) [ 0 14 21 16 26 43 51 56 46 48 61 ]
(378.27 | 149.99) [ 0 22 28 52 45 58 61 ]
(290.37 | 191.85) [ 0 12 27 15 19 60 59 61 ]
(386.85 | 211.38) [ 0 24 13 11 37 55 41 61 ]
(463.97 | 163.96) [ 0 23 4 2 34 53 42 61 ]
(499.54 | 211.29) [ 0 1 3 31 35 61 ]


