1892.86
(435.43 | 191.00) [ 0 1 15 11 21 ]
(329.95 | 256.23) [ 0 4 20 21 ]
(394.63 | 240.25) [ 0 10 9 7 8 19 18 21 ]
(652.85 | 291.57) [ 0 6 5 2 3 14 17 12 16 13 21 ]


1887.69
(319.50 | 323.24) [ 0 2 20 21 ]
(379.54 | 209.84) [ 0 9 6 5 8 18 19 21 ]
(673.23 | 311.15) [ 0 3 4 10 7 13 16 12 17 14 21 ]
(435.43 | 251.06) [ 0 1 15 11 21 ]


1913.77
(426.66 | -3318.96) [ 0 4 2 10 5 20 21 ]
(624.21 | 302.37) [ 0 8 7 6 9 14 17 12 16 13 21 ]
(435.43 | 293.17) [ 0 1 15 11 21 ]
(307.48 | 293.70) [ 0 3 19 18 21 ]


1959.99
(341.86 | -1625.75) [ 0 2 3 1 20 21 ]
(505.86 | -342.11) [ 0 10 9 8 15 11 21 ]
(621.27 | 319.03) [ 0 7 5 6 13 16 12 17 14 21 ]
(331.01 | 295.39) [ 0 4 19 18 21 ]


1854.26
(306.42 | 306.42) [ 0 3 20 21 ]
(435.43 | 284.52) [ 0 1 15 11 21 ]
(673.89 | 340.05) [ 0 4 2 10 7 6 13 16 12 17 14 21 ]
(378.52 | 315.13) [ 0 9 5 8 19 18 21 ]


1854.26
(306.42 | 303.52) [ 0 3 20 21 ]
(435.43 | 278.91) [ 0 1 11 15 21 ]
(673.89 | 317.81) [ 0 4 2 10 7 6 13 16 12 17 14 21 ]
(378.52 | 328.77) [ 0 8 5 9 19 18 21 ]


1854.26
(435.43 | 269.24) [ 0 1 15 11 21 ]
(673.89 | 314.68) [ 0 4 2 10 7 6 13 16 12 17 14 21 ]
(306.42 | 298.83) [ 0 3 20 21 ]
(378.52 | 337.70) [ 0 8 5 9 19 18 21 ]


1854.26
(378.52 | 267.45) [ 0 8 5 9 18 19 21 ]
(435.43 | 275.14) [ 0 1 15 11 21 ]
(673.89 | 300.25) [ 0 4 2 10 7 6 14 17 12 16 13 21 ]
(306.42 | 286.95) [ 0 3 20 21 ]


1866.80
(435.43 | 223.95) [ 0 1 15 11 21 ]
(673.36 | 279.46) [ 0 3 4 10 7 6 13 16 12 17 14 21 ]
(319.50 | 289.14) [ 0 2 20 21 ]
(378.52 | 314.19) [ 0 8 5 9 18 19 21 ]


1843.58
(388.97 | 372.96) [ 0 10 5 6 20 21 ]
(435.43 | 193.72) [ 0 1 15 11 21 ]
(380.02 | 181.16) [ 0 8 7 9 18 19 21 ]
(579.16 | 295.34) [ 0 3 4 2 14 17 12 16 13 21 ]


1863.38
(491.81 | -41.93) [ 0 5 7 15 11 21 ]
(320.46 | 281.44) [ 0 1 20 21 ]
(579.16 | 295.15) [ 0 3 4 2 14 17 12 16 13 21 ]
(391.95 | 317.33) [ 0 8 6 9 10 19 18 21 ]


1870.47
(667.88 | 157.71) [ 0 3 4 2 6 7 14 17 12 16 13 21 ]
(435.43 | 252.75) [ 0 1 15 11 21 ]
(368.64 | 310.10) [ 0 10 20 21 ]
(378.52 | 317.53) [ 0 8 5 9 19 18 21 ]


1905.29
(319.50 | 568.75) [ 0 2 20 21 ]
(429.10 | 197.44) [ 0 3 4 10 9 8 18 19 21 ]
(621.27 | 312.90) [ 0 6 5 7 13 16 12 17 14 21 ]
(435.43 | 300.37) [ 0 1 15 11 21 ]


1870.47
(368.64 | 327.07) [ 0 10 20 21 ]
(435.43 | 257.98) [ 0 1 15 11 21 ]
(667.88 | 279.08) [ 0 3 4 2 6 7 13 16 12 17 14 21 ]
(378.52 | 316.73) [ 0 8 5 9 19 18 21 ]


1863.38
(376.84 | 323.22) [ 0 5 7 20 21 ]
(435.43 | 327.33) [ 0 1 15 11 21 ]
(579.16 | 297.59) [ 0 3 4 2 14 17 12 16 13 21 ]
(391.95 | 306.84) [ 0 8 6 9 10 19 18 21 ]


1843.58
(388.97 | 285.69) [ 0 10 5 6 20 21 ]
(380.02 | 276.35) [ 0 9 7 8 18 19 21 ]
(435.43 | 304.72) [ 0 1 15 11 21 ]
(579.16 | 293.58) [ 0 3 4 2 14 17 12 16 13 21 ]


1854.26
(306.42 | 326.42) [ 0 3 20 21 ]
(673.89 | 244.66) [ 0 4 2 10 7 6 13 16 12 17 14 21 ]
(435.43 | 265.07) [ 0 1 15 11 21 ]
(378.52 | 300.58) [ 0 8 5 9 19 18 21 ]


1843.91
(377.34 | 322.84) [ 0 9 8 19 18 21 ]
(435.43 | 275.69) [ 0 1 15 11 21 ]
(391.99 | 297.14) [ 0 6 5 7 10 20 21 ]
(579.16 | 295.38) [ 0 3 4 2 14 17 12 16 13 21 ]


1854.26
(435.43 | 230.80) [ 0 1 15 11 21 ]
(306.42 | 273.21) [ 0 3 20 21 ]
(673.89 | 277.42) [ 0 6 7 10 2 4 13 16 12 17 14 21 ]
(378.52 | 331.66) [ 0 8 5 9 19 18 21 ]


1854.26
(673.89 | -5840.51) [ 0 6 7 10 2 4 13 16 12 17 14 21 ]
(435.43 | 278.77) [ 0 1 15 11 21 ]
(378.52 | 313.87) [ 0 9 5 8 18 19 21 ]
(306.42 | 280.20) [ 0 3 20 21 ]


1881.32
(664.84 | 177.30) [ 0 4 2 5 6 13 16 12 17 14 21 ]
(435.43 | 296.25) [ 0 1 15 11 21 ]
(394.63 | 302.82) [ 0 8 7 9 10 19 18 21 ]
(306.42 | 328.04) [ 0 3 20 21 ]


1843.58
(388.97 | 365.95) [ 0 10 5 6 20 21 ]
(435.43 | 260.34) [ 0 1 15 11 21 ]
(380.02 | 303.35) [ 0 8 7 9 19 18 21 ]
(579.16 | 299.23) [ 0 3 4 2 14 17 12 16 13 21 ]


1866.80
(673.36 | 150.39) [ 0 3 4 10 7 6 13 16 12 17 14 21 ]
(435.43 | 249.43) [ 0 1 15 11 21 ]
(319.50 | 308.35) [ 0 2 20 21 ]
(378.52 | 322.35) [ 0 9 5 8 19 18 21 ]


1902.78
(492.63 | 00.00) [ 0 8 7 15 11 21 ]
(321.52 | 281.50) [ 0 1 19 18 21 ]
(579.16 | 278.56) [ 0 3 4 2 14 17 12 16 13 21 ]
(389.47 | 301.19) [ 0 6 5 9 10 20 21 ]


1854.26
(306.42 | 294.19) [ 0 3 20 21 ]
(673.89 | 316.72) [ 0 4 2 10 7 6 13 16 12 17 14 21 ]
(435.43 | 299.61) [ 0 1 15 11 21 ]
(378.52 | 343.45) [ 0 9 5 8 18 19 21 ]


1893.72
(306.42 | 298.51) [ 0 3 20 21 ]
(435.43 | 269.71) [ 0 1 15 11 21 ]
(378.87 | 325.29) [ 0 9 5 7 19 18 21 ]
(673.00 | 288.46) [ 0 4 2 10 6 8 13 16 12 17 14 21 ]


1884.35
(491.61 | 00.00) [ 0 7 6 15 11 21 ]
(320.46 | 310.10) [ 0 1 20 21 ]
(579.16 | 230.07) [ 0 3 4 2 14 17 12 16 13 21 ]
(393.12 | 324.21) [ 0 8 5 9 10 19 18 21 ]


1863.38
(320.46 | 445.93) [ 0 1 20 21 ]
(491.81 | 188.40) [ 0 5 7 15 11 21 ]
(579.16 | 262.23) [ 0 3 4 2 14 17 12 16 13 21 ]
(391.95 | 317.33) [ 0 10 9 6 8 18 19 21 ]


1926.32
(426.13 | -1831.39) [ 0 5 10 4 3 20 21 ]
(435.43 | 219.29) [ 0 1 15 11 21 ]
(624.21 | 323.04) [ 0 8 7 6 9 13 16 12 17 14 21 ]
(320.56 | 316.67) [ 0 2 19 18 21 ]


1854.26
(306.42 | 326.42) [ 0 3 20 21 ]
(673.89 | 304.29) [ 0 4 2 10 7 6 14 17 12 16 13 21 ]
(435.43 | 302.98) [ 0 1 15 11 21 ]
(378.52 | 298.67) [ 0 8 5 9 19 18 21 ]


1863.38
(320.46 | 287.67) [ 0 1 20 21 ]
(491.81 | 306.51) [ 0 5 7 15 11 21 ]
(579.16 | 316.27) [ 0 3 4 2 14 17 12 16 13 21 ]
(391.95 | 322.74) [ 0 10 9 6 8 19 18 21 ]


1854.26
(435.43 | 202.48) [ 0 1 15 11 21 ]
(378.52 | 319.63) [ 0 9 5 8 18 19 21 ]
(673.89 | 295.31) [ 0 4 2 10 7 6 13 16 12 17 14 21 ]
(306.42 | 275.51) [ 0 3 20 21 ]


1854.26
(306.42 | 368.19) [ 0 3 20 21 ]
(378.52 | 298.45) [ 0 9 5 8 18 19 21 ]
(435.43 | 257.79) [ 0 1 15 11 21 ]
(673.89 | 304.33) [ 0 4 2 10 7 6 13 16 12 17 14 21 ]


1923.22
(431.80 | 429.49) [ 0 7 6 17 21 ]
(435.43 | 87.47) [ 0 1 15 11 21 ]
(393.12 | 300.00) [ 0 10 9 5 8 19 18 21 ]
(602.87 | 256.90) [ 0 3 4 2 20 14 12 16 13 21 ]


1854.26
(306.42 | 326.42) [ 0 3 20 21 ]
(435.43 | 198.87) [ 0 1 15 11 21 ]
(673.89 | 250.69) [ 0 4 2 10 7 6 13 16 12 17 14 21 ]
(378.52 | 327.87) [ 0 9 5 8 19 18 21 ]


1863.38
(391.95 | 224.16) [ 0 8 6 9 10 19 18 21 ]
(491.81 | 307.05) [ 0 7 5 11 15 21 ]
(579.16 | 273.56) [ 0 3 4 2 14 17 12 16 13 21 ]
(320.46 | 312.22) [ 0 1 20 21 ]


1870.47
(368.64 | 368.64) [ 0 10 20 21 ]
(435.43 | 309.43) [ 0 1 15 11 21 ]
(378.52 | 311.28) [ 0 9 5 8 18 19 21 ]
(667.88 | 294.52) [ 0 3 4 2 6 7 13 16 12 17 14 21 ]


1854.26
(306.42 | 326.42) [ 0 3 20 21 ]
(673.89 | 216.84) [ 0 4 2 10 7 6 14 17 12 16 13 21 ]
(435.43 | 281.30) [ 0 1 15 11 21 ]
(378.52 | 337.63) [ 0 9 5 8 19 18 21 ]


1854.26
(306.42 | 299.84) [ 0 3 20 21 ]
(435.43 | 289.74) [ 0 1 15 11 21 ]
(378.52 | 277.65) [ 0 8 5 9 19 18 21 ]
(673.89 | 292.38) [ 0 6 7 10 2 4 14 17 12 16 13 21 ]


1854.26
(306.42 | 326.42) [ 0 3 20 21 ]
(435.43 | 118.29) [ 0 1 15 11 21 ]
(673.89 | 213.84) [ 0 4 2 10 7 6 13 16 12 17 14 21 ]
(378.52 | 303.65) [ 0 8 5 9 18 19 21 ]


1894.35
(664.80 | 124.98) [ 0 3 4 5 6 14 17 12 16 13 21 ]
(435.43 | 284.06) [ 0 1 15 11 21 ]
(319.50 | 308.49) [ 0 2 20 21 ]
(394.63 | 328.48) [ 0 10 9 7 8 18 19 21 ]


1854.26
(306.42 | 326.42) [ 0 3 20 21 ]
(435.43 | 240.59) [ 0 1 15 11 21 ]
(378.52 | 272.75) [ 0 8 5 9 18 19 21 ]
(673.89 | 302.90) [ 0 4 2 10 7 6 13 16 12 17 14 21 ]


1854.26
(306.42 | 280.16) [ 0 3 20 21 ]
(435.43 | 280.16) [ 0 1 15 11 21 ]
(673.89 | 310.08) [ 0 4 2 10 7 6 13 16 12 17 14 21 ]
(378.52 | 288.86) [ 0 9 5 8 18 19 21 ]


1915.32
(606.76 | 00.00) [ 0 8 5 14 18 21 ]
(435.43 | 275.37) [ 0 1 15 11 21 ]
(483.19 | 268.37) [ 0 3 2 10 9 7 6 16 12 17 13 19 21 ]
(329.95 | 329.47) [ 0 4 20 21 ]


1854.26
(306.42 | 326.42) [ 0 3 20 21 ]
(435.43 | 163.19) [ 0 1 15 11 21 ]
(673.89 | 283.93) [ 0 4 2 10 7 6 13 16 12 17 14 21 ]
(378.52 | 325.65) [ 0 8 5 9 19 18 21 ]


1866.80
(673.36 | 105.81) [ 0 3 4 10 7 6 13 16 12 17 14 21 ]
(319.50 | 327.19) [ 0 2 20 21 ]
(435.43 | 282.11) [ 0 1 15 11 21 ]
(378.52 | 325.46) [ 0 8 5 9 19 18 21 ]


1948.14
(368.64 | 368.64) [ 0 10 20 21 ]
(472.81 | 582.69) [ 0 5 15 21 ]
(657.42 | 135.33) [ 0 1 4 2 3 13 12 14 11 21 ]
(449.27 | 331.11) [ 0 9 6 7 8 16 17 18 19 21 ]


1863.38
(435.43 | 191.41) [ 0 1 15 11 21 ]
(391.95 | 283.00) [ 0 8 6 9 10 19 18 21 ]
(376.84 | 263.67) [ 0 7 5 20 21 ]
(579.16 | 321.00) [ 0 3 4 2 14 17 12 16 13 21 ]


1948.14
(368.64 | 368.64) [ 0 10 20 21 ]
(472.81 | 472.81) [ 0 5 15 21 ]
(449.27 | -92.53) [ 0 9 6 7 8 16 17 18 19 21 ]
(657.42 | 251.10) [ 0 1 4 2 3 13 12 14 11 21 ]


1843.91
(377.34 | 321.59) [ 0 9 8 19 18 21 ]
(435.43 | 282.23) [ 0 1 15 11 21 ]
(579.16 | 293.22) [ 0 3 4 2 14 17 12 16 13 21 ]
(391.99 | 289.45) [ 0 6 5 7 10 20 21 ]


1913.03
(432.95 | -783.08) [ 0 1 10 7 20 21 ]
(421.39 | 329.96) [ 0 3 15 11 21 ]
(379.54 | 310.85) [ 0 8 5 6 9 19 18 21 ]
(579.16 | 311.74) [ 0 4 2 14 17 12 16 13 21 ]


1881.32
(306.42 | 306.42) [ 0 3 20 21 ]
(664.84 | 267.78) [ 0 4 2 5 6 14 17 12 16 13 21 ]
(435.43 | 308.70) [ 0 1 15 11 21 ]
(394.63 | 310.79) [ 0 8 7 9 10 19 18 21 ]


1883.31
(489.83 | 233.32) [ 0 6 5 9 15 11 21 ]
(392.81 | 318.24) [ 0 8 7 10 20 21 ]
(579.16 | 304.08) [ 0 3 4 2 14 17 12 16 13 21 ]
(321.52 | 299.12) [ 0 1 19 18 21 ]


1863.38
(320.46 | 384.60) [ 0 1 20 21 ]
(391.95 | 307.27) [ 0 10 9 6 8 19 18 21 ]
(491.81 | 308.05) [ 0 5 7 15 11 21 ]
(579.16 | 293.52) [ 0 3 4 2 14 17 12 16 13 21 ]


1854.26
(435.43 | 250.80) [ 0 1 15 11 21 ]
(378.52 | 215.58) [ 0 9 5 8 18 19 21 ]
(306.42 | 270.30) [ 0 3 20 21 ]
(673.89 | 303.71) [ 0 4 2 10 7 6 13 16 12 17 14 21 ]


1940.18
(369.79 | 511.55) [ 0 2 13 21 ]
(435.43 | -103.68) [ 0 1 15 11 21 ]
(696.45 | -71.26) [ 0 3 4 10 7 6 16 12 17 14 20 21 ]
(378.52 | 341.75) [ 0 8 5 9 19 18 21 ]


1863.11
(320.46 | 512.41) [ 0 1 20 21 ]
(394.63 | 293.16) [ 0 8 7 9 10 19 18 21 ]
(488.86 | 312.80) [ 0 6 5 11 15 21 ]
(579.16 | 299.12) [ 0 3 4 2 14 17 12 16 13 21 ]


1863.11
(320.46 | 422.16) [ 0 1 20 21 ]
(488.86 | 224.23) [ 0 5 6 15 11 21 ]
(394.63 | 298.46) [ 0 8 7 9 10 19 18 21 ]
(579.16 | 287.74) [ 0 3 4 2 14 17 12 16 13 21 ]


1962.88
(319.50 | 476.98) [ 0 2 20 21 ]
(664.33 | -2277.63) [ 0 5 9 4 3 19 14 12 21 ]
(463.63 | 330.94) [ 0 6 8 7 10 18 13 17 16 21 ]
(435.43 | 288.36) [ 0 1 15 11 21 ]


1854.26
(306.42 | 423.46) [ 0 3 20 21 ]
(435.43 | 283.05) [ 0 1 15 11 21 ]
(673.89 | 306.95) [ 0 4 2 10 7 6 14 17 12 16 13 21 ]
(378.52 | 319.36) [ 0 8 5 9 18 19 21 ]


1899.73
(622.36 | 177.44) [ 0 9 7 6 14 17 12 16 13 21 ]
(458.31 | 278.18) [ 0 1 4 2 11 15 21 ]
(307.48 | 299.40) [ 0 3 19 18 21 ]
(391.57 | 303.63) [ 0 8 5 10 20 21 ]


1863.38
(491.81 | 06.60) [ 0 5 7 15 11 21 ]
(320.46 | 263.25) [ 0 1 20 21 ]
(579.16 | 266.09) [ 0 3 4 2 14 17 12 16 13 21 ]
(391.95 | 301.12) [ 0 8 6 9 10 19 18 21 ]


1905.83
(368.64 | 368.64) [ 0 10 20 21 ]
(537.19 | -1329.00) [ 0 1 5 11 15 21 ]
(380.84 | 280.69) [ 0 8 7 6 9 18 19 21 ]
(579.16 | 319.14) [ 0 3 4 2 14 17 12 16 13 21 ]


1895.62
(621.27 | -181.44) [ 0 6 5 7 13 16 12 17 14 21 ]
(414.40 | 323.88) [ 0 2 10 9 8 18 19 21 ]
(306.42 | 297.28) [ 0 3 20 21 ]
(453.53 | 314.68) [ 0 1 4 11 15 21 ]


1854.26
(306.42 | 493.59) [ 0 3 20 21 ]
(435.43 | 105.44) [ 0 1 15 11 21 ]
(673.89 | 271.85) [ 0 4 2 10 7 6 14 17 12 16 13 21 ]
(378.52 | 331.88) [ 0 8 5 9 19 18 21 ]


1863.38
(320.46 | 298.99) [ 0 1 20 21 ]
(391.95 | 292.84) [ 0 8 6 9 10 19 18 21 ]
(491.81 | 304.84) [ 0 5 7 15 11 21 ]
(579.16 | 306.11) [ 0 3 4 2 14 17 12 16 13 21 ]


1866.80
(319.50 | 477.52) [ 0 2 20 21 ]
(673.36 | 141.26) [ 0 3 4 10 7 6 14 17 12 16 13 21 ]
(435.43 | 262.19) [ 0 1 15 11 21 ]
(378.52 | 314.25) [ 0 8 5 9 18 19 21 ]


1854.26
(306.42 | 441.59) [ 0 3 20 21 ]
(673.89 | 91.10) [ 0 4 2 10 7 6 13 16 12 17 14 21 ]
(378.52 | 310.90) [ 0 9 5 8 18 19 21 ]
(435.43 | 305.39) [ 0 1 11 15 21 ]


1864.40
(503.94 | 180.39) [ 0 10 5 11 15 21 ]
(380.84 | 326.57) [ 0 8 7 6 9 18 19 21 ]
(320.46 | 324.29) [ 0 1 20 21 ]
(579.16 | 320.02) [ 0 2 4 3 13 16 12 17 14 21 ]


1854.26
(435.43 | 63.44) [ 0 1 15 11 21 ]
(306.42 | 289.23) [ 0 3 20 21 ]
(673.89 | 309.30) [ 0 4 2 10 7 6 13 16 12 17 14 21 ]
(378.52 | 346.87) [ 0 9 5 8 18 19 21 ]


1843.58
(388.97 | -188.78) [ 0 10 5 6 20 21 ]
(380.02 | 323.37) [ 0 8 7 9 18 19 21 ]
(435.43 | 322.14) [ 0 1 15 11 21 ]
(579.16 | 260.65) [ 0 3 4 2 14 17 12 16 13 21 ]


1854.26
(435.43 | 244.79) [ 0 1 15 11 21 ]
(306.42 | 262.67) [ 0 3 20 21 ]
(673.89 | 281.79) [ 0 4 2 10 7 6 13 16 12 17 14 21 ]
(378.52 | 314.49) [ 0 8 5 9 19 18 21 ]


1863.11
(320.46 | 338.48) [ 0 1 20 21 ]
(488.86 | 260.35) [ 0 6 5 11 15 21 ]
(394.63 | 254.92) [ 0 8 7 9 10 19 18 21 ]
(579.16 | 283.83) [ 0 3 4 2 14 17 12 16 13 21 ]


1863.11
(320.46 | 507.55) [ 0 1 20 21 ]
(394.63 | 313.97) [ 0 8 7 9 10 18 19 21 ]
(488.86 | 295.32) [ 0 5 6 15 11 21 ]
(579.16 | 302.44) [ 0 3 4 2 14 17 12 16 13 21 ]


1854.26
(673.89 | 143.65) [ 0 6 7 10 2 4 13 16 12 17 14 21 ]
(378.52 | 314.53) [ 0 9 5 8 19 18 21 ]
(306.42 | 291.26) [ 0 3 20 21 ]
(435.43 | 288.12) [ 0 1 15 11 21 ]


1865.80
(435.43 | 262.21) [ 0 1 15 11 21 ]
(329.95 | 271.73) [ 0 4 20 21 ]
(378.52 | 298.53) [ 0 8 5 9 19 18 21 ]
(661.90 | 299.22) [ 0 6 7 10 2 3 14 17 12 16 13 21 ]


1877.68
(306.42 | 633.66) [ 0 3 20 21 ]
(587.77 | 191.23) [ 0 1 4 2 13 16 12 17 14 21 ]
(394.63 | 265.32) [ 0 8 7 9 10 19 18 21 ]
(488.86 | 349.68) [ 0 5 6 11 15 21 ]


1854.26
(435.43 | 269.65) [ 0 1 15 11 21 ]
(673.89 | 301.74) [ 0 4 2 10 7 6 13 16 12 17 14 21 ]
(306.42 | 303.37) [ 0 3 20 21 ]
(378.52 | 308.85) [ 0 9 5 8 18 19 21 ]


1854.26
(435.43 | -980.78) [ 0 1 15 11 21 ]
(673.89 | 212.33) [ 0 4 2 10 7 6 13 16 12 17 14 21 ]
(306.42 | 294.69) [ 0 3 20 21 ]
(378.52 | 312.00) [ 0 8 5 9 19 18 21 ]


1863.38
(320.46 | 364.94) [ 0 1 20 21 ]
(579.16 | 251.28) [ 0 3 4 2 14 17 12 16 13 21 ]
(491.81 | 315.22) [ 0 5 7 15 11 21 ]
(391.95 | 299.16) [ 0 8 6 9 10 19 18 21 ]


1862.36
(375.35 | 318.62) [ 0 6 8 19 18 21 ]
(435.43 | 367.81) [ 0 1 11 15 21 ]
(392.42 | 307.10) [ 0 7 5 9 10 20 21 ]
(579.16 | 240.77) [ 0 3 4 2 14 17 12 16 13 21 ]


1881.32
(306.42 | 326.42) [ 0 3 20 21 ]
(435.43 | 178.54) [ 0 1 15 11 21 ]
(664.84 | 260.21) [ 0 4 2 5 6 13 16 12 17 14 21 ]
(394.63 | 296.84) [ 0 8 7 9 10 19 18 21 ]


1854.26
(306.42 | 660.71) [ 0 3 20 21 ]
(673.89 | 233.75) [ 0 4 2 10 7 6 14 17 12 16 13 21 ]
(435.43 | 278.48) [ 0 1 15 11 21 ]
(378.52 | 307.69) [ 0 8 5 9 18 19 21 ]


1854.26
(673.89 | 226.71) [ 0 4 2 10 7 6 14 17 12 16 13 21 ]
(435.43 | 287.86) [ 0 1 15 11 21 ]
(378.52 | 315.43) [ 0 9 5 8 19 18 21 ]
(306.42 | 297.96) [ 0 3 20 21 ]


1845.77
(391.65 | 214.66) [ 0 10 7 20 21 ]
(379.54 | 266.64) [ 0 9 6 5 8 18 19 21 ]
(435.43 | 315.18) [ 0 1 15 11 21 ]
(579.16 | 291.05) [ 0 3 4 2 14 17 12 16 13 21 ]


1843.85
(435.43 | -1.67) [ 0 1 15 11 21 ]
(391.92 | 319.81) [ 0 10 5 7 20 21 ]
(579.16 | 212.50) [ 0 3 4 2 14 17 12 16 13 21 ]
(377.34 | 275.83) [ 0 9 6 8 19 18 21 ]


1884.49
(380.02 | 286.99) [ 0 8 7 9 18 19 21 ]
(659.10 | 249.75) [ 0 6 5 10 2 3 13 16 12 17 14 21 ]
(435.43 | 296.46) [ 0 1 15 11 21 ]
(329.95 | 297.61) [ 0 4 20 21 ]


1844.40
(388.97 | -82.46) [ 0 5 10 20 21 ]
(435.43 | 165.69) [ 0 1 15 11 21 ]
(380.84 | 81.08) [ 0 8 7 6 9 19 18 21 ]
(579.16 | 264.56) [ 0 3 4 2 14 17 12 16 13 21 ]


1866.80
(673.36 | -133.28) [ 0 3 4 10 7 6 13 16 12 17 14 21 ]
(319.50 | 294.96) [ 0 2 20 21 ]
(435.43 | 310.21) [ 0 1 15 11 21 ]
(378.52 | 309.57) [ 0 9 5 8 19 18 21 ]


1854.26
(306.42 | 326.42) [ 0 3 20 21 ]
(435.43 | 241.78) [ 0 1 15 11 21 ]
(378.52 | 321.98) [ 0 8 5 9 18 19 21 ]
(673.89 | 302.53) [ 0 4 2 10 7 6 13 16 12 17 14 21 ]


1926.41
(368.64 | 368.64) [ 0 10 20 21 ]
(540.09 | 193.68) [ 0 1 6 7 15 11 21 ]
(579.16 | 269.02) [ 0 3 4 2 14 17 12 16 13 21 ]
(378.52 | 305.86) [ 0 9 5 8 18 19 21 ]


1854.26
(306.42 | 283.81) [ 0 3 20 21 ]
(673.89 | 271.84) [ 0 4 2 10 7 6 13 16 12 17 14 21 ]
(435.43 | 284.82) [ 0 1 15 11 21 ]
(378.52 | 309.59) [ 0 8 5 9 18 19 21 ]


1854.26
(306.42 | 306.42) [ 0 3 20 21 ]
(435.43 | 212.59) [ 0 1 15 11 21 ]
(673.89 | 271.49) [ 0 6 7 10 2 4 13 16 12 17 14 21 ]
(378.52 | 291.02) [ 0 9 5 8 18 19 21 ]


1854.26
(306.42 | 326.42) [ 0 3 20 21 ]
(435.43 | 202.98) [ 0 1 15 11 21 ]
(673.89 | 303.22) [ 0 4 2 10 7 6 13 16 12 17 14 21 ]
(378.52 | 343.92) [ 0 9 5 8 18 19 21 ]


1913.03
(547.92 | 66.45) [ 0 7 10 1 15 11 21 ]
(306.42 | 227.60) [ 0 3 20 21 ]
(379.54 | 312.45) [ 0 9 6 5 8 19 18 21 ]
(579.16 | 340.25) [ 0 4 2 13 16 12 17 14 21 ]


1866.80
(319.50 | 293.76) [ 0 2 20 21 ]
(673.36 | 281.11) [ 0 3 4 10 7 6 14 17 12 16 13 21 ]
(435.43 | 305.20) [ 0 1 11 15 21 ]
(378.52 | 344.01) [ 0 8 5 9 19 18 21 ]


1893.72
(306.42 | 326.42) [ 0 3 20 21 ]
(435.43 | 237.37) [ 0 1 15 11 21 ]
(673.00 | 260.66) [ 0 4 2 10 6 8 13 16 12 17 14 21 ]
(378.87 | 316.81) [ 0 7 5 9 19 18 21 ]


1854.26
(306.42 | 300.69) [ 0 3 20 21 ]
(435.43 | 258.30) [ 0 1 15 11 21 ]
(378.52 | 340.89) [ 0 9 5 8 18 19 21 ]
(673.89 | 301.05) [ 0 4 2 10 7 6 13 16 12 17 14 21 ]


1894.26
(320.46 | 271.90) [ 0 1 20 21 ]
(492.42 | 131.25) [ 0 8 5 9 15 11 21 ]
(307.48 | 228.03) [ 0 3 19 18 21 ]
(673.89 | 326.64) [ 0 4 2 10 7 6 13 16 12 17 14 21 ]


1918.79
(306.42 | 275.73) [ 0 3 20 21 ]
(540.09 | 218.03) [ 0 1 6 7 15 11 21 ]
(393.12 | 265.53) [ 0 10 9 5 8 18 19 21 ]
(579.16 | 293.83) [ 0 4 2 13 16 12 17 14 21 ]


1854.26
(306.42 | 326.42) [ 0 3 20 21 ]
(435.43 | 64.45) [ 0 1 15 11 21 ]
(378.52 | 296.80) [ 0 9 5 8 19 18 21 ]
(673.89 | 306.49) [ 0 4 2 10 7 6 13 16 12 17 14 21 ]


