2186.92
(480.56 | -386.69) [ 0 1 2 14 11 21 ]
(487.02 | -3.72) [ 0 9 3 19 13 21 ]
(473.85 | 201.69) [ 0 4 8 12 18 21 ]
(705.50 | 204.98) [ 0 10 7 6 5 20 16 15 17 21 ]


2218.47
(499.68 | -237.79) [ 0 4 8 11 14 21 ]
(646.35 | -243.42) [ 0 10 7 6 5 20 16 17 21 ]
(525.43 | -407.16) [ 0 1 2 18 12 15 21 ]
(487.02 | -483.85) [ 0 9 3 13 19 21 ]


2227.86
(480.56 | -2307.82) [ 0 1 2 14 11 21 ]
(472.34 | -3216.74) [ 0 6 4 18 12 21 ]
(707.94 | -2440.28) [ 0 5 7 8 10 20 16 15 17 21 ]
(487.02 | -187.92) [ 0 3 9 13 19 21 ]


2257.75
(692.82 | -1947.78) [ 0 2 10 17 16 20 21 ]
(444.74 | -1437.35) [ 0 9 7 6 19 13 21 ]
(475.55 | 148.33) [ 0 1 3 11 14 21 ]
(544.64 | 154.65) [ 0 4 5 8 15 12 18 21 ]


2244.34
(537.33 | -1005.07) [ 0 10 8 5 18 12 15 21 ]
(498.47 | -286.70) [ 0 4 6 7 14 11 21 ]
(621.52 | -1005.35) [ 0 1 2 20 16 17 21 ]
(487.02 | -740.36) [ 0 3 9 13 19 21 ]


2253.44
(571.50 | -23301.15) [ 0 4 6 7 17 16 14 21 ]
(384.17 | -527.64) [ 0 10 9 19 13 21 ]
(611.20 | 23.06) [ 0 1 3 11 20 21 ]
(646.56 | 65.69) [ 0 2 8 5 18 12 15 21 ]


2335.04
(544.49 | -3100.84) [ 0 7 9 10 13 15 19 21 ]
(639.14 | -924.77) [ 0 6 4 20 16 17 21 ]
(475.55 | -284.92) [ 0 3 1 11 14 21 ]
(575.86 | 128.55) [ 0 2 8 5 18 12 21 ]


2238.43
(480.56 | -750.03) [ 0 1 2 14 11 21 ]
(544.64 | -780.92) [ 0 4 5 8 15 12 18 21 ]
(484.11 | -108.31) [ 0 3 10 19 13 21 ]
(649.13 | -48.27) [ 0 9 7 6 20 16 17 21 ]


2222.19
(542.80 | -1019.63) [ 0 2 8 18 12 21 ]
(498.18 | -478.82) [ 0 4 6 11 14 21 ]
(709.10 | -50.93) [ 0 5 7 9 10 20 16 15 17 21 ]
(412.12 | -70.30) [ 0 1 3 19 13 21 ]


2214.15
(500.42 | -8387.24) [ 0 4 9 10 14 11 21 ]
(698.80 | -3128.27) [ 0 5 7 6 20 16 15 17 21 ]
(412.12 | -115.21) [ 0 1 3 19 13 21 ]
(542.80 | 170.91) [ 0 8 2 12 18 21 ]


2186.92
(487.02 | -1783.03) [ 0 9 3 19 13 21 ]
(499.68 | -345.20) [ 0 8 4 11 14 21 ]
(705.50 | 98.41) [ 0 10 7 6 5 17 15 16 20 21 ]
(454.73 | -43.33) [ 0 1 2 18 12 21 ]


2218.47
(544.55 | -1975.89) [ 0 4 8 18 12 15 21 ]
(646.35 | -3331.92) [ 0 5 6 7 10 20 16 17 21 ]
(487.02 | -435.11) [ 0 3 9 13 19 21 ]
(480.56 | 56.08) [ 0 1 2 14 11 21 ]


2274.26
(475.55 | -1671.66) [ 0 3 1 11 14 21 ]
(707.72 | -1985.29) [ 0 8 7 4 20 16 15 17 21 ]
(526.03 | -124.50) [ 0 2 10 18 12 21 ]
(444.95 | -38.69) [ 0 5 6 9 19 13 21 ]


2367.57
(436.34 | -3104.86) [ 0 4 5 8 19 13 21 ]
(775.30 | -11943.84) [ 0 3 10 11 20 15 21 ]
(581.20 | -1663.75) [ 0 9 7 6 17 16 14 21 ]
(454.73 | 14.98) [ 0 1 2 12 18 21 ]


2228.09
(444.64 | -208.53) [ 0 9 6 13 19 21 ]
(705.10 | -2146.13) [ 0 10 5 7 4 20 16 15 17 21 ]
(475.55 | 06.27) [ 0 1 3 11 14 21 ]
(542.80 | 39.10) [ 0 2 8 12 18 21 ]


2238.15
(613.50 | -6131.50) [ 0 2 8 18 12 15 21 ]
(475.55 | -602.98) [ 0 3 1 11 14 21 ]
(429.67 | -560.61) [ 0 10 9 5 13 19 21 ]
(639.43 | -228.30) [ 0 4 6 7 17 16 20 21 ]


2294.26
(507.61 | -674.63) [ 0 4 7 8 14 11 21 ]
(526.03 | -538.81) [ 0 2 10 18 12 21 ]
(444.95 | -571.49) [ 0 5 6 9 13 19 21 ]
(675.66 | -423.38) [ 0 3 1 17 15 16 20 21 ]


2243.31
(651.42 | -4223.54) [ 0 2 5 4 15 12 18 21 ]
(396.91 | -316.66) [ 0 9 8 10 13 19 21 ]
(639.42 | 230.28) [ 0 7 6 17 16 20 21 ]
(475.55 | -14.21) [ 0 1 3 11 14 21 ]


2212.79
(498.47 | -2019.79) [ 0 4 6 7 14 11 21 ]
(454.73 | 83.86) [ 0 1 2 18 12 21 ]
(692.58 | 14.54) [ 0 5 8 10 20 16 15 17 21 ]
(487.02 | -0.76) [ 0 3 9 13 19 21 ]


2262.28
(508.76 | -2243.48) [ 0 10 9 7 14 11 21 ]
(412.12 | -198.66) [ 0 1 3 19 13 21 ]
(698.60 | -116.44) [ 0 5 6 4 20 16 15 17 21 ]
(542.80 | -140.77) [ 0 2 8 12 18 21 ]


2214.68
(507.61 | -2494.38) [ 0 8 7 4 14 11 21 ]
(487.02 | -1846.58) [ 0 9 3 13 19 21 ]
(705.33 | 98.72) [ 0 10 5 6 17 15 16 20 21 ]
(454.73 | 145.62) [ 0 1 2 18 12 21 ]


2186.92
(480.56 | -1767.33) [ 0 2 1 14 11 21 ]
(473.85 | -2042.16) [ 0 4 8 12 18 21 ]
(705.50 | 112.92) [ 0 5 6 7 10 20 16 15 17 21 ]
(487.02 | 217.89) [ 0 9 3 13 19 21 ]


2247.86
(482.00 | -3041.78) [ 0 5 7 8 10 18 12 21 ]
(480.56 | -3735.65) [ 0 1 2 11 14 21 ]
(698.29 | -4218.49) [ 0 4 6 20 16 15 17 21 ]
(487.02 | 31.14) [ 0 3 9 13 19 21 ]


2253.44
(571.50 | -4180.93) [ 0 7 6 4 17 16 14 21 ]
(384.17 | -2538.43) [ 0 9 10 19 13 21 ]
(611.20 | -69.68) [ 0 1 3 11 20 21 ]
(646.56 | -40.53) [ 0 5 8 2 15 12 18 21 ]


2347.60
(578.42 | -3546.95) [ 0 5 6 7 10 14 16 17 21 ]
(727.44 | -2434.78) [ 0 4 8 11 20 15 21 ]
(454.73 | 112.21) [ 0 1 2 12 18 21 ]
(487.02 | 88.29) [ 0 3 9 13 19 21 ]


2279.49
(552.47 | -1866.27) [ 0 7 8 10 18 12 15 21 ]
(621.52 | -917.85) [ 0 1 2 17 16 20 21 ]
(498.49 | 143.12) [ 0 5 6 4 14 11 21 ]
(487.02 | 98.95) [ 0 9 3 13 19 21 ]


2237.38
(525.43 | -2166.86) [ 0 1 2 18 12 15 21 ]
(649.01 | -1233.30) [ 0 8 7 6 17 16 20 21 ]
(495.92 | 132.56) [ 0 4 5 10 11 14 21 ]
(487.02 | 152.37) [ 0 3 9 13 19 21 ]


2245.83
(696.03 | -1423.56) [ 0 10 5 4 20 16 15 17 21 ]
(454.73 | -1442.71) [ 0 2 1 12 18 21 ]
(508.05 | -1311.51) [ 0 8 7 6 11 14 21 ]
(487.02 | 196.47) [ 0 9 3 13 19 21 ]


2244.07
(646.03 | -3975.66) [ 0 10 7 6 20 16 17 21 ]
(499.36 | -1423.91) [ 0 9 4 11 14 21 ]
(412.12 | 103.84) [ 0 1 3 13 19 21 ]
(646.56 | 40.74) [ 0 2 8 5 18 12 15 21 ]


2234.78
(504.64 | -1161.95) [ 0 4 7 10 14 11 21 ]
(708.40 | -6722.03) [ 0 5 6 8 20 16 15 17 21 ]
(454.73 | -166.32) [ 0 2 1 18 12 21 ]
(487.02 | 53.62) [ 0 3 9 13 19 21 ]


2237.38
(525.43 | -1469.95) [ 0 2 1 15 12 18 21 ]
(649.01 | 126.89) [ 0 6 7 8 20 16 17 21 ]
(495.92 | 139.15) [ 0 10 5 4 11 14 21 ]
(487.02 | 77.05) [ 0 9 3 13 19 21 ]


2218.47
(646.35 | -3500.74) [ 0 5 6 7 10 20 16 17 21 ]
(544.55 | -1908.34) [ 0 8 4 18 12 15 21 ]
(480.56 | -587.98) [ 0 2 1 14 11 21 ]
(487.02 | 62.66) [ 0 3 9 13 19 21 ]


2245.70
(639.65 | -741.12) [ 0 5 7 6 17 16 20 21 ]
(500.42 | -945.91) [ 0 10 9 4 14 11 21 ]
(613.50 | -787.49) [ 0 2 8 15 12 18 21 ]
(412.12 | -49.63) [ 0 1 3 19 13 21 ]


2218.58
(412.12 | -3.01) [ 0 3 1 13 19 21 ]
(705.50 | -127.59) [ 0 10 7 6 5 17 15 16 20 21 ]
(606.47 | -38.85) [ 0 2 4 11 14 21 ]
(434.49 | 76.88) [ 0 9 8 12 18 21 ]


2359.58
(506.17 | 00.00) [ 0 8 9 10 13 15 18 21 ]
(481.16 | -3905.06) [ 0 5 7 4 19 12 21 ]
(475.55 | -414.97) [ 0 1 3 11 14 21 ]
(756.70 | -301.28) [ 0 2 6 17 16 20 21 ]


2186.96
(480.56 | -3433.76) [ 0 2 1 14 11 21 ]
(473.85 | -1129.59) [ 0 4 8 12 18 21 ]
(705.54 | -523.25) [ 0 6 7 5 10 20 16 15 17 21 ]
(487.02 | 92.23) [ 0 3 9 13 19 21 ]


2246.72
(473.94 | -694.88) [ 0 8 5 4 18 12 21 ]
(646.03 | -589.73) [ 0 10 7 6 20 16 17 21 ]
(586.19 | -190.18) [ 0 9 3 13 15 19 21 ]
(480.56 | 46.56) [ 0 1 2 14 11 21 ]


2293.01
(498.03 | -204.45) [ 0 4 7 11 14 21 ]
(601.30 | -4448.98) [ 0 10 8 9 20 16 17 21 ]
(548.25 | -179.64) [ 0 6 5 3 19 13 21 ]
(525.43 | 90.89) [ 0 1 2 18 12 15 21 ]


2186.92
(499.68 | -2804.80) [ 0 4 8 11 14 21 ]
(705.50 | -6301.76) [ 0 10 7 6 5 17 15 16 20 21 ]
(487.02 | 66.96) [ 0 9 3 13 19 21 ]
(454.73 | 94.57) [ 0 1 2 12 18 21 ]


2314.30
(543.47 | -4171.52) [ 0 9 7 4 13 15 19 21 ]
(649.25 | -1173.60) [ 0 8 6 5 17 16 20 21 ]
(475.55 | -495.26) [ 0 1 3 11 14 21 ]
(526.03 | 62.46) [ 0 2 10 12 18 21 ]


2243.31
(639.42 | -706.79) [ 0 7 6 17 16 20 21 ]
(475.55 | -569.68) [ 0 1 3 11 14 21 ]
(396.91 | -513.28) [ 0 9 8 10 13 19 21 ]
(651.42 | 105.43) [ 0 2 5 4 15 12 18 21 ]


2245.38
(498.47 | -381.63) [ 0 4 6 7 11 14 21 ]
(396.89 | -179.26) [ 0 9 8 19 13 21 ]
(795.29 | -384.82) [ 0 3 10 5 20 16 15 17 21 ]
(454.73 | 76.27) [ 0 1 2 18 12 21 ]


2186.92
(473.85 | -3490.09) [ 0 4 8 12 18 21 ]
(480.56 | -17.66) [ 0 1 2 14 11 21 ]
(705.50 | 33.20) [ 0 5 6 7 10 20 16 15 17 21 ]
(487.02 | 128.67) [ 0 3 9 13 19 21 ]


2245.70
(412.12 | -1522.52) [ 0 1 3 19 13 21 ]
(639.65 | -2068.52) [ 0 5 7 6 17 16 20 21 ]
(613.50 | -355.65) [ 0 2 8 18 12 15 21 ]
(500.42 | -29.90) [ 0 4 9 10 14 11 21 ]


2257.91
(484.11 | 00.00) [ 0 10 3 19 13 21 ]
(649.01 | -8486.00) [ 0 6 7 8 20 16 17 21 ]
(525.43 | -4176.65) [ 0 1 2 15 12 18 21 ]
(499.37 | 116.40) [ 0 9 5 4 11 14 21 ]


2237.38
(495.92 | -2202.50) [ 0 10 5 4 14 11 21 ]
(649.01 | -16345.06) [ 0 8 7 6 20 16 17 21 ]
(487.02 | -15862.72) [ 0 3 9 13 19 21 ]
(525.43 | 78.75) [ 0 1 2 15 12 18 21 ]


2218.47
(525.43 | -12796.48) [ 0 1 2 18 12 15 21 ]
(499.68 | -2092.44) [ 0 8 4 11 14 21 ]
(646.35 | -121.02) [ 0 10 7 6 5 20 16 17 21 ]
(487.02 | 37.57) [ 0 3 9 13 19 21 ]


2261.52
(548.08 | -2983.79) [ 0 6 3 19 13 21 ]
(698.37 | -835.00) [ 0 5 7 4 20 16 15 17 21 ]
(434.51 | -2080.50) [ 0 10 8 9 18 12 21 ]
(480.56 | 79.20) [ 0 1 2 14 11 21 ]


2263.31
(639.42 | -1657.00) [ 0 7 6 17 16 20 21 ]
(412.12 | -2171.09) [ 0 3 1 19 13 21 ]
(460.34 | -2406.96) [ 0 10 8 9 14 11 21 ]
(651.42 | 97.44) [ 0 2 5 4 18 12 15 21 ]


2186.92
(480.56 | -2542.34) [ 0 2 1 14 11 21 ]
(473.85 | -2797.13) [ 0 4 8 12 18 21 ]
(487.02 | 67.65) [ 0 3 9 13 19 21 ]
(705.50 | 48.14) [ 0 10 7 6 5 20 16 15 17 21 ]


2342.36
(751.11 | -2454.68) [ 0 9 2 20 15 12 21 ]
(498.47 | -601.78) [ 0 7 6 4 11 14 21 ]
(496.91 | -767.97) [ 0 1 3 16 13 21 ]
(475.87 | 206.33) [ 0 5 8 10 17 19 18 21 ]


2218.51
(499.68 | -227.47) [ 0 4 8 11 14 21 ]
(525.43 | -1830.41) [ 0 2 1 15 12 18 21 ]
(487.02 | -244.08) [ 0 3 9 13 19 21 ]
(646.38 | -176.74) [ 0 6 7 5 10 20 16 17 21 ]


2214.82
(482.14 | -276.52) [ 0 6 8 12 18 21 ]
(487.02 | -304.95) [ 0 9 3 13 19 21 ]
(480.56 | -4.84) [ 0 1 2 14 11 21 ]
(705.10 | -56.02) [ 0 4 7 5 10 20 16 15 17 21 ]


2218.25
(525.43 | -3269.96) [ 0 2 1 18 12 15 21 ]
(499.77 | -3.18) [ 0 8 5 4 14 11 21 ]
(646.03 | -523.46) [ 0 6 7 10 20 16 17 21 ]
(487.02 | -476.12) [ 0 3 9 13 19 21 ]


2186.92
(705.50 | -1415.24) [ 0 10 7 6 5 20 16 15 17 21 ]
(473.85 | -1606.96) [ 0 4 8 12 18 21 ]
(487.02 | -37.77) [ 0 9 3 13 19 21 ]
(480.56 | 130.56) [ 0 1 2 14 11 21 ]


2242.28
(412.12 | -410.49) [ 0 1 3 19 13 21 ]
(542.80 | -254.60) [ 0 2 8 12 18 21 ]
(708.87 | -205.85) [ 0 7 9 10 20 16 15 17 21 ]
(498.49 | 114.82) [ 0 4 6 5 14 11 21 ]


2214.15
(412.12 | -2056.58) [ 0 1 3 19 13 21 ]
(698.80 | -851.06) [ 0 5 7 6 17 15 16 20 21 ]
(500.42 | -329.06) [ 0 4 9 10 14 11 21 ]
(542.80 | -177.71) [ 0 2 8 18 12 21 ]


2207.86
(454.73 | -2088.36) [ 0 1 2 18 12 21 ]
(487.02 | -1959.27) [ 0 3 9 13 19 21 ]
(707.94 | -11672.04) [ 0 5 7 8 10 20 16 15 17 21 ]
(498.18 | 214.94) [ 0 6 4 11 14 21 ]


2186.96
(473.85 | -2571.69) [ 0 4 8 12 18 21 ]
(480.56 | -625.60) [ 0 2 1 14 11 21 ]
(705.54 | -614.47) [ 0 6 7 5 10 20 16 15 17 21 ]
(487.02 | -28.40) [ 0 3 9 13 19 21 ]


2214.15
(542.80 | -1846.09) [ 0 8 2 18 12 21 ]
(698.80 | -2135.05) [ 0 6 7 5 17 15 16 20 21 ]
(500.42 | 224.24) [ 0 10 9 4 14 11 21 ]
(412.12 | -17.31) [ 0 1 3 19 13 21 ]


2186.92
(487.02 | 00.00) [ 0 9 3 13 19 21 ]
(480.56 | -2800.69) [ 0 1 2 14 11 21 ]
(473.85 | -2983.15) [ 0 4 8 12 18 21 ]
(705.50 | -107.03) [ 0 5 6 7 10 20 16 15 17 21 ]


2361.42
(398.94 | -1767.05) [ 0 1 3 13 17 21 ]
(742.50 | -2467.94) [ 0 10 2 20 18 19 21 ]
(600.21 | -2873.45) [ 0 9 7 6 16 15 12 21 ]
(499.77 | 38.37) [ 0 8 5 4 14 11 21 ]


2238.43
(484.11 | -1404.99) [ 0 10 3 19 13 21 ]
(480.56 | -1946.95) [ 0 2 1 14 11 21 ]
(649.13 | -2104.04) [ 0 9 7 6 20 16 17 21 ]
(544.64 | -272.33) [ 0 8 5 4 15 12 18 21 ]


2241.66
(488.43 | -6279.18) [ 0 10 2 13 19 21 ]
(475.55 | -186.95) [ 0 1 3 11 14 21 ]
(639.43 | -501.48) [ 0 7 6 4 20 16 17 21 ]
(538.24 | -35.63) [ 0 9 8 5 18 12 15 21 ]


2212.79
(498.47 | -6078.31) [ 0 4 6 7 14 11 21 ]
(692.58 | -3290.27) [ 0 5 8 10 20 16 15 17 21 ]
(454.73 | -89.97) [ 0 1 2 18 12 21 ]
(487.02 | 54.09) [ 0 3 9 13 19 21 ]


2218.51
(499.68 | -2638.28) [ 0 4 8 11 14 21 ]
(525.43 | -1272.48) [ 0 1 2 15 12 18 21 ]
(646.38 | -234.02) [ 0 6 7 5 10 20 16 17 21 ]
(487.02 | -130.56) [ 0 3 9 13 19 21 ]


2218.51
(646.38 | -3294.68) [ 0 6 7 5 10 17 16 20 21 ]
(525.43 | -939.76) [ 0 2 1 18 12 15 21 ]
(487.02 | -3020.69) [ 0 3 9 13 19 21 ]
(499.68 | -3594.77) [ 0 4 8 14 11 21 ]


2212.79
(466.63 | -759.24) [ 0 10 8 5 12 18 21 ]
(487.02 | 02.01) [ 0 9 3 19 13 21 ]
(480.56 | -334.77) [ 0 1 2 14 11 21 ]
(698.58 | 48.89) [ 0 4 6 7 20 16 15 17 21 ]


2236.78
(639.43 | -1210.45) [ 0 7 6 4 20 16 17 21 ]
(504.28 | -1629.92) [ 0 8 10 18 12 15 21 ]
(480.56 | 150.29) [ 0 1 2 14 11 21 ]
(532.51 | 184.05) [ 0 3 9 5 13 19 21 ]


2245.17
(498.18 | -934.83) [ 0 4 6 11 14 21 ]
(412.12 | 140.17) [ 0 1 3 13 19 21 ]
(708.85 | -26.28) [ 0 5 7 8 9 20 16 15 17 21 ]
(526.03 | 93.85) [ 0 10 2 12 18 21 ]


2186.92
(473.85 | -2013.64) [ 0 4 8 12 18 21 ]
(487.02 | -7202.00) [ 0 9 3 13 19 21 ]
(705.50 | 27.98) [ 0 10 7 6 5 20 16 15 17 21 ]
(480.56 | 58.82) [ 0 1 2 14 11 21 ]


2281.00
(552.92 | -3032.66) [ 0 6 7 8 15 12 18 21 ]
(588.57 | -2051.41) [ 0 9 10 20 16 17 21 ]
(480.56 | -2160.12) [ 0 2 1 14 11 21 ]
(538.96 | 189.85) [ 0 3 5 4 13 19 21 ]


2186.92
(487.02 | -82.02) [ 0 3 9 13 19 21 ]
(454.73 | 130.77) [ 0 1 2 18 12 21 ]
(499.68 | 72.55) [ 0 8 4 11 14 21 ]
(705.50 | 11.98) [ 0 5 6 7 10 20 16 15 17 21 ]


2263.42
(481.92 | -3734.16) [ 0 8 4 13 18 21 ]
(475.55 | -563.45) [ 0 1 3 11 14 21 ]
(646.38 | -39.22) [ 0 6 7 5 10 20 16 17 21 ]
(599.57 | 187.86) [ 0 2 9 19 15 12 21 ]


2279.49
(507.60 | -4993.64) [ 0 10 8 7 14 11 21 ]
(525.43 | -669.40) [ 0 1 2 18 12 15 21 ]
(639.45 | 128.00) [ 0 4 6 5 17 16 20 21 ]
(487.02 | -23.29) [ 0 3 9 13 19 21 ]


2277.38
(508.05 | -4992.97) [ 0 8 7 6 11 14 21 ]
(636.88 | -4074.52) [ 0 10 5 4 20 16 17 21 ]
(525.43 | -634.67) [ 0 1 2 15 12 18 21 ]
(487.02 | 22.92) [ 0 3 9 13 19 21 ]


2254.26
(526.03 | -2064.21) [ 0 2 10 12 18 21 ]
(412.12 | 109.73) [ 0 1 3 13 19 21 ]
(708.49 | 99.65) [ 0 9 6 5 20 16 15 17 21 ]
(507.61 | 151.64) [ 0 4 7 8 14 11 21 ]


2257.75
(596.73 | -3157.38) [ 0 10 2 18 12 15 21 ]
(412.12 | -8652.20) [ 0 1 3 13 19 21 ]
(499.77 | 07.77) [ 0 8 5 4 11 14 21 ]
(649.13 | -32.27) [ 0 9 7 6 17 16 20 21 ]


2334.06
(534.53 | -612.40) [ 0 5 7 6 17 15 13 21 ]
(654.05 | -94.69) [ 0 4 9 10 19 20 14 21 ]
(562.68 | -1793.77) [ 0 3 1 16 11 21 ]
(542.80 | -92.80) [ 0 2 8 12 18 21 ]


2230.11
(698.58 | -6638.28) [ 0 4 6 7 20 16 15 17 21 ]
(526.03 | -886.46) [ 0 2 10 18 12 21 ]
(475.55 | 66.97) [ 0 1 3 11 14 21 ]
(429.94 | 48.80) [ 0 9 8 5 19 13 21 ]


2260.62
(434.51 | -1018.85) [ 0 10 8 9 18 12 21 ]
(815.96 | -1069.73) [ 0 6 5 2 20 16 15 17 21 ]
(498.03 | 190.78) [ 0 7 4 11 14 21 ]
(412.12 | 05.12) [ 0 3 1 19 13 21 ]


2214.68
(705.33 | -1134.01) [ 0 6 5 10 20 16 15 17 21 ]
(487.02 | -109.12) [ 0 3 9 13 19 21 ]
(507.61 | -129.07) [ 0 8 7 4 14 11 21 ]
(454.73 | 34.95) [ 0 1 2 12 18 21 ]


2321.04
(487.02 | -2989.48) [ 0 9 3 19 13 21 ]
(499.68 | -2935.89) [ 0 8 4 11 14 21 ]
(676.68 | -2904.83) [ 0 2 1 20 15 12 21 ]
(577.66 | -3872.29) [ 0 10 7 6 5 16 18 17 21 ]


2239.49
(480.56 | -1442.49) [ 0 1 2 14 11 21 ]
(487.02 | -1092.45) [ 0 3 9 13 19 21 ]
(648.56 | 14.92) [ 0 10 8 7 20 16 17 21 ]
(543.36 | 153.61) [ 0 5 6 4 18 12 15 21 ]


2229.89
(475.55 | -5505.55) [ 0 1 3 11 14 21 ]
(396.89 | -3627.55) [ 0 8 9 19 13 21 ]
(646.03 | -987.11) [ 0 10 7 6 20 16 17 21 ]
(651.42 | 175.99) [ 0 2 5 4 18 12 15 21 ]


2206.70
(454.73 | -998.84) [ 0 1 2 18 12 21 ]
(705.19 | -3515.36) [ 0 10 7 6 20 16 15 17 21 ]
(499.77 | 171.98) [ 0 4 5 8 14 11 21 ]
(487.02 | 125.08) [ 0 9 3 13 19 21 ]


2311.07
(675.28 | -1593.76) [ 0 5 7 6 11 16 15 21 ]
(542.80 | -859.33) [ 0 2 8 18 12 21 ]
(654.05 | -1145.89) [ 0 10 9 4 19 20 14 21 ]
(398.94 | 173.77) [ 0 1 3 13 17 21 ]


2279.47
(646.35 | -8564.36) [ 0 10 7 6 5 17 16 20 21 ]
(638.07 | -642.60) [ 0 3 4 13 15 19 21 ]
(434.49 | -144.12) [ 0 9 8 18 12 21 ]
(480.56 | -225.06) [ 0 1 2 14 11 21 ]


2260.74
(698.37 | -3295.77) [ 0 5 7 4 20 16 15 17 21 ]
(396.91 | -1404.38) [ 0 10 8 9 13 19 21 ]
(475.55 | -1184.46) [ 0 3 1 11 14 21 ]
(589.91 | -1939.55) [ 0 6 2 12 18 21 ]


2227.95
(481.77 | -951.69) [ 0 10 8 7 18 12 21 ]
(698.60 | -1396.25) [ 0 5 6 4 20 16 15 17 21 ]
(480.56 | -722.98) [ 0 1 2 14 11 21 ]
(487.02 | 62.34) [ 0 3 9 13 19 21 ]


2198.25
(544.64 | -1679.18) [ 0 8 5 4 18 12 15 21 ]
(646.03 | -3424.15) [ 0 6 7 10 20 16 17 21 ]
(487.02 | -371.66) [ 0 3 9 13 19 21 ]
(480.56 | 77.91) [ 0 1 2 14 11 21 ]


2226.60
(498.47 | -8993.47) [ 0 4 6 7 14 11 21 ]
(412.12 | -4514.53) [ 0 1 3 19 13 21 ]
(693.21 | -1725.23) [ 0 10 9 5 17 15 16 20 21 ]
(542.80 | -591.67) [ 0 2 8 18 12 21 ]


2231.90
(434.51 | -2383.98) [ 0 10 8 9 18 12 21 ]
(606.47 | -1682.62) [ 0 2 4 14 11 21 ]
(698.80 | -1070.37) [ 0 5 7 6 17 15 16 20 21 ]
(412.12 | -12656.47) [ 0 1 3 19 13 21 ]


2266.33
(504.64 | -10469.19) [ 0 10 7 4 14 11 21 ]
(487.02 | -45.94) [ 0 9 3 13 19 21 ]
(649.25 | 203.28) [ 0 5 6 8 20 16 17 21 ]
(525.43 | 181.40) [ 0 1 2 15 12 18 21 ]


2225.83
(482.22 | -1380.16) [ 0 8 7 6 18 12 21 ]
(696.03 | 31.18) [ 0 4 5 10 20 16 15 17 21 ]
(480.56 | 73.81) [ 0 1 2 14 11 21 ]
(487.02 | -55.83) [ 0 3 9 13 19 21 ]


2245.83
(508.05 | -2363.37) [ 0 8 7 6 11 14 21 ]
(696.03 | -2525.11) [ 0 10 5 4 20 16 15 17 21 ]
(454.73 | -7.75) [ 0 1 2 18 12 21 ]
(487.02 | -1.94) [ 0 3 9 13 19 21 ]


2289.01
(552.48 | -1052.20) [ 0 4 7 8 18 12 15 21 ]
(384.17 | -1408.77) [ 0 10 9 19 13 21 ]
(475.55 | -2768.47) [ 0 1 3 11 14 21 ]
(756.81 | -100.03) [ 0 6 5 2 20 16 17 21 ]


2247.95
(480.56 | -1379.70) [ 0 2 1 14 11 21 ]
(707.71 | -276.67) [ 0 10 8 7 20 16 15 17 21 ]
(487.02 | -27.90) [ 0 9 3 13 19 21 ]
(472.66 | -47.44) [ 0 5 6 4 12 18 21 ]


2239.49
(475.55 | -1221.82) [ 0 1 3 11 14 21 ]
(646.03 | -4709.59) [ 0 10 7 6 20 16 17 21 ]
(542.80 | -3480.06) [ 0 8 2 18 12 21 ]
(535.10 | -394.10) [ 0 9 5 4 13 15 19 21 ]


2255.35
(482.14 | 00.00) [ 0 6 8 18 12 21 ]
(480.56 | -835.45) [ 0 1 2 14 11 21 ]
(708.54 | 85.87) [ 0 9 5 7 4 17 15 16 20 21 ]
(484.11 | 81.67) [ 0 3 10 13 19 21 ]


2186.92
(473.85 | -3674.90) [ 0 4 8 12 18 21 ]
(480.56 | 24.60) [ 0 1 2 14 11 21 ]
(487.02 | 27.40) [ 0 3 9 13 19 21 ]
(705.50 | -121.78) [ 0 5 6 7 10 20 16 15 17 21 ]


