3955.37
(381.18 | 401.18) [ 0 16 26 51 ]
(371.30 | -738.79) [ 0 23 25 50 48 51 ]
(468.02 | 166.97) [ 0 22 19 20 5 11 30 44 36 45 47 51 ]
(439.53 | 234.24) [ 0 24 12 7 8 28 33 40 49 51 ]
(463.93 | 250.72) [ 0 6 14 18 39 31 27 51 ]
(280.36 | 252.20) [ 0 21 15 9 46 34 51 ]
(436.49 | 254.47) [ 0 10 17 13 35 38 51 ]
(573.44 | 250.83) [ 0 2 4 3 43 32 29 42 51 ]
(361.14 | 255.95) [ 0 1 37 41 51 ]


3951.22
(375.47 | 395.47) [ 0 25 26 51 ]
(463.19 | -686.23) [ 0 2 4 3 33 31 27 28 51 ]
(285.87 | 118.73) [ 0 9 16 21 34 46 51 ]
(364.11 | 247.39) [ 0 1 50 48 51 ]
(461.43 | 232.71) [ 0 13 17 10 42 38 35 51 ]
(468.02 | 209.24) [ 0 22 19 20 5 11 47 45 36 44 30 51 ]
(382.63 | 246.03) [ 0 15 12 40 37 51 ]
(576.03 | 258.78) [ 0 8 6 7 18 29 32 43 51 ]
(434.46 | 260.75) [ 0 23 14 24 39 49 41 51 ]


4039.56
(394.04 | 394.04) [ 0 6 26 51 ]
(564.48 | -739.09) [ 0 3 2 25 8 50 27 33 28 51 ]
(434.97 | 175.97) [ 0 24 10 14 17 49 39 31 51 ]
(410.66 | 217.73) [ 0 13 35 38 51 ]
(280.36 | 238.81) [ 0 9 15 21 46 34 51 ]
(389.24 | 252.11) [ 0 18 23 48 40 51 ]
(559.04 | 249.26) [ 0 4 1 43 32 29 42 51 ]
(471.23 | 247.39) [ 0 5 7 20 11 22 47 45 36 44 30 51 ]
(375.54 | 238.32) [ 0 12 19 16 37 41 51 ]


3950.88
(277.17 | 277.17) [ 0 21 46 51 ]
(380.50 | 686.91) [ 0 1 26 51 ]
(467.67 | 96.35) [ 0 3 4 2 28 27 39 49 51 ]
(555.22 | 194.82) [ 0 22 14 12 9 43 32 29 34 51 ]
(461.43 | 210.64) [ 0 13 17 10 35 38 42 51 ]
(474.57 | 164.10) [ 0 19 20 7 5 11 47 45 36 44 30 51 ]
(377.85 | 259.03) [ 0 18 16 24 37 41 51 ]
(371.30 | 229.46) [ 0 25 23 50 48 51 ]
(445.18 | 242.26) [ 0 8 6 15 40 31 33 51 ]


3924.05
(405.34 | 425.34) [ 0 4 26 51 ]
(371.27 | 224.43) [ 0 16 15 40 41 51 ]
(451.60 | 221.93) [ 0 8 12 14 37 49 39 51 ]
(459.39 | 248.28) [ 0 1 3 2 33 31 27 28 51 ]
(468.02 | 176.22) [ 0 22 19 20 5 11 30 44 36 45 47 51 ]
(280.62 | 223.14) [ 0 21 24 9 46 34 51 ]
(371.30 | 232.55) [ 0 23 25 50 48 51 ]
(436.49 | 238.17) [ 0 13 10 38 35 51 ]
(580.04 | 231.54) [ 0 17 18 7 6 43 32 29 42 51 ]


3910.74
(405.34 | 524.66) [ 0 4 26 51 ]
(459.39 | 145.79) [ 0 1 3 2 33 31 27 28 51 ]
(281.73 | 169.09) [ 0 9 25 21 34 46 51 ]
(375.46 | 186.07) [ 0 16 12 41 37 51 ]
(432.72 | 245.52) [ 0 15 24 14 49 40 39 51 ]
(468.02 | 240.67) [ 0 22 19 20 5 11 47 45 36 44 30 51 ]
(372.27 | 256.57) [ 0 18 23 48 50 51 ]
(436.49 | 254.92) [ 0 13 10 38 35 51 ]
(559.33 | 257.77) [ 0 17 7 6 8 43 32 29 42 51 ]


3974.41
(354.58 | 354.58) [ 0 13 26 51 ]
(283.68 | 566.36) [ 0 1 46 51 ]
(606.48 | -654.28) [ 0 2 4 3 43 32 29 47 51 ]
(477.90 | 208.30) [ 0 17 19 20 5 11 42 36 45 44 30 51 ]
(394.39 | 230.45) [ 0 12 23 37 48 51 ]
(440.34 | 226.42) [ 0 15 14 18 40 39 27 51 ]
(359.82 | 194.71) [ 0 25 16 41 50 51 ]
(445.67 | 228.59) [ 0 22 21 10 9 35 38 34 51 ]
(451.54 | 224.51) [ 0 24 7 6 8 28 33 31 49 51 ]


3954.03
(277.17 | 277.17) [ 0 21 46 51 ]
(463.19 | -649.29) [ 0 3 4 2 28 27 31 33 51 ]
(361.96 | -110.81) [ 0 13 16 37 41 51 ]
(402.73 | 185.86) [ 0 10 19 12 5 30 44 26 51 ]
(436.58 | 232.57) [ 0 1 35 38 51 ]
(484.05 | 187.49) [ 0 22 17 9 20 11 34 42 36 45 47 51 ]
(576.03 | 238.41) [ 0 8 6 7 18 43 32 29 51 ]
(445.00 | 243.99) [ 0 23 14 24 48 49 39 51 ]
(367.32 | 244.59) [ 0 25 15 50 40 51 ]


3935.64
(409.45 | 222.02) [ 0 2 26 51 ]
(281.73 | 27.50) [ 0 21 25 9 46 34 51 ]
(375.46 | 191.01) [ 0 16 12 37 41 51 ]
(410.66 | 225.49) [ 0 13 38 35 51 ]
(445.18 | 267.28) [ 0 15 6 8 40 31 33 51 ]
(468.02 | 214.25) [ 0 22 19 20 5 11 30 44 36 45 47 51 ]
(440.03 | 255.34) [ 0 24 14 23 28 27 39 49 51 ]
(575.86 | 249.80) [ 0 7 10 18 17 43 32 29 42 51 ]
(389.26 | 260.08) [ 0 1 4 3 50 48 51 ]


3958.06
(367.32 | -3233.27) [ 0 25 15 40 50 51 ]
(579.42 | 21.13) [ 0 17 18 20 7 9 43 32 29 42 51 ]
(463.19 | 241.00) [ 0 2 4 3 33 31 27 28 51 ]
(444.06 | 215.26) [ 0 22 21 10 19 46 44 45 47 51 ]
(445.00 | 177.79) [ 0 24 14 23 39 49 48 51 ]
(276.60 | 274.84) [ 0 1 34 51 ]
(410.66 | 270.22) [ 0 13 38 35 51 ]
(375.46 | 247.09) [ 0 16 12 41 37 51 ]
(456.36 | 252.85) [ 0 8 6 5 11 36 26 30 51 ]


3872.77
(380.50 | 492.57) [ 0 1 26 51 ]
(432.72 | 146.29) [ 0 14 24 15 39 40 49 51 ]
(463.19 | 227.25) [ 0 3 4 2 33 31 27 28 51 ]
(281.73 | 225.84) [ 0 21 25 9 46 34 51 ]
(372.27 | 262.62) [ 0 23 18 48 50 51 ]
(436.49 | 258.29) [ 0 13 10 38 35 51 ]
(375.46 | 253.85) [ 0 16 12 37 41 51 ]
(559.33 | 258.82) [ 0 8 6 7 17 43 32 29 42 51 ]
(471.09 | 261.51) [ 0 22 11 5 20 19 47 45 36 44 30 51 ]


3931.09
(405.34 | 425.34) [ 0 4 26 51 ]
(459.39 | -24.23) [ 0 2 3 1 33 31 27 28 51 ]
(387.14 | 243.37) [ 0 17 10 23 48 40 51 ]
(443.98 | 221.50) [ 0 14 12 24 39 49 37 51 ]
(576.38 | 215.89) [ 0 8 6 7 18 42 29 32 43 51 ]
(410.66 | 255.82) [ 0 13 38 35 51 ]
(468.02 | 228.11) [ 0 22 19 20 5 11 30 44 36 45 47 51 ]
(359.82 | 262.06) [ 0 16 25 50 41 51 ]
(280.36 | 234.29) [ 0 21 15 9 46 34 51 ]


4025.08
(411.77 | 167.63) [ 0 4 30 26 46 51 ]
(472.30 | 227.27) [ 0 1 3 2 38 35 51 ]
(544.32 | 168.56) [ 0 17 23 18 43 32 29 42 51 ]
(278.88 | 246.66) [ 0 21 10 9 34 51 ]
(455.80 | 183.60) [ 0 13 19 11 47 45 36 44 51 ]
(389.22 | 192.03) [ 0 5 20 12 22 37 48 51 ]
(440.24 | 248.37) [ 0 7 6 8 33 31 27 28 51 ]
(359.82 | 248.06) [ 0 16 25 41 50 51 ]
(432.72 | 257.66) [ 0 15 24 14 49 40 39 51 ]


3958.31
(409.45 | 553.44) [ 0 2 26 51 ]
(445.44 | -565.56) [ 0 20 7 6 8 28 27 31 33 51 ]
(433.13 | 231.01) [ 0 24 16 14 41 49 39 51 ]
(472.50 | 162.91) [ 0 22 11 5 19 10 47 45 36 44 30 51 ]
(410.66 | 238.54) [ 0 13 38 35 51 ]
(280.36 | 203.12) [ 0 9 15 21 46 34 51 ]
(391.48 | 256.19) [ 0 17 23 18 40 48 51 ]
(559.06 | 254.20) [ 0 1 4 3 43 32 29 42 51 ]
(376.23 | 252.58) [ 0 12 25 50 37 51 ]


3925.88
(405.34 | 754.13) [ 0 4 26 51 ]
(362.64 | 184.63) [ 0 24 16 10 50 41 51 ]
(281.73 | 220.05) [ 0 21 25 9 46 34 51 ]
(451.39 | 270.50) [ 0 8 6 12 37 31 33 51 ]
(468.02 | 222.54) [ 0 11 5 20 19 22 47 45 36 44 30 51 ]
(410.66 | 256.89) [ 0 13 38 35 51 ]
(575.49 | 253.39) [ 0 7 14 18 17 43 32 29 42 51 ]
(386.75 | 273.34) [ 0 23 15 40 48 51 ]
(463.87 | 272.00) [ 0 1 3 2 28 27 39 49 51 ]


3925.08
(354.58 | 374.58) [ 0 13 26 51 ]
(468.02 | 190.74) [ 0 11 5 20 19 22 47 45 36 44 30 51 ]
(463.19 | 260.06) [ 0 3 4 2 33 31 27 28 51 ]
(436.58 | 268.07) [ 0 1 35 38 51 ]
(371.27 | 290.43) [ 0 15 16 40 41 51 ]
(575.86 | 279.52) [ 0 7 10 18 17 42 29 32 43 51 ]
(388.86 | 252.60) [ 0 8 6 12 37 50 51 ]
(281.73 | 247.03) [ 0 21 25 9 46 34 51 ]
(445.00 | 257.97) [ 0 24 14 23 39 49 48 51 ]


3887.02
(378.49 | -352.63) [ 0 16 23 41 48 51 ]
(463.58 | 207.75) [ 0 3 2 28 27 39 49 51 ]
(451.39 | 245.00) [ 0 8 6 12 37 31 33 51 ]
(367.32 | 244.51) [ 0 25 15 50 40 51 ]
(436.49 | 257.00) [ 0 13 10 38 35 51 ]
(280.62 | 236.18) [ 0 21 24 9 46 34 51 ]
(575.49 | 251.90) [ 0 17 18 14 7 43 32 29 42 51 ]
(468.02 | 240.62) [ 0 22 19 20 5 11 30 44 36 45 47 51 ]
(405.62 | 259.27) [ 0 4 1 26 51 ]


3967.14
(380.50 | 558.95) [ 0 1 26 51 ]
(383.00 | -3749.40) [ 0 22 15 12 40 37 51 ]
(573.44 | -743.01) [ 0 2 4 3 43 32 29 42 51 ]
(433.04 | -8215.40) [ 0 17 14 16 39 49 41 51 ]
(466.12 | -132.79) [ 0 8 6 7 18 33 31 27 28 51 ]
(302.29 | 115.36) [ 0 5 9 24 21 34 46 51 ]
(410.66 | 221.36) [ 0 13 35 38 51 ]
(371.30 | 238.50) [ 0 23 25 48 50 51 ]
(466.78 | 242.55) [ 0 10 19 20 11 30 44 36 45 47 51 ]


3930.35
(354.58 | 354.58) [ 0 13 26 51 ]
(371.30 | -167.66) [ 0 25 23 50 48 51 ]
(443.98 | 197.95) [ 0 24 12 14 39 49 37 51 ]
(463.19 | 201.14) [ 0 3 4 2 33 31 27 28 51 ]
(458.34 | 206.30) [ 0 8 16 10 35 38 51 ]
(370.55 | 239.26) [ 0 1 40 41 51 ]
(280.36 | 222.95) [ 0 21 15 9 34 46 51 ]
(580.04 | 239.78) [ 0 17 18 7 6 43 32 29 42 51 ]
(468.02 | 243.38) [ 0 22 19 20 5 11 30 44 36 45 47 51 ]


3981.28
(373.99 | 393.99) [ 0 21 26 51 ]
(451.39 | 46.30) [ 0 8 6 12 33 31 37 51 ]
(378.49 | 70.79) [ 0 16 23 41 48 51 ]
(467.67 | 192.07) [ 0 2 4 3 28 27 39 49 51 ]
(454.09 | 216.16) [ 0 22 14 10 9 35 38 34 51 ]
(548.94 | 210.41) [ 0 18 24 13 42 29 32 43 51 ]
(283.68 | 252.97) [ 0 1 46 51 ]
(368.47 | 241.34) [ 0 17 25 15 50 40 51 ]
(474.57 | 246.80) [ 0 11 5 7 20 19 30 44 36 45 47 51 ]


3930.36
(405.34 | 425.34) [ 0 4 26 51 ]
(280.36 | 209.85) [ 0 21 15 9 46 34 51 ]
(375.46 | 246.02) [ 0 16 12 37 41 51 ]
(440.49 | 250.52) [ 0 5 7 6 8 33 31 40 51 ]
(463.87 | 253.81) [ 0 2 3 1 28 27 39 49 51 ]
(436.49 | 253.81) [ 0 13 10 38 35 51 ]
(467.82 | 248.12) [ 0 24 19 20 11 22 47 45 36 44 30 51 ]
(371.30 | 245.07) [ 0 23 25 50 48 51 ]
(549.25 | 253.57) [ 0 18 14 17 43 32 29 42 51 ]


3877.29
(380.50 | 551.45) [ 0 1 26 51 ]
(433.13 | 254.32) [ 0 24 16 14 41 49 39 51 ]
(436.49 | 256.87) [ 0 10 13 35 38 51 ]
(463.19 | 247.00) [ 0 3 4 2 33 31 27 28 51 ]
(372.27 | 257.74) [ 0 23 18 48 50 51 ]
(468.02 | 225.46) [ 0 22 19 20 5 11 47 45 36 44 30 51 ]
(559.33 | 238.67) [ 0 17 7 6 8 43 32 29 42 51 ]
(281.73 | 252.38) [ 0 9 25 21 46 34 51 ]
(382.63 | 257.69) [ 0 12 15 37 40 51 ]


3946.14
(405.34 | 670.03) [ 0 4 26 51 ]
(436.49 | 190.33) [ 0 13 10 38 35 51 ]
(294.47 | 234.30) [ 0 9 14 21 17 34 46 51 ]
(463.87 | 255.10) [ 0 1 3 2 49 39 27 28 51 ]
(375.46 | 226.06) [ 0 12 16 37 41 51 ]
(371.30 | 214.30) [ 0 25 23 48 50 51 ]
(548.75 | 213.71) [ 0 18 24 15 43 32 29 42 51 ]
(439.39 | 254.19) [ 0 8 6 7 40 31 33 51 ]
(471.09 | 235.74) [ 0 19 20 5 11 22 47 45 36 44 30 51 ]


3942.06
(409.45 | 337.46) [ 0 2 26 51 ]
(448.81 | -673.81) [ 0 3 4 1 33 31 27 28 51 ]
(397.87 | 151.95) [ 0 8 6 12 48 37 51 ]
(361.05 | 245.30) [ 0 25 19 16 41 50 51 ]
(471.21 | 240.72) [ 0 11 5 7 20 22 47 45 36 44 30 51 ]
(410.66 | 247.72) [ 0 13 38 35 51 ]
(432.72 | 238.79) [ 0 15 24 14 49 40 39 51 ]
(544.32 | 229.40) [ 0 17 23 18 43 32 29 42 51 ]
(285.96 | 246.23) [ 0 9 10 21 46 34 51 ]


3878.10
(380.50 | 570.00) [ 0 1 26 51 ]
(443.98 | 202.83) [ 0 24 12 14 37 49 39 51 ]
(580.04 | 162.07) [ 0 6 7 18 17 42 29 32 43 51 ]
(288.53 | 160.21) [ 0 21 10 19 9 46 34 51 ]
(463.19 | 174.01) [ 0 3 4 2 33 31 27 28 51 ]
(371.27 | 244.73) [ 0 15 16 40 41 51 ]
(468.64 | 191.40) [ 0 8 5 20 11 22 47 45 36 44 30 51 ]
(410.66 | 236.86) [ 0 13 38 35 51 ]
(371.30 | 236.83) [ 0 23 25 48 50 51 ]


4005.51
(283.68 | 691.97) [ 0 1 46 51 ]
(387.15 | 407.15) [ 0 18 26 51 ]
(371.26 | -169.79) [ 0 9 16 21 48 41 51 ]
(573.10 | 223.33) [ 0 3 4 2 43 32 29 34 51 ]
(471.23 | 190.77) [ 0 22 11 20 7 5 47 45 36 44 30 51 ]
(461.43 | 182.77) [ 0 10 17 13 35 38 42 51 ]
(434.25 | 263.82) [ 0 24 14 23 49 40 39 51 ]
(377.38 | 240.15) [ 0 25 19 12 50 37 51 ]
(446.04 | 250.52) [ 0 8 6 15 28 27 31 33 51 ]


3963.53
(405.34 | 425.34) [ 0 4 26 51 ]
(580.06 | -864.77) [ 0 8 6 18 17 43 32 29 42 51 ]
(371.30 | 242.46) [ 0 23 25 48 50 51 ]
(431.93 | 256.00) [ 0 14 10 24 37 49 39 51 ]
(459.39 | 231.66) [ 0 2 3 1 33 31 27 28 51 ]
(298.89 | 230.03) [ 0 9 12 21 46 34 51 ]
(371.41 | 229.36) [ 0 22 16 15 40 41 51 ]
(474.57 | 223.15) [ 0 11 5 7 20 19 47 45 36 44 30 51 ]
(410.66 | 241.06) [ 0 13 35 38 51 ]


3954.33
(409.45 | 658.37) [ 0 2 26 51 ]
(559.06 | 174.12) [ 0 1 4 3 43 32 29 42 51 ]
(474.58 | 112.02) [ 0 22 19 20 7 11 30 44 36 45 47 51 ]
(453.22 | 240.24) [ 0 8 6 5 10 28 27 31 33 51 ]
(375.46 | 234.36) [ 0 12 16 41 37 51 ]
(368.47 | 197.35) [ 0 15 25 17 40 50 51 ]
(410.66 | 241.16) [ 0 13 38 35 51 ]
(298.43 | 206.40) [ 0 18 21 9 34 46 51 ]
(445.00 | 228.69) [ 0 24 14 23 48 49 39 51 ]


3974.67
(409.45 | -268.31) [ 0 2 26 51 ]
(474.57 | 05.74) [ 0 11 5 7 20 19 30 44 36 45 47 51 ]
(559.06 | 58.28) [ 0 3 4 1 42 29 32 43 51 ]
(410.66 | 195.46) [ 0 22 13 35 38 51 ]
(449.50 | 177.63) [ 0 8 6 12 33 31 27 28 51 ]
(441.44 | 158.14) [ 0 18 14 25 50 49 39 51 ]
(371.27 | 274.01) [ 0 16 15 40 41 51 ]
(280.62 | 241.22) [ 0 9 24 21 17 34 46 51 ]
(378.09 | 261.64) [ 0 10 23 37 48 51 ]


3977.89
(405.34 | 487.53) [ 0 4 26 51 ]
(378.49 | -7893.30) [ 0 23 16 41 48 51 ]
(459.39 | 126.64) [ 0 2 3 1 33 31 27 28 51 ]
(466.30 | 66.29) [ 0 11 20 19 9 22 47 45 36 44 30 51 ]
(410.66 | 235.16) [ 0 13 38 35 51 ]
(285.41 | 234.84) [ 0 24 10 21 34 46 51 ]
(368.47 | 222.13) [ 0 17 25 15 40 50 51 ]
(447.47 | 234.12) [ 0 5 12 14 39 49 37 51 ]
(576.38 | 263.79) [ 0 18 7 6 8 43 32 29 42 51 ]


3921.24
(409.45 | 393.44) [ 0 2 26 51 ]
(375.46 | 153.50) [ 0 16 12 37 41 51 ]
(440.24 | 228.92) [ 0 7 6 8 33 31 27 28 51 ]
(300.19 | 196.82) [ 0 18 21 17 9 46 34 51 ]
(559.06 | 253.32) [ 0 1 4 3 43 32 29 42 51 ]
(445.00 | 255.08) [ 0 23 14 24 48 49 39 51 ]
(436.49 | 254.92) [ 0 13 10 38 35 51 ]
(367.32 | 253.69) [ 0 25 15 50 40 51 ]
(468.02 | 239.45) [ 0 22 19 20 5 11 30 44 36 45 47 51 ]


3997.61
(467.18 | -1031.41) [ 0 1 16 26 51 ]
(280.36 | 101.01) [ 0 9 15 21 46 34 51 ]
(394.39 | 171.76) [ 0 23 12 48 37 51 ]
(360.69 | 201.18) [ 0 22 10 25 41 50 51 ]
(410.66 | 254.59) [ 0 13 35 38 51 ]
(468.03 | 272.96) [ 0 11 5 20 19 24 30 44 36 45 47 51 ]
(439.39 | 277.72) [ 0 8 6 7 40 31 33 51 ]
(467.67 | 262.48) [ 0 2 4 3 49 39 27 28 51 ]
(549.25 | 253.47) [ 0 18 14 17 43 32 29 42 51 ]


3950.23
(354.58 | 374.58) [ 0 13 26 51 ]
(576.38 | -328.17) [ 0 18 7 6 8 43 32 29 42 51 ]
(463.19 | 222.94) [ 0 2 4 3 33 31 27 28 51 ]
(287.95 | 211.09) [ 0 17 21 10 19 46 34 51 ]
(436.58 | 220.39) [ 0 1 35 38 51 ]
(464.50 | 201.09) [ 0 22 9 20 5 11 47 45 36 44 30 51 ]
(371.30 | 205.65) [ 0 23 25 50 48 51 ]
(433.13 | 203.01) [ 0 24 16 14 41 49 39 51 ]
(382.63 | 252.01) [ 0 15 12 40 37 51 ]


3940.66
(381.06 | 401.06) [ 0 23 26 51 ]
(463.19 | 239.58) [ 0 2 4 3 33 31 27 28 51 ]
(364.11 | 241.46) [ 0 1 50 48 51 ]
(280.89 | 234.84) [ 0 17 21 25 34 46 51 ]
(432.72 | 237.14) [ 0 15 24 14 49 40 39 51 ]
(375.46 | 240.01) [ 0 12 16 37 41 51 ]
(468.02 | 235.29) [ 0 11 5 20 19 22 30 44 36 45 47 51 ]
(438.86 | 229.49) [ 0 13 10 9 35 38 51 ]
(576.38 | 250.29) [ 0 8 6 7 18 42 29 32 43 51 ]


3927.99
(380.50 | 627.80) [ 0 1 26 51 ]
(424.51 | -59.20) [ 0 10 24 15 39 40 49 51 ]
(300.19 | -10.76) [ 0 9 17 21 18 46 34 51 ]
(479.04 | 215.83) [ 0 14 19 5 11 22 47 45 36 44 30 51 ]
(394.39 | 244.55) [ 0 12 23 48 37 51 ]
(410.66 | 241.88) [ 0 13 38 35 51 ]
(445.44 | 253.07) [ 0 20 7 6 8 33 31 27 28 51 ]
(359.82 | 230.66) [ 0 25 16 41 50 51 ]
(573.44 | 263.03) [ 0 2 4 3 43 32 29 42 51 ]


3933.11
(409.45 | 597.78) [ 0 2 26 51 ]
(464.58 | 174.32) [ 0 11 20 19 22 47 45 36 44 30 51 ]
(375.46 | 200.53) [ 0 16 12 37 41 51 ]
(432.72 | 205.11) [ 0 14 24 15 39 40 49 51 ]
(441.35 | 213.84) [ 0 8 6 7 5 33 31 27 28 51 ]
(436.49 | 244.61) [ 0 10 17 13 35 38 51 ]
(281.73 | 240.91) [ 0 9 25 21 46 34 51 ]
(559.06 | 244.75) [ 0 1 4 3 43 32 29 42 51 ]
(372.27 | 244.56) [ 0 18 23 48 50 51 ]


4013.86
(442.03 | -841.46) [ 0 1 13 26 51 ]
(440.34 | -571.38) [ 0 15 14 18 40 39 27 51 ]
(409.20 | 219.00) [ 0 22 38 35 51 ]
(361.31 | 238.32) [ 0 21 25 50 48 51 ]
(468.43 | 183.31) [ 0 17 19 20 5 11 30 44 36 45 47 51 ]
(573.44 | 261.97) [ 0 2 4 3 43 32 29 42 51 ]
(451.54 | 224.60) [ 0 8 6 7 24 28 33 31 49 51 ]
(292.11 | 239.15) [ 0 9 10 23 46 34 51 ]
(375.46 | 241.95) [ 0 12 16 41 37 51 ]


3955.32
(409.45 | 429.45) [ 0 2 26 51 ]
(447.96 | 152.53) [ 0 8 6 25 33 31 27 28 51 ]
(372.50 | 165.28) [ 0 15 19 16 41 40 51 ]
(374.51 | 164.43) [ 0 17 23 18 48 50 51 ]
(410.66 | 247.45) [ 0 13 35 38 51 ]
(443.98 | 229.68) [ 0 24 12 14 37 49 39 51 ]
(285.96 | 233.00) [ 0 21 10 9 46 34 51 ]
(471.23 | 218.57) [ 0 5 7 20 11 22 47 45 36 44 30 51 ]
(559.06 | 269.07) [ 0 1 4 3 42 29 32 43 51 ]


3956.28
(373.99 | 393.99) [ 0 21 26 51 ]
(378.49 | -284.12) [ 0 16 23 48 41 51 ]
(319.11 | 235.57) [ 0 2 3 46 51 ]
(463.93 | 173.57) [ 0 6 14 18 39 31 27 51 ]
(445.66 | 198.29) [ 0 13 10 9 35 38 34 51 ]
(468.02 | 158.58) [ 0 22 19 20 5 11 47 45 36 44 30 51 ]
(368.47 | 222.88) [ 0 17 25 15 40 50 51 ]
(439.57 | 251.75) [ 0 8 7 12 24 37 49 33 28 51 ]
(559.04 | 253.20) [ 0 1 4 42 29 32 43 51 ]


3976.80
(381.06 | 401.06) [ 0 23 26 51 ]
(300.63 | -4272.45) [ 0 5 15 21 46 51 ]
(359.82 | 222.80) [ 0 25 16 41 50 51 ]
(465.00 | 147.29) [ 0 22 17 19 20 11 47 45 36 44 30 51 ]
(381.08 | 231.82) [ 0 1 40 48 51 ]
(443.98 | 234.44) [ 0 14 12 24 39 49 37 51 ]
(445.66 | 202.01) [ 0 9 10 13 34 38 35 51 ]
(463.19 | 225.26) [ 0 2 4 3 33 31 27 28 51 ]
(576.38 | 264.34) [ 0 8 6 7 18 42 29 32 43 51 ]


4004.03
(372.33 | 05.59) [ 0 16 10 48 41 51 ]
(463.19 | 101.06) [ 0 3 4 2 33 31 27 28 51 ]
(451.83 | 211.44) [ 0 15 21 17 46 29 42 51 ]
(410.66 | 256.06) [ 0 13 38 35 51 ]
(276.60 | 257.07) [ 0 1 34 51 ]
(590.18 | 257.05) [ 0 18 19 7 6 43 32 44 26 51 ]
(376.47 | 253.60) [ 0 25 12 9 37 50 51 ]
(434.25 | 264.99) [ 0 23 14 24 49 40 39 51 ]
(468.52 | 274.65) [ 0 8 5 20 11 22 47 45 36 30 51 ]


3912.02
(409.45 | 422.33) [ 0 2 26 51 ]
(371.30 | 143.97) [ 0 25 23 48 50 51 ]
(440.34 | 251.71) [ 0 15 14 18 27 39 40 51 ]
(468.02 | 211.89) [ 0 22 19 20 5 11 30 44 36 45 47 51 ]
(559.06 | 248.08) [ 0 3 4 1 42 29 32 43 51 ]
(451.54 | 250.67) [ 0 8 6 7 24 28 33 31 49 51 ]
(436.49 | 254.91) [ 0 13 17 10 35 38 51 ]
(375.46 | 239.98) [ 0 12 16 37 41 51 ]
(280.36 | 248.92) [ 0 9 21 34 46 51 ]


3932.66
(405.34 | 533.81) [ 0 4 26 51 ]
(551.92 | 163.70) [ 0 17 24 10 18 42 29 32 43 51 ]
(471.23 | 178.51) [ 0 22 11 20 7 5 30 44 36 45 47 51 ]
(371.30 | 217.82) [ 0 25 23 50 48 51 ]
(451.39 | 205.81) [ 0 12 6 8 33 31 37 51 ]
(294.46 | 183.44) [ 0 9 14 21 46 34 51 ]
(463.87 | 267.01) [ 0 1 3 2 28 27 39 49 51 ]
(410.66 | 249.84) [ 0 13 35 38 51 ]
(372.50 | 251.67) [ 0 16 19 15 40 41 51 ]


3920.88
(405.34 | 608.59) [ 0 4 26 51 ]
(459.39 | 163.97) [ 0 2 3 1 33 31 27 28 51 ]
(372.27 | 223.31) [ 0 23 18 50 48 51 ]
(471.09 | 238.89) [ 0 22 11 5 20 19 30 44 36 45 47 51 ]
(559.33 | 246.82) [ 0 17 7 6 8 43 32 29 42 51 ]
(281.73 | 248.91) [ 0 9 25 21 34 46 51 ]
(436.49 | 254.92) [ 0 13 10 38 35 51 ]
(371.27 | 246.72) [ 0 16 15 41 40 51 ]
(443.98 | 251.66) [ 0 14 12 24 39 49 37 51 ]


3909.80
(405.34 | 425.34) [ 0 4 26 51 ]
(468.64 | 150.66) [ 0 22 11 20 5 8 30 44 36 45 47 51 ]
(371.30 | 223.40) [ 0 25 23 48 50 51 ]
(580.04 | 181.83) [ 0 17 18 7 6 43 32 29 42 51 ]
(375.54 | 211.05) [ 0 16 19 12 41 37 51 ]
(459.39 | 242.65) [ 0 1 3 2 33 31 27 28 51 ]
(436.49 | 254.92) [ 0 13 10 38 35 51 ]
(432.72 | 241.30) [ 0 14 24 15 49 40 39 51 ]
(280.36 | 236.52) [ 0 21 9 46 34 51 ]


3869.70
(380.50 | 662.02) [ 0 1 26 51 ]
(463.19 | 118.07) [ 0 3 4 2 33 31 27 28 51 ]
(281.73 | 113.42) [ 0 9 25 21 34 46 51 ]
(375.46 | 241.21) [ 0 12 16 37 41 51 ]
(559.33 | 237.28) [ 0 17 7 6 8 43 32 29 42 51 ]
(436.49 | 254.74) [ 0 10 13 35 38 51 ]
(432.72 | 256.61) [ 0 15 24 14 49 40 39 51 ]
(468.02 | 248.22) [ 0 11 5 20 19 22 30 44 36 45 47 51 ]
(372.27 | 262.59) [ 0 23 18 50 48 51 ]


3905.44
(405.34 | 425.34) [ 0 4 26 51 ]
(375.46 | 213.09) [ 0 12 16 37 41 51 ]
(280.36 | 220.36) [ 0 9 21 17 46 34 51 ]
(371.30 | 221.78) [ 0 23 25 50 48 51 ]
(459.39 | 247.67) [ 0 2 3 1 33 31 27 28 51 ]
(436.49 | 243.18) [ 0 13 10 38 35 51 ]
(432.72 | 240.03) [ 0 15 24 14 39 40 49 51 ]
(576.38 | 229.95) [ 0 18 7 6 8 43 32 29 42 51 ]
(468.02 | 228.77) [ 0 22 19 20 5 11 30 44 36 45 47 51 ]


3930.82
(405.34 | 425.34) [ 0 4 26 51 ]
(463.96 | -293.46) [ 0 1 3 2 28 27 31 49 51 ]
(388.69 | 12.01) [ 0 25 7 6 50 48 51 ]
(544.32 | 195.82) [ 0 17 23 18 42 29 32 43 51 ]
(468.02 | 189.95) [ 0 22 19 20 5 11 47 45 36 44 30 51 ]
(452.12 | 208.81) [ 0 8 12 14 37 39 33 51 ]
(371.27 | 230.11) [ 0 15 16 40 41 51 ]
(280.62 | 226.16) [ 0 9 24 21 34 46 51 ]
(436.49 | 254.92) [ 0 13 10 35 38 51 ]


3924.12
(405.34 | 672.26) [ 0 4 26 51 ]
(459.39 | 250.89) [ 0 1 3 2 33 31 27 28 51 ]
(432.72 | 231.30) [ 0 14 24 15 39 40 49 51 ]
(378.49 | 233.85) [ 0 16 23 41 48 51 ]
(281.73 | 249.92) [ 0 9 25 21 34 46 51 ]
(410.66 | 231.33) [ 0 13 35 38 51 ]
(471.09 | 239.35) [ 0 22 11 5 20 19 30 44 36 45 47 51 ]
(575.86 | 249.57) [ 0 7 10 18 17 43 32 29 42 51 ]
(388.86 | 253.72) [ 0 12 6 8 37 50 51 ]


3934.43
(405.34 | 425.34) [ 0 4 26 51 ]
(459.39 | 242.96) [ 0 1 3 2 33 31 27 28 51 ]
(375.46 | 227.34) [ 0 16 12 37 41 51 ]
(371.30 | 219.06) [ 0 25 23 50 48 51 ]
(438.97 | 233.70) [ 0 15 14 18 49 40 39 51 ]
(285.96 | 212.48) [ 0 22 21 10 9 46 34 51 ]
(410.66 | 250.05) [ 0 13 35 38 51 ]
(468.03 | 228.76) [ 0 24 19 20 5 11 30 44 36 45 47 51 ]
(559.33 | 251.14) [ 0 8 6 7 17 43 32 29 42 51 ]


3958.38
(405.34 | 425.34) [ 0 4 26 51 ]
(375.46 | 279.79) [ 0 16 12 37 41 51 ]
(371.30 | 268.41) [ 0 25 23 50 48 51 ]
(465.16 | 162.46) [ 0 22 24 19 20 11 47 45 36 44 30 51 ]
(459.39 | 273.40) [ 0 2 3 1 33 31 27 28 51 ]
(438.97 | 249.20) [ 0 18 14 15 39 40 49 51 ]
(417.47 | 241.69) [ 0 13 34 38 35 51 ]
(559.34 | 257.48) [ 0 17 5 7 6 8 43 32 29 42 51 ]
(285.96 | 258.76) [ 0 9 10 21 46 51 ]


3924.37
(373.99 | 393.99) [ 0 21 26 51 ]
(283.68 | 527.26) [ 0 1 46 51 ]
(445.66 | -197.62) [ 0 9 10 13 34 38 35 51 ]
(580.04 | 168.02) [ 0 6 7 18 17 42 29 32 43 51 ]
(463.19 | 248.81) [ 0 3 4 2 33 31 27 28 51 ]
(384.35 | 222.07) [ 0 12 19 15 40 37 51 ]
(359.82 | 254.84) [ 0 16 25 41 50 51 ]
(468.64 | 243.01) [ 0 8 5 20 11 22 30 44 36 45 47 51 ]
(445.00 | 266.96) [ 0 24 14 23 48 49 39 51 ]


4028.02
(467.18 | -5917.71) [ 0 1 16 26 51 ]
(310.21 | -13067.26) [ 0 8 6 21 46 51 ]
(463.19 | -459.38) [ 0 3 4 2 33 31 27 28 51 ]
(474.41 | 02.24) [ 0 19 20 7 11 47 45 36 44 30 51 ]
(341.69 | 167.57) [ 0 22 41 48 51 ]
(434.43 | 208.13) [ 0 14 25 24 50 49 39 51 ]
(386.93 | 222.74) [ 0 5 12 15 40 37 51 ]
(544.32 | 190.06) [ 0 17 23 18 43 32 29 42 51 ]
(445.66 | 175.26) [ 0 9 10 13 34 38 35 51 ]


3860.72
(375.46 | -48.15) [ 0 16 12 41 37 51 ]
(371.30 | -61.34) [ 0 25 23 48 50 51 ]
(468.02 | 130.65) [ 0 22 19 20 5 11 30 44 36 45 47 51 ]
(445.18 | 259.77) [ 0 15 6 8 40 31 33 51 ]
(575.49 | 249.60) [ 0 7 14 18 17 43 32 29 42 51 ]
(380.50 | 269.19) [ 0 1 26 51 ]
(467.67 | 251.77) [ 0 2 4 3 28 27 39 49 51 ]
(280.62 | 232.20) [ 0 9 24 21 46 34 51 ]
(436.49 | 265.97) [ 0 10 13 35 38 51 ]


3922.53
(409.45 | 500.13) [ 0 2 26 51 ]
(440.24 | 91.79) [ 0 7 6 8 33 31 27 28 51 ]
(436.49 | 186.88) [ 0 10 17 13 35 38 51 ]
(281.73 | 262.92) [ 0 9 25 21 46 34 51 ]
(372.27 | 228.53) [ 0 23 18 50 48 51 ]
(559.06 | 250.63) [ 0 1 4 3 43 32 29 42 51 ]
(443.98 | 248.49) [ 0 14 12 24 39 49 37 51 ]
(371.27 | 242.28) [ 0 16 15 41 40 51 ]
(468.02 | 231.86) [ 0 22 19 20 5 11 30 44 36 45 47 51 ]


3939.01
(409.45 | 217.81) [ 0 2 26 51 ]
(371.30 | 153.44) [ 0 23 25 48 50 51 ]
(450.96 | 295.17) [ 0 8 6 24 49 31 33 28 51 ]
(559.06 | 243.02) [ 0 1 4 3 42 29 32 43 51 ]
(440.34 | 248.60) [ 0 15 14 18 27 39 40 51 ]
(440.84 | 241.18) [ 0 19 10 13 38 35 51 ]
(280.36 | 253.06) [ 0 9 21 17 46 34 51 ]
(375.46 | 248.13) [ 0 16 12 41 37 51 ]
(471.23 | 254.92) [ 0 5 7 20 11 22 47 45 36 44 30 51 ]


3872.71
(380.50 | 688.59) [ 0 1 26 51 ]
(463.19 | 152.34) [ 0 3 4 2 33 31 27 28 51 ]
(280.36 | 237.10) [ 0 9 21 17 46 34 51 ]
(576.38 | 186.06) [ 0 8 6 7 18 42 29 32 43 51 ]
(468.02 | 194.38) [ 0 22 19 20 5 11 47 45 36 44 30 51 ]
(436.49 | 246.77) [ 0 13 10 38 35 51 ]
(367.32 | 259.30) [ 0 25 15 50 40 51 ]
(445.00 | 235.89) [ 0 24 14 23 48 49 39 51 ]
(375.46 | 257.78) [ 0 12 16 37 41 51 ]


3971.02
(277.17 | 277.17) [ 0 21 46 51 ]
(409.45 | 653.32) [ 0 2 26 51 ]
(445.66 | 109.39) [ 0 9 10 13 34 38 35 51 ]
(441.44 | 191.07) [ 0 18 14 25 50 49 39 51 ]
(378.49 | 185.69) [ 0 16 23 48 41 51 ]
(559.06 | 182.90) [ 0 3 4 1 43 32 29 42 51 ]
(449.09 | 168.85) [ 0 22 17 7 6 8 28 27 31 33 51 ]
(382.63 | 274.49) [ 0 15 12 40 37 51 ]
(468.03 | 238.67) [ 0 24 19 20 5 11 30 44 36 45 47 51 ]


3958.94
(405.09 | -3763.56) [ 0 25 7 6 26 51 ]
(364.66 | 52.85) [ 0 23 50 48 51 ]
(463.19 | 196.27) [ 0 2 4 3 33 31 27 28 51 ]
(371.41 | 227.27) [ 0 22 16 15 40 41 51 ]
(443.98 | 226.73) [ 0 24 12 14 39 49 37 51 ]
(475.79 | 203.30) [ 0 11 8 5 20 19 47 45 36 44 30 51 ]
(283.68 | 260.97) [ 0 1 46 51 ]
(445.66 | 256.95) [ 0 13 10 9 34 38 35 51 ]
(545.48 | 263.68) [ 0 17 21 18 43 32 29 42 51 ]


3958.44
(370.20 | 390.20) [ 0 15 26 51 ]
(299.13 | -2039.30) [ 0 21 14 18 46 51 ]
(459.17 | -439.87) [ 0 2 3 40 39 27 51 ]
(375.54 | -232.27) [ 0 12 19 16 37 41 51 ]
(559.04 | 96.67) [ 0 1 4 43 32 29 42 51 ]
(371.30 | 154.76) [ 0 25 23 48 50 51 ]
(445.66 | 119.95) [ 0 9 10 13 34 38 35 51 ]
(466.87 | 221.25) [ 0 11 5 20 17 22 47 45 36 44 30 51 ]
(451.54 | 264.11) [ 0 8 6 7 24 28 33 31 49 51 ]


3968.33
(409.45 | 332.62) [ 0 2 26 51 ]
(277.17 | 277.17) [ 0 21 46 51 ]
(445.44 | 253.82) [ 0 8 6 7 20 28 27 31 33 51 ]
(445.66 | 232.21) [ 0 13 10 9 35 38 34 51 ]
(378.13 | 236.42) [ 0 22 17 16 18 37 41 51 ]
(432.72 | 194.91) [ 0 14 24 15 39 40 49 51 ]
(559.06 | 236.50) [ 0 1 4 3 42 29 32 43 51 ]
(371.30 | 226.92) [ 0 23 25 50 48 51 ]
(469.40 | 256.44) [ 0 19 12 5 11 30 44 36 45 47 51 ]


3926.86
(277.17 | 277.17) [ 0 21 46 51 ]
(380.50 | 576.45) [ 0 1 26 51 ]
(367.56 | 68.06) [ 0 13 25 40 50 51 ]
(449.31 | 177.13) [ 0 9 19 10 15 35 38 34 51 ]
(375.46 | 229.21) [ 0 16 12 41 37 51 ]
(463.19 | 232.00) [ 0 2 4 3 33 31 27 28 51 ]
(468.64 | 210.68) [ 0 22 11 20 5 8 30 44 36 45 47 51 ]
(445.00 | 239.35) [ 0 23 14 24 48 49 39 51 ]
(580.04 | 231.18) [ 0 6 7 18 17 43 32 29 42 51 ]


3979.52
(463.67 | 246.60) [ 0 2 3 28 27 31 49 51 ]
(479.42 | 244.93) [ 0 11 20 19 18 47 45 36 44 51 ]
(359.82 | 216.49) [ 0 16 25 50 41 51 ]
(439.92 | 326.60) [ 0 14 23 48 39 33 51 ]
(383.00 | 219.01) [ 0 12 15 22 40 37 51 ]
(404.62 | 189.72) [ 0 8 6 7 5 46 26 30 51 ]
(273.55 | 259.29) [ 0 9 24 21 17 34 51 ]
(559.04 | 259.47) [ 0 1 4 42 29 32 43 51 ]
(436.49 | 273.61) [ 0 13 10 38 35 51 ]


3962.23
(396.37 | -4601.34) [ 0 5 16 25 26 51 ]
(474.58 | -32.55) [ 0 22 19 20 7 11 47 45 36 44 30 51 ]
(386.75 | 135.32) [ 0 15 23 48 40 51 ]
(467.67 | 279.76) [ 0 2 4 3 28 27 39 49 51 ]
(549.25 | 244.86) [ 0 17 14 18 43 32 29 42 51 ]
(451.39 | 264.35) [ 0 8 6 12 33 31 37 51 ]
(359.12 | 226.73) [ 0 1 50 41 51 ]
(280.62 | 174.83) [ 0 9 24 21 34 46 51 ]
(436.49 | 264.40) [ 0 10 13 38 35 51 ]


3986.52
(389.92 | -6726.17) [ 0 23 16 26 51 ]
(404.80 | -100.47) [ 0 1 3 2 48 41 51 ]
(558.75 | -1557.72) [ 0 4 42 29 32 43 51 ]
(298.89 | 231.90) [ 0 9 12 21 34 46 51 ]
(468.02 | 176.60) [ 0 22 19 20 5 11 30 44 36 45 47 51 ]
(442.10 | 242.22) [ 0 18 14 24 17 39 49 37 51 ]
(440.24 | 251.71) [ 0 7 6 8 33 31 27 28 51 ]
(367.32 | 245.59) [ 0 25 15 40 50 51 ]
(436.49 | 244.58) [ 0 13 10 38 35 51 ]


3910.57
(380.50 | 582.01) [ 0 1 26 51 ]
(464.04 | -1256.95) [ 0 9 7 6 8 35 38 34 51 ]
(378.49 | 67.98) [ 0 16 23 48 41 51 ]
(463.19 | 222.04) [ 0 3 4 2 33 31 27 28 51 ]
(471.09 | 235.99) [ 0 19 20 5 11 22 47 45 36 44 30 51 ]
(432.72 | 261.87) [ 0 15 24 14 39 40 49 51 ]
(376.23 | 243.46) [ 0 12 25 50 37 51 ]
(277.17 | 253.18) [ 0 21 13 46 51 ]
(547.15 | 253.04) [ 0 18 10 17 43 32 29 42 51 ]


3942.85
(354.58 | 354.58) [ 0 13 26 51 ]
(388.41 | 76.48) [ 0 8 6 25 50 48 51 ]
(285.96 | 130.74) [ 0 22 21 10 9 34 46 51 ]
(436.58 | 263.93) [ 0 1 35 38 51 ]
(463.19 | 266.84) [ 0 3 4 2 33 31 27 28 51 ]
(371.27 | 255.22) [ 0 15 16 40 41 51 ]
(474.57 | 240.80) [ 0 11 5 7 20 19 30 44 36 45 47 51 ]
(544.32 | 256.26) [ 0 17 23 18 43 32 29 42 51 ]
(443.98 | 257.91) [ 0 24 12 14 39 49 37 51 ]


3911.64
(380.50 | 553.27) [ 0 1 26 51 ]
(434.53 | 94.03) [ 0 24 12 11 39 49 37 51 ]
(576.38 | 193.47) [ 0 18 7 6 8 43 32 29 42 51 ]
(371.30 | 205.96) [ 0 23 25 50 48 51 ]
(463.19 | 238.13) [ 0 3 4 2 33 31 27 28 51 ]
(469.36 | 201.01) [ 0 22 10 19 20 5 30 44 36 45 47 51 ]
(294.47 | 248.33) [ 0 9 14 21 17 46 34 51 ]
(371.27 | 252.86) [ 0 16 15 40 41 51 ]
(410.66 | 250.95) [ 0 13 35 38 51 ]


3915.33
(380.50 | 657.09) [ 0 1 26 51 ]
(463.19 | 240.21) [ 0 3 4 2 33 31 27 28 51 ]
(304.62 | 229.40) [ 0 18 21 11 46 51 ]
(478.22 | 187.45) [ 0 6 5 20 19 22 30 44 36 45 47 51 ]
(558.65 | 219.28) [ 0 17 12 7 8 43 32 29 42 51 ]
(359.82 | 250.95) [ 0 16 25 50 41 51 ]
(445.66 | 253.24) [ 0 13 10 9 35 38 34 51 ]
(359.67 | 263.66) [ 0 15 40 37 51 ]
(445.00 | 246.24) [ 0 23 14 24 48 49 39 51 ]


3958.28
(312.63 | 442.69) [ 0 2 46 51 ]
(445.66 | -13225.88) [ 0 13 10 9 34 38 35 51 ]
(449.50 | -161.69) [ 0 12 6 8 33 31 27 28 51 ]
(437.09 | 144.82) [ 0 23 21 48 49 39 51 ]
(405.65 | 278.42) [ 0 3 4 1 26 51 ]
(471.09 | 176.00) [ 0 22 11 5 20 19 30 44 36 45 47 51 ]
(575.49 | 237.20) [ 0 17 18 14 7 43 32 29 42 51 ]
(359.82 | 231.14) [ 0 16 25 41 50 51 ]
(361.34 | 258.25) [ 0 15 24 37 40 51 ]


3966.18
(409.45 | 294.27) [ 0 2 26 51 ]
(277.17 | -227.53) [ 0 21 46 51 ]
(558.72 | 118.28) [ 0 1 4 3 43 32 29 34 51 ]
(371.99 | 206.89) [ 0 9 16 15 40 41 51 ]
(437.61 | 258.42) [ 0 24 12 5 8 37 49 33 28 51 ]
(371.30 | 246.56) [ 0 23 25 50 48 51 ]
(461.43 | 232.57) [ 0 10 17 13 35 38 42 51 ]
(463.93 | 262.24) [ 0 6 14 18 39 31 27 51 ]
(474.58 | 214.47) [ 0 22 19 20 7 11 30 44 36 45 47 51 ]


3903.97
(277.17 | 277.17) [ 0 21 46 51 ]
(380.50 | 629.92) [ 0 1 26 51 ]
(463.19 | -882.41) [ 0 2 4 3 33 31 27 28 51 ]
(433.13 | 186.34) [ 0 14 16 24 41 49 39 51 ]
(367.56 | 204.66) [ 0 22 25 15 40 50 51 ]
(445.66 | 172.93) [ 0 13 10 9 34 38 35 51 ]
(397.87 | 212.62) [ 0 12 6 8 37 48 51 ]
(544.32 | 243.37) [ 0 17 23 18 43 32 29 42 51 ]
(474.57 | 250.87) [ 0 11 5 7 20 19 47 45 36 44 30 51 ]


3933.19
(354.58 | 374.58) [ 0 13 26 51 ]
(463.19 | -524.15) [ 0 2 4 3 28 27 31 33 51 ]
(371.30 | 208.15) [ 0 25 23 50 48 51 ]
(453.21 | 224.78) [ 0 12 10 17 35 38 51 ]
(433.13 | 182.49) [ 0 14 16 24 41 49 39 51 ]
(471.09 | 147.38) [ 0 19 20 5 11 22 47 45 36 44 30 51 ]
(369.97 | 232.65) [ 0 1 40 37 51 ]
(280.36 | 238.13) [ 0 9 15 21 46 34 51 ]
(576.38 | 241.51) [ 0 8 6 7 18 42 29 32 43 51 ]


3938.74
(405.65 | -1387.71) [ 0 1 4 3 26 51 ]
(388.86 | 192.94) [ 0 12 6 8 50 37 51 ]
(436.49 | 145.62) [ 0 22 13 10 38 35 51 ]
(452.61 | 314.65) [ 0 2 33 31 27 28 51 ]
(544.28 | 269.52) [ 0 17 18 42 29 32 43 51 ]
(432.72 | 241.64) [ 0 14 24 15 49 40 39 51 ]
(281.73 | 245.59) [ 0 9 25 21 46 34 51 ]
(477.92 | 239.85) [ 0 5 7 20 19 11 30 44 36 45 47 51 ]
(378.49 | 234.72) [ 0 23 16 48 41 51 ]


3975.61
(354.58 | 374.58) [ 0 13 26 51 ]
(376.00 | 17.28) [ 0 21 23 37 48 51 ]
(580.04 | 229.14) [ 0 17 18 7 6 43 32 29 42 51 ]
(464.68 | 218.63) [ 0 22 19 12 11 47 45 36 44 30 51 ]
(463.19 | 219.41) [ 0 2 4 3 33 31 27 28 51 ]
(360.55 | 234.39) [ 0 9 16 25 41 50 51 ]
(460.18 | 250.51) [ 0 8 5 20 10 38 35 51 ]
(283.68 | 220.12) [ 0 1 46 34 51 ]
(432.72 | 224.23) [ 0 14 24 15 39 40 49 51 ]


3966.64
(354.58 | 374.58) [ 0 13 26 51 ]
(463.19 | -429.78) [ 0 2 4 3 33 31 27 28 51 ]
(298.89 | 187.65) [ 0 21 12 9 46 34 51 ]
(436.58 | 239.61) [ 0 1 35 38 51 ]
(432.72 | 222.08) [ 0 15 24 14 49 40 39 51 ]
(474.57 | 232.78) [ 0 19 20 7 5 11 47 45 36 44 30 51 ]
(388.41 | 244.62) [ 0 25 6 8 50 48 51 ]
(547.16 | 246.38) [ 0 18 10 17 22 42 29 32 43 51 ]
(370.55 | 246.38) [ 0 23 16 37 41 51 ]


3939.22
(354.58 | 374.58) [ 0 13 26 51 ]
(443.98 | 117.43) [ 0 24 12 14 39 49 37 51 ]
(463.19 | 203.11) [ 0 2 4 3 33 31 27 28 51 ]
(372.50 | 205.98) [ 0 15 19 16 40 41 51 ]
(466.17 | 251.08) [ 0 6 7 10 35 38 51 ]
(364.11 | 265.58) [ 0 1 50 48 51 ]
(468.64 | 247.01) [ 0 22 11 20 5 8 30 44 36 45 47 51 ]
(281.73 | 237.05) [ 0 21 25 9 34 46 51 ]
(544.32 | 245.77) [ 0 18 23 17 43 32 29 42 51 ]


3989.44
(409.45 | 568.90) [ 0 2 26 51 ]
(443.98 | 175.04) [ 0 24 12 14 39 49 37 51 ]
(354.10 | 161.43) [ 0 25 15 50 41 51 ]
(391.48 | 227.39) [ 0 18 23 17 40 48 51 ]
(288.53 | 225.39) [ 0 9 19 10 21 34 46 51 ]
(559.06 | 245.55) [ 0 1 4 3 43 32 29 42 51 ]
(445.44 | 249.76) [ 0 8 6 7 20 28 27 31 33 51 ]
(410.66 | 235.80) [ 0 13 38 35 51 ]
(466.73 | 254.61) [ 0 11 5 16 22 47 45 36 44 30 51 ]


3954.84
(381.06 | 401.06) [ 0 23 26 51 ]
(558.78 | 168.66) [ 0 3 4 43 32 29 42 51 ]
(445.66 | 164.09) [ 0 9 10 13 34 38 35 51 ]
(468.02 | 197.01) [ 0 22 19 20 5 11 47 45 36 44 30 51 ]
(375.46 | 227.67) [ 0 16 12 37 41 51 ]
(451.54 | 234.37) [ 0 8 6 7 24 28 33 31 49 51 ]
(360.23 | 245.07) [ 0 17 25 15 48 50 51 ]
(299.13 | 243.92) [ 0 18 14 21 46 51 ]
(454.97 | 253.42) [ 0 1 2 40 39 27 51 ]


3938.25
(409.45 | 370.18) [ 0 2 26 51 ]
(453.83 | 248.87) [ 0 1 4 3 41 31 28 51 ]
(410.66 | 226.39) [ 0 13 35 38 51 ]
(468.02 | 145.96) [ 0 11 5 20 19 22 47 45 36 44 30 51 ]
(285.87 | 213.49) [ 0 21 16 9 34 46 51 ]
(580.04 | 213.08) [ 0 17 18 7 6 43 32 29 42 51 ]
(456.46 | 238.66) [ 0 8 14 10 24 33 27 39 49 51 ]
(371.30 | 244.45) [ 0 23 25 50 48 51 ]
(382.63 | 252.45) [ 0 12 15 40 37 51 ]


3957.79
(354.58 | 374.58) [ 0 13 26 51 ]
(384.35 | 175.98) [ 0 15 19 12 37 40 51 ]
(371.30 | 255.77) [ 0 23 25 48 50 51 ]
(471.23 | 213.60) [ 0 5 7 20 11 22 30 44 36 45 47 51 ]
(463.19 | 252.01) [ 0 3 4 2 33 31 27 28 51 ]
(436.58 | 267.79) [ 0 1 35 38 51 ]
(553.24 | 258.47) [ 0 9 10 18 17 43 32 29 42 51 ]
(310.21 | 246.85) [ 0 21 6 8 34 46 51 ]
(433.13 | 243.69) [ 0 24 16 14 41 49 39 51 ]


3966.87
(305.55 | 508.99) [ 0 2 34 51 ]
(412.09 | -35.85) [ 0 1 4 3 30 26 46 51 ]
(443.34 | 228.17) [ 0 21 14 24 39 49 48 51 ]
(445.44 | 228.88) [ 0 8 6 7 20 28 27 31 33 51 ]
(410.66 | 208.48) [ 0 13 38 35 51 ]
(360.55 | 232.21) [ 0 9 16 25 41 50 51 ]
(386.93 | 229.51) [ 0 5 12 15 40 37 51 ]
(458.00 | 248.93) [ 0 22 10 19 11 47 45 36 44 51 ]
(544.32 | 254.93) [ 0 18 23 17 43 32 29 42 51 ]


3946.86
(409.45 | 429.45) [ 0 2 26 51 ]
(370.17 | 248.60) [ 0 10 23 48 50 51 ]
(451.54 | 234.34) [ 0 24 7 6 8 28 33 31 49 51 ]
(440.34 | 213.75) [ 0 18 14 15 27 39 40 51 ]
(375.46 | 243.90) [ 0 12 16 37 41 51 ]
(468.43 | 169.42) [ 0 11 5 20 19 17 30 44 36 45 47 51 ]
(410.66 | 247.42) [ 0 13 22 38 35 51 ]
(281.73 | 246.42) [ 0 9 25 21 46 34 51 ]
(559.06 | 257.34) [ 0 1 4 3 42 29 32 43 51 ]


3960.25
(409.45 | 529.15) [ 0 2 26 51 ]
(299.13 | -7140.16) [ 0 21 14 18 46 51 ]
(445.66 | -411.22) [ 0 9 10 13 34 38 35 51 ]
(559.06 | -829.93) [ 0 1 4 3 42 29 32 43 51 ]
(439.06 | 253.88) [ 0 5 7 6 8 39 31 27 51 ]
(408.17 | 236.90) [ 0 24 15 28 33 40 49 51 ]
(378.49 | 227.12) [ 0 23 16 48 41 51 ]
(376.23 | 257.82) [ 0 12 25 50 37 51 ]
(465.00 | 241.66) [ 0 22 17 19 20 11 47 45 36 44 30 51 ]


3869.05
(380.50 | 730.25) [ 0 1 26 51 ]
(451.39 | -2449.59) [ 0 12 6 8 37 31 33 51 ]
(378.49 | -2352.32) [ 0 23 16 41 48 51 ]
(467.67 | 163.71) [ 0 2 4 3 28 27 39 49 51 ]
(436.49 | 254.92) [ 0 13 10 38 35 51 ]
(280.62 | 250.04) [ 0 9 24 21 46 34 51 ]
(367.32 | 254.66) [ 0 25 15 50 40 51 ]
(471.09 | 250.68) [ 0 22 11 5 20 19 30 44 36 45 47 51 ]
(575.49 | 246.75) [ 0 7 14 18 17 43 32 29 42 51 ]


3923.51
(381.06 | 401.06) [ 0 23 26 51 ]
(432.72 | 121.42) [ 0 14 24 15 49 40 39 51 ]
(463.19 | 258.18) [ 0 2 4 3 33 31 27 28 51 ]
(375.54 | 249.92) [ 0 12 19 16 37 41 51 ]
(580.04 | 238.41) [ 0 6 7 18 17 42 29 32 43 51 ]
(468.64 | 241.91) [ 0 8 5 20 11 22 47 45 36 44 30 51 ]
(281.73 | 254.06) [ 0 9 25 21 46 34 51 ]
(436.49 | 246.34) [ 0 13 10 38 35 51 ]
(364.11 | 252.65) [ 0 1 50 48 51 ]


3894.01
(277.17 | 277.17) [ 0 21 46 51 ]
(380.50 | 701.75) [ 0 1 26 51 ]
(376.47 | 160.64) [ 0 9 12 25 37 50 51 ]
(463.19 | 243.17) [ 0 2 4 3 33 31 27 28 51 ]
(378.49 | 233.27) [ 0 16 23 48 41 51 ]
(468.02 | 213.68) [ 0 11 5 20 19 22 30 44 36 45 47 51 ]
(432.72 | 239.16) [ 0 14 24 15 49 40 39 51 ]
(576.04 | 250.18) [ 0 18 7 6 8 34 29 32 43 51 ]
(461.43 | 236.55) [ 0 10 17 13 35 38 42 51 ]


3874.93
(380.50 | 600.62) [ 0 1 26 51 ]
(436.49 | 243.68) [ 0 13 10 38 35 51 ]
(394.39 | 266.43) [ 0 12 23 37 48 51 ]
(432.72 | 274.66) [ 0 15 24 14 49 40 39 51 ]
(463.19 | 280.64) [ 0 2 4 3 33 31 27 28 51 ]
(280.36 | 219.27) [ 0 9 21 17 46 34 51 ]
(576.38 | 254.32) [ 0 8 6 7 18 42 29 32 43 51 ]
(471.09 | 251.77) [ 0 22 11 5 20 19 30 44 36 45 47 51 ]
(359.82 | 249.01) [ 0 16 25 41 50 51 ]


3930.28
(277.17 | 277.17) [ 0 21 46 51 ]
(380.50 | 644.92) [ 0 1 26 51 ]
(587.08 | -590.14) [ 0 3 4 2 43 32 29 44 51 ]
(375.54 | 168.89) [ 0 12 19 16 41 37 51 ]
(461.43 | 163.93) [ 0 10 17 13 42 38 35 51 ]
(438.97 | 257.38) [ 0 15 14 18 49 40 39 51 ]
(371.30 | 235.67) [ 0 23 25 50 48 51 ]
(446.20 | 247.93) [ 0 24 7 6 8 28 27 31 33 51 ]
(472.08 | 249.31) [ 0 22 9 20 5 11 34 36 45 47 30 51 ]


3955.58
(381.06 | 401.06) [ 0 23 26 51 ]
(388.94 | 111.97) [ 0 4 48 50 51 ]
(445.66 | 102.08) [ 0 9 10 13 35 38 34 51 ]
(371.27 | 260.35) [ 0 15 16 40 41 51 ]
(459.39 | 237.83) [ 0 2 3 1 33 31 27 28 51 ]
(280.89 | 242.89) [ 0 17 21 25 46 51 ]
(443.98 | 250.51) [ 0 24 12 14 37 49 39 51 ]
(576.38 | 240.28) [ 0 8 6 7 18 42 29 32 43 51 ]
(468.02 | 234.45) [ 0 11 5 20 19 22 30 44 36 45 47 51 ]


3975.70
(283.68 | 583.80) [ 0 1 46 51 ]
(354.58 | 374.58) [ 0 13 26 51 ]
(475.79 | -343.49) [ 0 19 20 5 8 11 47 45 36 44 30 51 ]
(467.67 | -466.73) [ 0 3 4 2 49 39 27 28 51 ]
(554.11 | 56.14) [ 0 17 24 14 18 43 32 29 42 51 ]
(445.71 | 179.75) [ 0 6 7 15 40 31 33 51 ]
(460.25 | 185.85) [ 0 9 12 10 35 38 34 51 ]
(362.61 | 213.54) [ 0 22 21 16 41 37 51 ]
(371.30 | 224.03) [ 0 23 25 50 48 51 ]


3936.16
(409.45 | 296.59) [ 0 2 26 51 ]
(559.06 | 214.27) [ 0 3 4 1 43 32 29 42 51 ]
(463.93 | 193.18) [ 0 6 14 18 39 31 27 51 ]
(373.81 | 230.40) [ 0 16 10 17 41 40 51 ]
(371.30 | 235.88) [ 0 25 23 50 48 51 ]
(439.57 | 216.32) [ 0 24 12 7 8 37 49 33 28 51 ]
(410.66 | 260.99) [ 0 13 38 35 51 ]
(468.02 | 253.32) [ 0 22 19 20 5 11 47 45 36 44 30 51 ]
(280.36 | 234.93) [ 0 9 15 21 46 34 51 ]


3969.97
(277.17 | 277.17) [ 0 21 46 51 ]
(409.45 | 619.78) [ 0 2 26 51 ]
(443.98 | -45.95) [ 0 14 12 24 39 49 37 51 ]
(445.66 | 145.89) [ 0 9 10 13 34 38 35 51 ]
(403.98 | 117.89) [ 0 15 7 6 40 48 51 ]
(448.81 | 245.51) [ 0 3 4 1 33 31 27 28 51 ]
(552.45 | 175.40) [ 0 17 19 23 18 43 32 29 42 51 ]
(359.82 | 236.39) [ 0 25 16 50 41 51 ]
(468.64 | 228.26) [ 0 22 11 20 5 8 47 45 36 44 30 51 ]


3906.45
(380.50 | 647.15) [ 0 1 26 51 ]
(375.14 | -67.70) [ 0 17 10 23 41 48 51 ]
(463.19 | 231.49) [ 0 2 4 3 33 31 27 28 51 ]
(280.36 | 238.96) [ 0 21 15 9 46 34 51 ]
(471.09 | 163.74) [ 0 22 11 5 20 19 30 44 36 45 47 51 ]
(410.66 | 233.14) [ 0 13 38 35 51 ]
(432.92 | 255.57) [ 0 24 16 14 39 40 49 51 ]
(376.23 | 238.57) [ 0 25 12 37 50 51 ]
(576.38 | 244.64) [ 0 18 7 6 8 43 32 29 42 51 ]


3942.58
(276.60 | 570.87) [ 0 1 34 51 ]
(463.19 | -574.34) [ 0 3 4 2 28 27 31 33 51 ]
(457.45 | -185.17) [ 0 21 20 11 46 36 45 51 ]
(371.30 | 48.70) [ 0 25 23 50 48 51 ]
(382.87 | 195.60) [ 0 9 12 15 40 37 51 ]
(448.06 | 266.93) [ 0 22 5 19 10 18 47 44 26 30 51 ]
(433.13 | 207.52) [ 0 24 16 14 41 49 39 51 ]
(410.66 | 220.61) [ 0 13 38 35 51 ]
(559.33 | 246.96) [ 0 17 7 6 8 43 32 29 42 51 ]


3926.32
(373.99 | 393.99) [ 0 21 26 51 ]
(283.68 | 669.98) [ 0 1 46 51 ]
(388.22 | 158.12) [ 0 8 25 15 50 40 51 ]
(463.19 | 153.77) [ 0 2 4 3 33 31 27 28 51 ]
(445.66 | 212.94) [ 0 13 10 9 34 38 35 51 ]
(445.00 | 253.89) [ 0 24 14 23 48 49 39 51 ]
(375.46 | 247.00) [ 0 12 16 37 41 51 ]
(471.09 | 225.45) [ 0 19 20 5 11 22 30 44 36 45 47 51 ]
(580.04 | 250.17) [ 0 6 7 18 17 43 32 29 42 51 ]


4024.48
(277.17 | 277.17) [ 0 21 46 51 ]
(405.34 | 697.87) [ 0 4 26 51 ]
(443.29 | 131.25) [ 0 10 13 34 38 35 51 ]
(472.41 | 147.31) [ 0 8 6 5 20 47 45 36 44 30 51 ]
(385.49 | 176.94) [ 0 11 24 23 37 48 51 ]
(438.97 | 191.06) [ 0 15 14 18 39 40 49 51 ]
(459.39 | 254.78) [ 0 2 3 1 33 31 27 28 51 ]
(562.46 | 208.27) [ 0 17 19 12 7 9 42 29 32 43 51 ]
(359.97 | 230.45) [ 0 22 16 25 50 41 51 ]


3940.46
(380.50 | 554.90) [ 0 1 26 51 ]
(441.44 | 34.57) [ 0 25 14 18 50 49 39 51 ]
(463.19 | 201.05) [ 0 2 4 3 33 31 27 28 51 ]
(551.60 | 218.89) [ 0 8 6 7 5 43 32 29 42 51 ]
(371.27 | 239.86) [ 0 16 15 40 41 51 ]
(466.78 | 251.67) [ 0 10 19 20 11 30 44 36 45 47 51 ]
(410.66 | 231.51) [ 0 22 13 35 38 51 ]
(280.62 | 213.71) [ 0 17 21 24 9 34 46 51 ]
(394.39 | 239.64) [ 0 12 23 48 37 51 ]


4004.80
(277.17 | 277.17) [ 0 21 46 51 ]
(461.94 | -3861.81) [ 0 1 23 26 51 ]
(372.59 | 177.37) [ 0 10 16 24 48 41 51 ]
(471.21 | 145.63) [ 0 11 5 7 20 22 30 44 36 45 47 51 ]
(417.47 | 216.65) [ 0 13 34 38 35 51 ]
(467.67 | 216.84) [ 0 2 4 3 49 39 27 28 51 ]
(445.18 | 228.40) [ 0 8 6 15 40 31 33 51 ]
(554.19 | 200.67) [ 0 18 14 17 9 43 32 29 42 51 ]
(377.38 | 251.42) [ 0 12 19 25 50 37 51 ]


3920.15
(380.50 | 613.51) [ 0 1 26 51 ]
(295.24 | -828.10) [ 0 18 21 22 46 51 ]
(434.43 | 251.22) [ 0 24 25 14 50 49 39 51 ]
(375.46 | 248.85) [ 0 16 12 37 41 51 ]
(440.24 | 262.40) [ 0 7 6 8 33 31 27 28 51 ]
(573.44 | 170.88) [ 0 2 4 3 43 32 29 42 51 ]
(386.75 | 232.76) [ 0 23 15 40 48 51 ]
(445.66 | 222.57) [ 0 9 10 13 34 38 35 51 ]
(468.43 | 242.13) [ 0 17 19 20 5 11 30 44 36 45 47 51 ]


3968.76
(354.58 | 374.58) [ 0 13 26 51 ]
(463.23 | 229.48) [ 0 4 2 40 39 27 51 ]
(467.82 | 171.85) [ 0 24 19 20 11 22 30 44 36 45 47 51 ]
(444.56 | 244.98) [ 0 1 3 49 31 33 28 51 ]
(280.36 | 177.88) [ 0 21 15 9 34 46 51 ]
(452.12 | 250.82) [ 0 18 14 10 38 35 51 ]
(375.46 | 236.73) [ 0 12 16 37 41 51 ]
(371.30 | 235.19) [ 0 23 25 48 50 51 ]
(559.34 | 240.68) [ 0 17 5 7 6 8 42 29 32 43 51 ]


