4787.97
(426.65 | -933.76) [ 0 2 1 44 51 52 49 61 ]
(471.90 | 196.92) [ 0 17 10 27 40 57 60 61 ]
(514.09 | 175.47) [ 0 15 8 7 24 38 54 37 45 61 ]
(432.46 | 105.25) [ 0 28 21 22 48 32 61 ]
(373.36 | 129.02) [ 0 19 18 30 36 58 61 ]
(385.15 | 111.44) [ 0 16 25 12 46 42 55 61 ]
(517.23 | 120.68) [ 0 20 14 29 39 59 50 61 ]
(502.39 | 126.74) [ 0 6 4 13 41 34 31 61 ]
(405.95 | 186.49) [ 0 3 26 56 43 33 61 ]
(478.79 | 181.93) [ 0 11 9 23 5 35 47 53 61 ]


4866.53
(523.11 | -446.68) [ 0 18 7 8 38 37 45 42 61 ]
(449.01 | -6008.98) [ 0 15 27 17 30 58 48 61 ]
(406.60 | 47.05) [ 0 26 3 56 52 33 61 ]
(573.29 | -126.73) [ 0 6 4 14 9 39 44 50 54 61 ]
(460.08 | 142.71) [ 0 1 2 32 40 61 ]
(448.34 | 82.63) [ 0 19 29 21 51 57 59 61 ]
(485.58 | 122.42) [ 0 10 12 5 53 47 35 61 ]
(451.29 | 99.96) [ 0 11 20 23 41 34 31 61 ]
(375.37 | 93.78) [ 0 16 25 22 60 46 55 61 ]
(373.86 | 102.98) [ 0 24 28 13 43 36 49 61 ]


4823.76
(434.04 | -497.93) [ 0 6 5 15 58 39 36 61 ]
(585.33 | -378.78) [ 0 4 7 30 19 49 60 37 45 61 ]
(533.98 | 64.56) [ 0 1 2 54 50 38 61 ]
(435.07 | 139.13) [ 0 20 23 12 48 53 61 ]
(479.04 | 119.05) [ 0 8 29 27 35 57 59 61 ]
(455.82 | 113.30) [ 0 17 9 14 18 32 47 44 61 ]
(406.60 | 144.39) [ 0 3 26 56 52 33 61 ]
(445.43 | 141.97) [ 0 11 28 24 41 34 31 61 ]
(405.23 | 80.53) [ 0 13 10 21 40 51 43 61 ]
(383.22 | 80.48) [ 0 16 25 22 55 42 46 61 ]


4777.18
(499.29 | -1421.85) [ 0 4 20 11 31 34 41 61 ]
(523.24 | -1533.04) [ 0 6 5 15 59 57 35 61 ]
(485.28 | -31.78) [ 0 3 26 21 56 51 33 61 ]
(460.14 | -2.05) [ 0 30 12 25 19 55 42 37 45 61 ]
(464.45 | 107.28) [ 0 2 1 43 47 32 61 ]
(454.51 | 133.78) [ 0 18 23 14 44 53 48 61 ]
(347.42 | 95.62) [ 0 16 13 27 60 46 61 ]
(395.56 | 117.84) [ 0 29 10 52 40 49 61 ]
(511.15 | 176.31) [ 0 8 7 24 22 38 50 54 61 ]
(396.15 | 190.14) [ 0 17 9 28 36 39 58 61 ]


4863.92
(445.67 | -277.05) [ 0 15 28 11 31 34 41 61 ]
(527.94 | -295.94) [ 0 2 26 21 48 32 61 ]
(419.47 | -359.63) [ 0 10 14 9 17 39 40 51 61 ]
(498.38 | -286.33) [ 0 1 3 59 38 54 61 ]
(511.06 | -979.75) [ 0 30 8 18 60 50 57 44 61 ]
(445.85 | 64.18) [ 0 12 25 24 27 55 42 37 45 61 ]
(435.77 | 147.84) [ 0 5 4 22 33 52 56 61 ]
(421.59 | 87.59) [ 0 6 13 19 43 36 49 61 ]
(441.53 | 81.55) [ 0 7 29 23 35 47 53 61 ]
(376.66 | 113.29) [ 0 20 16 46 58 61 ]


4929.84
(370.93 | -5618.14) [ 0 17 24 13 19 43 49 61 ]
(583.75 | -611.31) [ 0 8 4 5 45 54 38 60 61 ]
(456.09 | -742.15) [ 0 9 23 28 35 53 39 56 61 ]
(493.34 | -261.28) [ 0 11 12 6 22 36 44 48 61 ]
(540.59 | -446.56) [ 0 30 29 7 27 59 50 37 61 ]
(440.62 | -280.51) [ 0 18 20 41 34 31 61 ]
(411.47 | -344.56) [ 0 14 10 15 58 40 61 ]
(403.38 | 133.06) [ 0 1 3 33 51 52 61 ]
(503.81 | 94.98) [ 0 2 26 57 47 32 61 ]
(385.86 | -18.73) [ 0 16 25 21 55 42 46 61 ]


4795.25
(464.45 | -528.49) [ 0 1 2 43 47 32 61 ]
(451.07 | -170.59) [ 0 8 17 20 59 57 49 61 ]
(443.32 | -283.84) [ 0 15 19 7 13 55 42 37 45 61 ]
(504.10 | -184.25) [ 0 5 4 9 22 35 53 39 52 61 ]
(496.12 | 143.04) [ 0 12 14 6 21 36 44 48 61 ]
(411.92 | 73.98) [ 0 3 26 33 51 56 61 ]
(452.98 | 130.06) [ 0 16 23 11 41 34 31 61 ]
(402.97 | 128.82) [ 0 10 28 40 58 61 ]
(504.30 | 117.33) [ 0 29 25 24 54 50 38 61 ]
(364.03 | 150.79) [ 0 27 18 30 46 60 61 ]


4838.48
(593.58 | 104.25) [ 0 1 2 31 32 61 ]
(411.92 | -197.79) [ 0 3 26 33 51 56 61 ]
(444.77 | -625.47) [ 0 17 24 19 30 48 40 61 ]
(483.81 | -414.31) [ 0 5 4 21 53 47 35 61 ]
(509.34 | -716.54) [ 0 27 8 20 38 50 57 61 ]
(377.59 | 100.61) [ 0 10 18 55 46 60 61 ]
(452.36 | 82.82) [ 0 11 12 25 15 41 34 45 61 ]
(443.72 | 117.25) [ 0 9 14 23 6 49 36 44 39 61 ]
(377.96 | 68.96) [ 0 22 28 13 58 52 43 61 ]
(503.43 | 21.99) [ 0 16 7 29 42 37 54 59 61 ]


4868.40
(539.77 | 11.28) [ 0 22 17 27 13 57 50 47 61 ]
(420.61 | -5.48) [ 0 6 5 19 49 36 43 61 ]
(436.49 | 27.89) [ 0 15 18 24 56 35 48 61 ]
(417.34 | 91.06) [ 0 1 3 40 33 61 ]
(453.72 | 136.74) [ 0 2 26 53 32 61 ]
(471.87 | 137.29) [ 0 8 29 12 38 59 51 61 ]
(510.15 | 43.87) [ 0 11 7 10 30 45 37 54 60 61 ]
(389.86 | 27.81) [ 0 20 28 46 42 55 61 ]
(402.33 | 35.93) [ 0 16 25 14 9 52 44 39 58 61 ]
(506.25 | 40.41) [ 0 23 4 21 41 34 31 61 ]


4856.13
(444.28 | -481.32) [ 0 8 20 21 51 40 47 61 ]
(448.48 | -410.01) [ 0 28 12 17 41 34 31 61 ]
(532.37 | -5152.46) [ 0 1 2 57 50 38 61 ]
(422.98 | -108.70) [ 0 11 25 18 32 48 61 ]
(436.46 | -32.35) [ 0 10 29 58 59 61 ]
(373.83 | -5.50) [ 0 16 27 24 46 42 55 61 ]
(485.12 | 183.92) [ 0 13 23 5 35 53 43 61 ]
(502.69 | 134.43) [ 0 15 19 7 30 60 54 37 45 61 ]
(456.05 | 171.52) [ 0 9 14 4 6 39 44 36 49 61 ]
(473.86 | 105.30) [ 0 22 26 3 56 52 33 61 ]


4880.91
(470.96 | -416.00) [ 0 2 26 56 59 51 61 ]
(417.34 | -771.21) [ 0 1 3 33 40 61 ]
(457.52 | -1805.75) [ 0 13 30 12 6 49 52 44 43 61 ]
(569.50 | -20.03) [ 0 22 9 4 5 54 50 57 39 61 ]
(520.32 | -65.06) [ 0 7 8 28 45 37 38 60 61 ]
(376.61 | 10.48) [ 0 15 10 24 36 58 61 ]
(439.70 | 01.77) [ 0 19 27 11 21 31 34 41 61 ]
(438.19 | 73.37) [ 0 23 14 20 35 47 53 61 ]
(423.86 | 121.67) [ 0 29 18 32 48 61 ]
(386.90 | 93.51) [ 0 16 25 17 46 42 55 61 ]


4770.59
(439.96 | -46.86) [ 0 13 28 27 59 57 43 61 ]
(442.33 | -9.05) [ 0 15 19 23 49 53 47 61 ]
(416.19 | 158.95) [ 0 16 25 11 55 46 52 61 ]
(476.42 | -9.84) [ 0 6 5 21 35 51 36 61 ]
(472.04 | -1380.24) [ 0 1 2 31 34 41 61 ]
(419.32 | 133.78) [ 0 26 3 56 44 39 33 61 ]
(490.16 | 152.15) [ 0 18 14 4 32 48 61 ]
(403.95 | 135.88) [ 0 10 8 22 40 58 61 ]
(505.41 | 57.98) [ 0 24 9 17 20 54 50 38 61 ]
(484.80 | 178.98) [ 0 12 29 7 30 45 37 42 60 61 ]


4728.67
(455.39 | -167.85) [ 0 2 1 32 48 61 ]
(398.48 | 189.30) [ 0 24 8 10 58 40 61 ]
(499.33 | -36.78) [ 0 17 4 6 31 34 41 61 ]
(376.03 | 185.91) [ 0 19 27 11 21 51 36 49 61 ]
(527.55 | 209.08) [ 0 26 3 38 50 56 61 ]
(381.52 | 28.63) [ 0 25 30 16 55 46 60 61 ]
(495.78 | 114.17) [ 0 29 14 9 5 39 44 57 59 61 ]
(376.92 | 89.45) [ 0 13 28 22 33 52 43 61 ]
(516.18 | 153.59) [ 0 15 18 12 54 37 45 42 61 ]
(441.51 | 111.59) [ 0 20 23 7 35 47 53 61 ]


4803.99
(612.24 | -827.01) [ 0 5 4 9 7 41 34 37 54 61 ]
(426.37 | -731.12) [ 0 17 20 15 35 47 53 61 ]
(405.95 | 133.95) [ 0 3 26 33 43 56 61 ]
(562.76 | 116.50) [ 0 6 14 8 30 38 50 44 39 61 ]
(435.77 | 109.14) [ 0 19 27 11 22 59 57 49 61 ]
(469.02 | 155.98) [ 0 1 2 31 45 42 61 ]
(438.34 | 154.99) [ 0 29 23 24 32 48 61 ]
(377.68 | 149.92) [ 0 28 18 36 58 61 ]
(370.85 | 81.12) [ 0 25 13 16 60 46 55 61 ]
(405.01 | 163.20) [ 0 21 12 10 40 51 52 61 ]


4855.34
(574.60 | -479.94) [ 0 26 2 54 37 34 41 61 ]
(496.80 | -510.65) [ 0 20 13 19 56 50 38 61 ]
(428.24 | -369.12) [ 0 28 18 48 32 61 ]
(503.39 | -219.56) [ 0 11 24 12 4 42 45 31 61 ]
(440.36 | -147.74) [ 0 15 29 27 49 57 59 61 ]
(378.02 | 73.03) [ 0 16 25 21 60 46 55 61 ]
(417.29 | 111.52) [ 0 30 10 9 22 39 40 36 61 ]
(396.58 | 107.09) [ 0 3 1 43 52 33 61 ]
(471.77 | 141.55) [ 0 6 5 17 53 47 35 61 ]
(408.30 | 199.18) [ 0 7 8 23 14 58 44 51 61 ]


4708.98
(500.29 | -278.49) [ 0 5 4 9 11 31 34 41 61 ]
(429.75 | 37.13) [ 0 10 18 40 46 61 ]
(439.77 | 91.46) [ 0 3 26 33 56 60 61 ]
(457.20 | -28.58) [ 0 15 25 14 12 55 42 37 45 61 ]
(455.39 | 56.01) [ 0 1 2 48 32 61 ]
(376.68 | 81.60) [ 0 16 19 21 49 36 51 61 ]
(511.21 | 96.79) [ 0 20 24 8 54 50 38 61 ]
(478.98 | 142.36) [ 0 17 23 6 53 47 35 61 ]
(376.77 | 157.03) [ 0 30 29 7 13 58 52 43 61 ]
(442.94 | 152.02) [ 0 22 28 27 59 57 44 39 61 ]


4725.06
(482.84 | 84.20) [ 0 26 2 46 38 56 61 ]
(449.26 | -220.43) [ 0 22 9 29 27 59 57 39 52 61 ]
(559.75 | -270.07) [ 0 5 14 20 44 50 54 60 61 ]
(402.97 | -499.40) [ 0 10 28 58 40 61 ]
(497.04 | -32.66) [ 0 21 4 6 31 34 41 61 ]
(458.82 | -114.92) [ 0 12 25 30 15 45 37 42 55 61 ]
(391.22 | 151.79) [ 0 1 3 49 33 61 ]
(380.69 | 158.72) [ 0 11 7 13 16 36 51 43 61 ]
(418.32 | 53.78) [ 0 19 18 24 32 48 61 ]
(444.16 | 157.13) [ 0 8 23 17 35 47 53 61 ]


4772.22
(496.95 | -151.45) [ 0 6 4 22 31 34 41 61 ]
(448.52 | -2128.95) [ 0 11 28 5 58 40 61 ]
(455.39 | -1658.69) [ 0 1 2 32 48 61 ]
(441.01 | -269.15) [ 0 24 29 19 49 57 59 61 ]
(545.54 | -118.33) [ 0 15 7 14 9 21 45 37 42 44 39 61 ]
(370.85 | -14.26) [ 0 16 27 25 60 46 55 61 ]
(382.83 | 87.13) [ 0 13 18 17 43 51 36 61 ]
(438.04 | -4.85) [ 0 20 23 12 53 47 35 61 ]
(506.48 | -11.61) [ 0 8 10 30 54 50 38 61 ]
(406.60 | 72.90) [ 0 3 26 33 52 56 61 ]


4857.58
(444.82 | -8196.26) [ 0 10 25 24 31 34 41 61 ]
(456.37 | -626.02) [ 0 30 29 7 13 60 59 39 43 61 ]
(469.72 | -1075.66) [ 0 27 19 16 40 38 54 61 ]
(438.20 | -780.51) [ 0 28 9 6 58 46 61 ]
(455.24 | 150.86) [ 0 15 8 12 11 55 42 37 45 61 ]
(531.77 | 208.66) [ 0 26 2 50 57 56 61 ]
(423.85 | 45.64) [ 0 22 21 20 52 51 32 61 ]
(454.51 | 50.94) [ 0 18 23 14 44 53 48 61 ]
(391.22 | 144.41) [ 0 1 3 49 33 61 ]
(491.91 | 137.58) [ 0 5 4 17 36 47 35 61 ]


4761.53
(455.39 | -149.87) [ 0 1 2 32 48 61 ]
(446.33 | -214.86) [ 0 6 4 21 36 51 39 52 61 ]
(484.22 | -234.55) [ 0 5 17 29 53 47 35 61 ]
(515.55 | -390.26) [ 0 19 14 9 20 50 59 44 61 ]
(522.54 | 125.82) [ 0 22 24 27 15 45 37 54 57 61 ]
(388.22 | 205.34) [ 0 13 18 12 55 42 46 61 ]
(474.83 | 246.15) [ 0 8 10 30 40 38 60 61 ]
(405.95 | 104.09) [ 0 3 26 33 43 56 61 ]
(375.51 | 14.28) [ 0 7 28 25 58 49 61 ]
(452.98 | 23.42) [ 0 16 23 11 41 34 31 61 ]


4988.52
(420.27 | -26837.70) [ 0 15 7 25 17 43 46 55 61 ]
(364.90 | -17044.61) [ 0 22 18 19 33 49 61 ]
(454.58 | 143.77) [ 0 26 2 32 48 61 ]
(475.34 | -358.83) [ 0 27 29 8 54 38 57 56 61 ]
(504.91 | -198.83) [ 0 5 4 14 9 59 44 39 51 61 ]
(509.98 | 137.89) [ 0 24 28 30 58 50 61 ]
(479.03 | -76.21) [ 0 20 12 6 47 53 36 61 ]
(499.08 | -84.98) [ 0 1 3 45 37 42 60 61 ]
(447.44 | -97.04) [ 0 13 10 21 35 40 52 61 ]
(452.98 | -168.83) [ 0 16 23 11 41 34 31 61 ]


4732.71
(472.04 | -31.47) [ 0 2 1 31 34 41 61 ]
(440.36 | -197.97) [ 0 19 29 27 49 57 59 61 ]
(446.50 | -14.33) [ 0 3 26 43 51 56 60 61 ]
(416.03 | -101.12) [ 0 11 12 14 17 22 40 44 39 52 61 ]
(416.31 | -14.04) [ 0 16 18 48 32 61 ]
(425.32 | -68.23) [ 0 6 4 21 36 33 61 ]
(392.27 | -11.67) [ 0 28 10 58 46 61 ]
(508.61 | 131.15) [ 0 30 8 24 13 54 50 38 61 ]
(456.57 | 120.74) [ 0 20 9 25 7 55 42 37 45 61 ]
(478.68 | 108.95) [ 0 5 23 15 53 47 35 61 ]


4903.52
(428.63 | -22225.81) [ 0 16 30 9 11 46 51 52 61 ]
(431.76 | -281.86) [ 0 17 28 13 48 32 61 ]
(530.53 | -629.77) [ 0 6 29 24 39 59 54 60 61 ]
(467.04 | 98.41) [ 0 1 3 31 34 41 61 ]
(404.39 | 27.52) [ 0 26 2 58 56 43 61 ]
(509.26 | 103.77) [ 0 22 8 18 57 50 38 61 ]
(420.61 | 115.72) [ 0 15 27 20 53 47 35 61 ]
(509.06 | 103.13) [ 0 5 4 25 55 42 37 45 61 ]
(416.22 | 73.09) [ 0 21 14 23 12 44 40 36 61 ]
(366.03 | -78.48) [ 0 10 7 19 33 49 61 ]


4884.10
(444.00 | 15.30) [ 0 2 26 51 56 46 61 ]
(494.01 | -101.96) [ 0 27 25 11 21 41 31 37 60 61 ]
(492.83 | -406.61) [ 0 6 28 43 58 42 61 ]
(401.86 | 43.19) [ 0 22 10 19 49 40 52 61 ]
(548.87 | 94.95) [ 0 5 4 14 30 35 57 59 61 ]
(437.15 | 93.55) [ 0 29 23 12 32 53 61 ]
(426.79 | 133.65) [ 0 13 15 16 55 45 34 61 ]
(511.21 | 79.10) [ 0 20 24 8 38 50 54 61 ]
(452.07 | 128.93) [ 0 18 7 9 17 39 44 47 48 61 ]
(395.33 | 143.90) [ 0 3 1 36 33 61 ]


4816.01
(379.69 | -10131.83) [ 0 18 16 33 39 56 61 ]
(401.68 | -1550.17) [ 0 19 10 22 52 51 40 61 ]
(392.94 | -1293.19) [ 0 28 12 21 58 46 61 ]
(464.33 | -2117.65) [ 0 20 14 29 44 57 59 60 61 ]
(450.89 | 48.11) [ 0 11 25 30 15 34 45 55 61 ]
(507.29 | 77.18) [ 0 1 3 41 31 37 42 61 ]
(502.38 | -102.33) [ 0 17 24 27 13 54 50 38 61 ]
(454.58 | 149.32) [ 0 26 2 32 48 61 ]
(438.99 | 150.14) [ 0 7 9 4 6 49 36 43 61 ]
(483.23 | 159.33) [ 0 8 23 5 53 47 35 61 ]


4832.95
(426.56 | -49.06) [ 0 10 29 32 48 61 ]
(414.78 | -113.11) [ 0 27 7 9 17 22 56 39 44 40 61 ]
(403.38 | -194.93) [ 0 1 3 33 51 52 61 ]
(565.81 | -31.49) [ 0 6 4 21 34 58 61 ]
(487.90 | 86.77) [ 0 2 26 57 59 38 61 ]
(448.51 | 136.34) [ 0 11 28 15 41 31 45 61 ]
(483.23 | 06.79) [ 0 5 23 8 53 47 35 61 ]
(543.50 | 90.12) [ 0 20 12 14 24 50 54 37 42 61 ]
(381.57 | 160.26) [ 0 25 18 30 55 46 60 61 ]
(357.73 | 105.90) [ 0 13 19 16 49 36 43 61 ]


4848.11
(541.64 | -674.65) [ 0 19 7 20 41 34 37 56 61 ]
(433.36 | -3977.62) [ 0 21 4 6 49 36 51 61 ]
(478.81 | -484.98) [ 0 17 23 5 53 47 35 61 ]
(400.47 | -228.28) [ 0 29 28 40 58 61 ]
(364.50 | 115.12) [ 0 15 18 24 33 52 43 61 ]
(472.87 | 115.62) [ 0 2 16 48 32 61 ]
(506.48 | 30.47) [ 0 30 10 8 54 50 38 61 ]
(464.01 | 108.65) [ 0 1 3 31 45 42 61 ]
(376.17 | 07.75) [ 0 13 25 12 11 60 46 55 61 ]
(489.80 | 216.59) [ 0 26 27 14 9 22 59 57 44 39 61 ]


4809.35
(503.01 | -128.83) [ 0 4 9 11 15 31 34 41 61 ]
(426.17 | -24.03) [ 0 13 8 16 32 48 61 ]
(533.98 | -53.01) [ 0 1 2 38 50 54 61 ]
(420.44 | -1327.16) [ 0 6 5 12 58 36 61 ]
(523.97 | 03.58) [ 0 27 26 3 59 57 56 61 ]
(439.12 | -53.01) [ 0 24 23 14 17 53 47 35 61 ]
(369.91 | 04.69) [ 0 20 21 22 33 51 52 61 ]
(406.52 | 95.83) [ 0 10 29 43 39 44 40 61 ]
(414.68 | 74.50) [ 0 30 18 19 49 60 46 61 ]
(451.55 | 78.65) [ 0 7 28 25 45 37 42 55 61 ]


4830.25
(467.04 | -253.28) [ 0 1 3 41 34 31 61 ]
(534.84 | -591.70) [ 0 18 7 9 24 56 39 54 37 45 61 ]
(508.90 | -12383.94) [ 0 11 28 8 50 38 60 61 ]
(376.22 | 130.03) [ 0 16 15 13 49 44 58 61 ]
(402.75 | 126.34) [ 0 27 10 22 40 51 52 61 ]
(455.61 | 127.28) [ 0 12 14 29 30 43 57 59 61 ]
(425.32 | 110.66) [ 0 6 4 21 36 33 61 ]
(454.58 | 74.31) [ 0 26 2 32 48 61 ]
(385.52 | 116.75) [ 0 20 17 25 46 42 55 61 ]
(479.46 | 43.84) [ 0 19 23 5 35 47 53 61 ]


4840.13
(474.94 | -174.55) [ 0 20 5 21 40 46 61 ]
(494.55 | -475.44) [ 0 25 7 10 55 37 34 41 61 ]
(395.33 | 139.52) [ 0 3 1 33 36 61 ]
(454.58 | 96.15) [ 0 26 2 48 32 61 ]
(497.57 | 74.77) [ 0 11 9 8 30 24 39 59 54 60 61 ]
(381.56 | 109.43) [ 0 13 28 17 58 56 43 61 ]
(395.33 | 128.13) [ 0 22 18 19 44 51 52 49 61 ]
(562.55 | 73.33) [ 0 6 4 27 38 50 57 61 ]
(439.82 | 144.96) [ 0 14 23 16 53 47 35 61 ]
(443.89 | 102.18) [ 0 15 29 12 42 45 31 61 ]


4816.69
(381.45 | -490.27) [ 0 21 13 16 46 58 61 ]
(532.37 | -413.65) [ 0 1 2 57 50 38 61 ]
(438.12 | -328.81) [ 0 29 14 20 48 32 61 ]
(438.79 | -569.74) [ 0 11 18 19 41 34 31 61 ]
(408.25 | -240.65) [ 0 10 8 24 51 40 44 61 ]
(406.60 | 116.57) [ 0 26 3 56 52 33 61 ]
(573.73 | 103.39) [ 0 6 4 9 7 39 59 54 37 61 ]
(461.09 | 27.08) [ 0 15 30 25 12 55 45 42 60 61 ]
(377.48 | 111.78) [ 0 27 28 22 43 36 49 61 ]
(478.81 | 141.71) [ 0 17 23 5 35 47 53 61 ]


4825.82
(488.73 | -21769.42) [ 0 23 4 21 32 53 61 ]
(542.40 | -512.09) [ 0 1 2 54 50 39 52 61 ]
(445.25 | -1756.07) [ 0 9 14 28 24 48 58 61 ]
(511.08 | -455.44) [ 0 30 10 7 11 60 37 34 41 61 ]
(404.44 | -53.92) [ 0 20 12 19 49 40 44 61 ]
(477.58 | -133.58) [ 0 17 5 6 36 47 35 61 ]
(411.92 | 49.35) [ 0 3 26 33 51 56 61 ]
(406.99 | -9.77) [ 0 16 13 25 43 46 55 61 ]
(437.68 | -27.48) [ 0 22 18 15 31 45 42 61 ]
(459.76 | 81.55) [ 0 27 29 8 57 59 38 61 ]


4927.99
(419.32 | -351.34) [ 0 26 3 56 44 39 33 61 ]
(447.89 | -774.85) [ 0 27 25 29 40 59 61 ]
(445.68 | -733.40) [ 0 5 4 15 55 42 46 61 ]
(441.34 | -869.85) [ 0 24 17 8 30 32 48 61 ]
(452.98 | -117.48) [ 0 16 23 11 41 34 31 61 ]
(532.30 | -154.51) [ 0 2 1 45 37 54 60 61 ]
(390.37 | -152.44) [ 0 22 9 28 7 58 52 51 61 ]
(433.48 | -19.01) [ 0 21 12 18 53 47 35 61 ]
(557.49 | -43.06) [ 0 10 14 6 38 50 57 61 ]
(367.13 | -80.45) [ 0 20 13 19 49 36 43 61 ]


4723.35
(434.89 | -458.90) [ 0 2 26 56 39 44 40 61 ]
(469.87 | -786.58) [ 0 9 29 8 7 38 59 57 61 ]
(468.94 | -109.24) [ 0 6 14 25 11 41 31 55 61 ]
(392.27 | 90.20) [ 0 10 28 58 46 61 ]
(418.43 | 107.77) [ 0 18 24 27 48 32 61 ]
(486.11 | 90.18) [ 0 5 4 17 35 47 53 61 ]
(403.38 | 134.45) [ 0 1 3 33 51 52 61 ]
(455.99 | 71.23) [ 0 15 12 21 22 34 45 42 61 ]
(555.74 | 64.51) [ 0 20 23 30 37 54 50 60 61 ]
(357.73 | 105.14) [ 0 16 19 13 49 36 43 61 ]


4929.93
(457.06 | -233.88) [ 0 9 14 4 6 36 51 44 56 61 ]
(524.41 | -204.54) [ 0 15 7 27 13 43 57 37 45 61 ]
(443.46 | -108.10) [ 0 18 8 24 31 34 41 61 ]
(432.37 | 170.48) [ 0 30 10 19 48 40 61 ]
(589.46 | -913.23) [ 0 20 5 21 54 50 35 61 ]
(530.05 | -511.90) [ 0 2 1 38 59 47 61 ]
(452.50 | -667.89) [ 0 11 23 29 32 53 39 61 ]
(386.90 | -16.91) [ 0 16 25 17 46 42 55 61 ]
(421.76 | -75.63) [ 0 28 12 22 58 52 60 61 ]
(391.96 | 151.13) [ 0 3 26 33 49 61 ]


4814.21
(394.13 | 00.00) [ 0 13 10 27 40 33 61 ]
(397.61 | -514.35) [ 0 3 1 58 52 43 61 ]
(499.16 | 184.67) [ 0 11 4 6 41 34 31 61 ]
(507.29 | 136.67) [ 0 30 8 24 15 45 37 54 60 61 ]
(515.84 | 171.19) [ 0 29 23 22 38 50 56 61 ]
(453.72 | 71.50) [ 0 2 26 32 53 61 ]
(456.40 | 40.64) [ 0 17 9 14 18 48 47 44 39 61 ]
(389.45 | 60.40) [ 0 7 28 25 55 42 46 61 ]
(523.93 | 63.81) [ 0 20 12 5 35 57 59 61 ]
(376.68 | 131.06) [ 0 21 19 16 49 36 51 61 ]


4835.21
(396.19 | -719.97) [ 0 16 19 13 46 56 49 61 ]
(438.30 | -429.66) [ 0 9 10 7 27 32 48 61 ]
(547.09 | -1055.24) [ 0 6 4 22 37 45 34 41 61 ]
(417.46 | -984.78) [ 0 21 14 23 12 51 40 44 61 ]
(459.01 | -48.68) [ 0 1 2 31 42 55 61 ]
(513.02 | 16.57) [ 0 20 8 30 38 50 54 61 ]
(444.36 | 124.50) [ 0 24 18 15 39 57 59 60 61 ]
(378.24 | 103.22) [ 0 11 28 25 36 58 61 ]
(397.31 | 128.31) [ 0 3 26 43 52 33 61 ]
(484.22 | 42.89) [ 0 29 17 5 35 47 53 61 ]


4846.71
(391.94 | -1076.69) [ 0 10 17 21 58 52 51 61 ]
(535.18 | -882.73) [ 0 2 1 31 45 56 61 ]
(423.22 | 59.32) [ 0 11 18 27 32 48 61 ]
(433.81 | 62.10) [ 0 30 8 24 15 53 47 35 61 ]
(509.12 | 31.19) [ 0 5 4 25 41 34 55 61 ]
(507.99 | 118.68) [ 0 28 20 38 50 54 61 ]
(441.86 | 99.38) [ 0 7 29 12 22 42 37 60 46 61 ]
(487.79 | 213.70) [ 0 9 14 23 6 59 57 44 39 61 ]
(418.08 | 221.38) [ 0 3 26 40 33 61 ]
(357.73 | 127.97) [ 0 13 19 16 43 36 49 61 ]


4904.42
(521.37 | -12772.21) [ 0 11 23 7 19 49 37 45 61 ]
(471.24 | -238.84) [ 0 26 2 41 34 31 61 ]
(428.33 | -130.85) [ 0 1 3 43 40 56 61 ]
(460.69 | -433.96) [ 0 30 8 28 58 38 60 61 ]
(488.82 | -840.36) [ 0 27 14 6 22 39 44 57 59 61 ]
(486.11 | -120.87) [ 0 5 4 17 53 47 35 61 ]
(371.28 | 81.33) [ 0 16 15 21 33 51 52 61 ]
(395.42 | 92.03) [ 0 13 29 12 9 55 42 46 61 ]
(517.20 | 88.47) [ 0 10 25 24 36 50 54 61 ]
(423.96 | 100.04) [ 0 18 20 32 48 61 ]


4890.75
(396.77 | -2224.79) [ 0 19 28 9 49 52 39 61 ]
(503.94 | -374.35) [ 0 29 7 16 44 59 50 61 ]
(430.97 | -49181.68) [ 0 21 11 18 48 33 61 ]
(499.41 | -103700.42) [ 0 17 23 4 35 53 51 61 ]
(427.31 | 175.79) [ 0 20 12 25 31 42 55 61 ]
(403.95 | 180.71) [ 0 10 8 22 58 40 61 ]
(464.23 | 59.35) [ 0 24 27 13 15 54 38 57 43 61 ]
(517.17 | 156.43) [ 0 1 3 41 34 45 37 61 ]
(475.43 | 130.95) [ 0 30 14 5 6 36 60 46 61 ]
(471.58 | 81.88) [ 0 2 26 32 47 56 61 ]


4892.62
(419.01 | -23.79) [ 0 26 3 33 44 43 61 ]
(482.38 | -285.51) [ 0 22 24 8 27 56 57 38 54 61 ]
(500.29 | -136.27) [ 0 11 9 4 5 31 34 41 61 ]
(424.92 | -1568.33) [ 0 30 28 25 60 52 58 61 ]
(556.23 | -1144.44) [ 0 15 18 7 48 37 45 61 ]
(433.55 | -441.99) [ 0 16 12 6 46 42 55 61 ]
(441.71 | -86.43) [ 0 29 23 14 53 47 35 61 ]
(441.13 | -80.21) [ 0 21 10 13 32 40 61 ]
(408.37 | -58.75) [ 0 1 2 51 36 49 61 ]
(505.01 | 45.95) [ 0 19 17 20 50 59 39 61 ]


4913.80
(409.67 | -412.09) [ 0 11 9 14 8 27 56 44 39 33 61 ]
(518.44 | -413.77) [ 0 20 28 54 50 36 61 ]
(512.30 | -514.64) [ 0 1 2 41 31 37 42 61 ]
(426.79 | -69.23) [ 0 16 15 13 34 45 55 61 ]
(487.96 | 125.11) [ 0 6 4 21 35 53 49 61 ]
(484.43 | 156.77) [ 0 3 26 38 59 57 61 ]
(381.89 | 107.97) [ 0 23 29 30 46 60 61 ]
(445.06 | 110.19) [ 0 10 12 17 47 40 51 61 ]
(420.61 | 108.72) [ 0 18 25 24 32 48 61 ]
(426.65 | 110.89) [ 0 19 7 5 22 58 52 43 61 ]


4832.14
(472.04 | -9.49) [ 0 2 1 41 34 31 61 ]
(440.78 | -672.01) [ 0 6 4 22 58 46 61 ]
(417.96 | -659.23) [ 0 11 9 10 30 51 40 39 61 ]
(479.21 | -278.04) [ 0 5 14 28 53 47 35 61 ]
(442.05 | -232.74) [ 0 21 18 27 33 52 57 61 ]
(435.04 | -278.15) [ 0 8 17 20 48 32 61 ]
(357.73 | -315.05) [ 0 13 19 16 43 36 49 61 ]
(452.32 | 46.16) [ 0 12 25 7 15 55 42 37 45 61 ]
(478.07 | 150.65) [ 0 3 26 56 44 59 60 61 ]
(516.93 | 89.70) [ 0 24 23 29 54 50 38 61 ]


4913.14
(502.22 | -1173.34) [ 0 27 4 6 31 34 41 61 ]
(549.79 | -514.94) [ 0 5 17 20 37 54 59 39 61 ]
(419.45 | -3936.93) [ 0 21 24 30 15 55 60 58 61 ]
(455.39 | -101.91) [ 0 1 2 32 48 61 ]
(509.27 | -458.86) [ 0 19 8 11 22 57 50 38 61 ]
(419.58 | -253.44) [ 0 14 29 16 51 40 44 61 ]
(372.66 | 115.85) [ 0 10 7 13 43 36 49 61 ]
(437.94 | 87.46) [ 0 18 25 12 45 42 46 61 ]
(440.26 | 123.75) [ 0 28 23 9 53 47 35 61 ]
(406.60 | 106.27) [ 0 3 26 56 52 33 61 ]


4874.32
(481.18 | -635.69) [ 0 22 6 17 30 46 60 39 43 61 ]
(432.48 | -207.73) [ 0 18 13 27 59 57 51 61 ]
(419.84 | -67.93) [ 0 14 23 10 49 40 44 61 ]
(488.43 | -182.13) [ 0 12 4 5 35 47 53 61 ]
(406.60 | 101.66) [ 0 3 26 56 52 33 61 ]
(436.56 | 77.03) [ 0 9 29 8 7 32 48 61 ]
(502.48 | 35.53) [ 0 25 20 21 54 50 38 61 ]
(445.97 | 52.48) [ 0 19 28 11 31 34 41 61 ]
(362.85 | 73.27) [ 0 16 15 24 36 58 61 ]
(477.95 | 126.74) [ 0 1 2 55 42 37 45 61 ]


4822.61
(455.88 | -568.68) [ 0 11 29 7 13 43 44 59 60 61 ]
(472.04 | -552.00) [ 0 2 1 31 34 41 61 ]
(572.70 | -404.31) [ 0 15 28 14 45 50 57 61 ]
(391.96 | 145.15) [ 0 26 3 33 49 61 ]
(434.43 | 141.80) [ 0 6 4 12 36 58 61 ]
(429.34 | 121.66) [ 0 20 17 19 35 47 53 61 ]
(484.22 | 145.70) [ 0 5 18 30 32 48 61 ]
(378.70 | 51.05) [ 0 25 27 16 55 42 46 61 ]
(404.13 | 49.32) [ 0 10 21 22 52 51 40 61 ]
(519.20 | 42.70) [ 0 24 8 23 9 37 54 38 39 56 61 ]


4908.30
(447.08 | -6330.94) [ 0 10 14 5 40 49 61 ]
(517.16 | -526.77) [ 0 30 8 17 13 60 38 50 61 ]
(420.34 | -501.36) [ 0 1 3 52 44 51 36 61 ]
(568.36 | -1038.26) [ 0 27 26 2 54 59 57 39 61 ]
(440.08 | -125.28) [ 0 21 9 23 11 35 47 53 61 ]
(452.32 | -134.49) [ 0 15 7 25 12 55 42 37 45 61 ]
(435.12 | 32.01) [ 0 6 4 22 33 43 56 61 ]
(441.64 | 14.69) [ 0 24 29 19 41 34 31 61 ]
(416.31 | 22.44) [ 0 18 16 32 48 61 ]
(389.88 | 101.36) [ 0 20 28 58 46 61 ]


4857.61
(411.92 | -108.29) [ 0 26 3 56 51 33 61 ]
(505.76 | -554.52) [ 0 5 14 8 24 35 47 44 49 61 ]
(429.83 | -402.41) [ 0 10 18 48 40 61 ]
(532.37 | -32.33) [ 0 1 2 38 50 57 61 ]
(448.43 | -149.99) [ 0 13 25 12 17 45 37 42 55 61 ]
(441.39 | -232.00) [ 0 11 20 23 43 52 32 61 ]
(512.33 | -26.46) [ 0 27 29 19 53 59 54 61 ]
(360.05 | 76.11) [ 0 16 30 15 60 46 61 ]
(497.04 | 39.40) [ 0 6 4 21 31 34 41 61 ]
(398.50 | 64.51) [ 0 22 9 28 7 36 39 58 61 ]


4765.95
(472.04 | -385.83) [ 0 1 2 41 34 31 61 ]
(537.94 | -772.82) [ 0 5 4 21 40 54 60 61 ]
(528.39 | -991.70) [ 0 27 7 8 15 57 38 37 45 61 ]
(378.70 | -51.24) [ 0 16 25 24 46 42 55 61 ]
(393.27 | 34.68) [ 0 11 28 19 58 39 51 61 ]
(424.98 | 36.76) [ 0 18 10 48 32 61 ]
(406.60 | 156.02) [ 0 3 26 56 52 33 61 ]
(418.88 | 166.63) [ 0 6 9 12 13 43 36 49 61 ]
(447.74 | 138.21) [ 0 30 23 17 22 35 47 53 61 ]
(517.41 | 172.05) [ 0 20 14 29 50 59 44 61 ]


4761.76
(456.24 | -357.61) [ 0 16 7 20 45 37 46 61 ]
(472.04 | -11389.72) [ 0 1 2 31 34 41 61 ]
(459.87 | -13137.38) [ 0 29 10 38 59 57 61 ]
(462.48 | 131.28) [ 0 27 24 25 12 55 42 54 60 61 ]
(503.18 | 234.12) [ 0 21 11 13 15 50 51 43 61 ]
(418.08 | 106.28) [ 0 3 26 33 40 61 ]
(386.43 | 67.47) [ 0 28 17 22 52 56 58 61 ]
(456.05 | 100.62) [ 0 9 14 4 6 39 44 36 49 61 ]
(427.93 | 115.07) [ 0 18 8 30 32 48 61 ]
(479.46 | 95.32) [ 0 5 23 19 35 47 53 61 ]


4887.09
(512.31 | -260.10) [ 0 11 5 4 7 31 34 41 61 ]
(476.89 | -209.46) [ 0 18 14 6 48 32 61 ]
(396.58 | -46.97) [ 0 1 3 43 52 33 61 ]
(501.62 | 18.98) [ 0 19 20 22 56 39 57 50 61 ]
(427.76 | -56.35) [ 0 27 29 15 53 47 35 61 ]
(516.78 | -3.92) [ 0 9 12 10 30 45 37 54 60 61 ]
(433.89 | 140.39) [ 0 2 26 44 40 49 61 ]
(378.70 | 50.99) [ 0 16 25 24 46 42 55 61 ]
(381.19 | 136.14) [ 0 13 28 17 36 58 61 ]
(481.37 | 141.31) [ 0 21 23 8 38 59 51 61 ]


4716.76
(460.08 | 10.07) [ 0 1 2 40 32 61 ]
(515.50 | 06.15) [ 0 15 13 24 12 45 37 42 43 61 ]
(411.92 | -56.45) [ 0 3 26 56 51 33 61 ]
(508.72 | 89.81) [ 0 11 8 18 54 50 38 61 ]
(477.52 | 78.23) [ 0 20 17 5 36 47 35 61 ]
(402.91 | 62.49) [ 0 28 14 9 22 58 39 44 52 61 ]
(440.36 | 27.78) [ 0 27 29 19 59 57 49 61 ]
(441.20 | 84.99) [ 0 23 10 7 48 53 61 ]
(497.04 | 76.96) [ 0 6 4 21 41 34 31 61 ]
(381.52 | 55.11) [ 0 25 30 16 60 46 55 61 ]


4811.72
(493.33 | -767.80) [ 0 28 20 58 37 45 61 ]
(460.23 | -1259.17) [ 0 1 3 47 40 52 61 ]
(431.64 | -200.20) [ 0 15 21 6 33 51 56 61 ]
(457.25 | 232.10) [ 0 26 2 35 32 61 ]
(367.97 | 209.69) [ 0 19 13 24 22 43 36 49 61 ]
(454.51 | 233.19) [ 0 14 23 18 44 53 48 61 ]
(461.10 | 34.33) [ 0 9 12 29 27 60 59 57 39 61 ]
(386.90 | 69.81) [ 0 16 25 17 55 42 46 61 ]
(512.31 | 64.35) [ 0 7 4 5 11 31 34 41 61 ]
(506.48 | 39.90) [ 0 8 10 30 38 50 54 61 ]


4766.71
(531.34 | -131.24) [ 0 2 26 45 43 36 61 ]
(455.87 | -220.96) [ 0 9 14 23 6 56 39 44 40 61 ]
(387.72 | -1383.42) [ 0 22 21 28 58 52 51 61 ]
(486.11 | -189.13) [ 0 5 4 17 53 47 35 61 ]
(391.22 | 70.89) [ 0 1 3 33 49 61 ]
(424.98 | 76.75) [ 0 18 10 32 48 61 ]
(441.52 | 139.27) [ 0 11 12 19 15 41 34 31 61 ]
(548.85 | 16.55) [ 0 30 7 20 13 37 54 50 60 61 ]
(378.70 | 73.75) [ 0 16 27 25 55 42 46 61 ]
(460.42 | -1.08) [ 0 24 29 8 38 59 57 61 ]


4838.87
(443.29 | -419.24) [ 0 25 11 21 22 55 45 34 61 ]
(512.30 | -857.91) [ 0 1 2 41 31 37 42 61 ]
(424.98 | -622.01) [ 0 18 10 32 48 61 ]
(389.78 | -637.04) [ 0 28 29 58 46 61 ]
(408.03 | -673.41) [ 0 16 9 20 51 40 44 61 ]
(512.02 | 108.15) [ 0 8 12 24 27 38 50 54 61 ]
(439.76 | 87.17) [ 0 15 19 14 17 53 47 35 61 ]
(432.50 | 142.74) [ 0 13 4 6 49 36 43 61 ]
(509.61 | 170.11) [ 0 5 23 7 30 39 57 59 60 61 ]
(406.60 | 161.70) [ 0 26 3 56 52 33 61 ]


4944.59
(382.97 | -11096.09) [ 0 9 28 7 24 49 58 61 ]
(383.88 | -442.66) [ 0 21 11 13 19 33 51 56 61 ]
(554.78 | -499.35) [ 0 5 12 18 42 37 54 59 61 ]
(515.13 | -2750.99) [ 0 20 14 23 43 52 44 45 61 ]
(491.91 | 00.48) [ 0 6 4 17 36 47 35 61 ]
(455.39 | -5.55) [ 0 2 1 48 32 61 ]
(466.22 | 33.63) [ 0 3 26 39 40 53 61 ]
(503.43 | -176.42) [ 0 8 29 27 38 50 57 61 ]
(381.52 | 69.36) [ 0 16 30 25 55 46 60 61 ]
(449.37 | 124.42) [ 0 15 10 22 41 34 31 61 ]


4875.97
(447.17 | -370.92) [ 0 20 9 29 39 44 59 56 61 ]
(441.30 | -273.81) [ 0 10 28 51 40 47 61 ]
(583.14 | -328.44) [ 0 5 4 25 55 42 50 61 ]
(445.69 | -400.74) [ 0 19 23 21 35 53 49 61 ]
(483.92 | 31.57) [ 0 2 1 45 37 46 61 ]
(355.31 | 42.03) [ 0 16 15 13 58 52 43 61 ]
(396.06 | 155.21) [ 0 3 26 36 33 61 ]
(487.28 | 183.64) [ 0 11 17 6 22 41 34 31 61 ]
(478.62 | 01.84) [ 0 27 24 8 30 60 54 38 57 61 ]
(437.49 | 109.25) [ 0 18 7 14 12 32 48 61 ]


4737.87
(467.04 | -139.77) [ 0 1 3 41 34 31 61 ]
(457.71 | -1357.66) [ 0 15 25 23 45 37 42 55 61 ]
(401.28 | -88.65) [ 0 28 21 22 52 51 40 61 ]
(427.98 | -27.18) [ 0 13 7 10 9 43 39 56 46 61 ]
(490.69 | -122.88) [ 0 5 4 14 11 35 47 53 61 ]
(373.63 | 17.12) [ 0 17 29 19 33 49 61 ]
(454.58 | 173.40) [ 0 2 26 32 48 61 ]
(422.53 | 136.08) [ 0 16 12 6 36 58 61 ]
(511.21 | 110.39) [ 0 20 24 8 38 50 54 61 ]
(451.22 | 154.59) [ 0 27 18 30 60 59 57 44 61 ]


4816.90
(469.31 | -323.90) [ 0 1 2 52 39 57 59 61 ]
(593.54 | -1473.43) [ 0 5 14 9 12 30 42 45 37 60 44 61 ]
(423.86 | -1008.13) [ 0 18 29 32 48 61 ]
(507.80 | -209.55) [ 0 7 24 20 22 38 50 54 61 ]
(377.78 | 06.22) [ 0 8 19 15 49 36 51 61 ]
(468.44 | 37.66) [ 0 3 26 13 56 43 33 61 ]
(407.01 | 88.23) [ 0 28 23 58 40 61 ]
(499.16 | 111.64) [ 0 11 4 6 31 34 41 61 ]
(440.11 | 83.50) [ 0 10 17 21 53 47 35 61 ]
(349.90 | 109.35) [ 0 16 27 25 55 46 61 ]


4710.78
(503.91 | -96.61) [ 0 11 14 4 5 31 34 41 61 ]
(455.39 | 34.66) [ 0 2 1 48 32 61 ]
(497.85 | -390.31) [ 0 6 9 27 13 43 39 44 57 60 61 ]
(411.92 | 116.68) [ 0 3 26 56 51 33 61 ]
(517.59 | 12.22) [ 0 30 8 24 21 38 50 54 61 ]
(388.72 | 118.77) [ 0 28 18 58 46 61 ]
(430.06 | 96.93) [ 0 16 19 17 53 47 35 61 ]
(384.37 | 79.41) [ 0 23 20 22 52 36 49 61 ]
(448.65 | 108.40) [ 0 10 29 59 40 61 ]
(452.32 | 80.24) [ 0 12 25 7 15 45 37 42 55 61 ]


4735.80
(448.36 | -179.01) [ 0 5 4 9 12 33 36 39 61 ]
(523.88 | -716.06) [ 0 13 7 8 15 38 37 45 42 61 ]
(381.73 | 176.05) [ 0 11 17 28 58 56 43 61 ]
(469.55 | -5.11) [ 0 27 14 29 30 44 57 59 60 61 ]
(487.40 | 177.94) [ 0 21 23 6 35 53 51 61 ]
(429.83 | 164.43) [ 0 10 18 40 48 61 ]
(467.04 | 162.48) [ 0 1 3 41 34 31 61 ]
(464.27 | 127.98) [ 0 2 26 52 47 32 61 ]
(509.33 | 85.45) [ 0 20 24 19 54 50 49 61 ]
(354.42 | 105.66) [ 0 16 25 22 55 46 61 ]


4909.18
(404.38 | -4151.51) [ 0 23 9 17 21 43 49 39 56 61 ]
(395.33 | 12.37) [ 0 1 3 33 36 61 ]
(582.89 | -4929.10) [ 0 6 5 8 45 38 51 61 ]
(474.60 | 119.88) [ 0 2 26 53 47 44 52 61 ]
(505.75 | 124.10) [ 0 22 4 14 11 41 34 31 61 ]
(380.12 | 98.63) [ 0 19 10 30 60 46 55 61 ]
(540.24 | 34.67) [ 0 24 7 12 20 42 37 54 50 61 ]
(478.39 | 87.24) [ 0 29 25 27 35 57 59 61 ]
(379.25 | 115.29) [ 0 16 15 13 58 40 61 ]
(428.24 | 117.83) [ 0 18 28 32 48 61 ]


4854.55
(456.33 | -1505.96) [ 0 21 23 7 30 51 53 35 61 ]
(506.25 | -458.69) [ 0 2 1 47 57 59 61 ]
(564.16 | -19.08) [ 0 5 8 24 11 54 50 38 61 ]
(426.97 | 18.28) [ 0 19 28 14 49 60 46 61 ]
(405.95 | 117.94) [ 0 3 26 56 43 33 61 ]
(446.56 | 168.48) [ 0 12 15 16 55 42 37 45 61 ]
(499.33 | 179.20) [ 0 6 4 17 41 34 31 61 ]
(424.98 | 106.57) [ 0 18 10 32 48 61 ]
(408.73 | 89.19) [ 0 27 9 20 22 40 44 39 52 61 ]
(375.29 | 105.69) [ 0 13 25 29 36 58 61 ]


4788.50
(455.39 | -378.22) [ 0 2 1 48 32 61 ]
(561.30 | -279.92) [ 0 20 12 4 50 58 61 ]
(422.10 | -937.30) [ 0 9 14 10 13 40 44 39 43 61 ]
(491.30 | 50.56) [ 0 29 23 24 57 59 42 61 ]
(367.98 | 43.74) [ 0 16 19 22 49 36 52 61 ]
(445.46 | 62.76) [ 0 25 28 11 41 34 31 61 ]
(471.77 | 73.67) [ 0 17 5 6 35 47 53 61 ]
(394.04 | 58.17) [ 0 30 8 27 21 60 46 55 61 ]
(507.25 | 108.44) [ 0 7 18 15 45 37 54 38 61 ]
(411.92 | 166.06) [ 0 3 26 33 51 56 61 ]


4862.03
(497.19 | -694.16) [ 0 27 20 21 57 50 38 61 ]
(494.57 | -854.98) [ 0 1 2 60 54 42 55 61 ]
(407.02 | -451.62) [ 0 10 8 24 44 40 36 61 ]
(494.15 | -570.09) [ 0 6 4 22 43 52 39 59 61 ]
(454.67 | -821.13) [ 0 29 23 12 41 34 31 61 ]
(436.60 | 96.02) [ 0 13 15 16 45 37 46 61 ]
(391.96 | 91.80) [ 0 26 3 49 33 61 ]
(428.95 | 28.70) [ 0 25 18 30 32 48 61 ]
(398.41 | 17.77) [ 0 11 14 28 7 58 56 51 61 ]
(478.50 | 88.59) [ 0 5 9 17 19 35 47 53 61 ]


4951.36
(420.08 | -146.14) [ 0 15 5 6 58 36 61 ]
(408.41 | -189.92) [ 0 28 10 40 51 56 61 ]
(508.54 | -442.07) [ 0 17 24 18 54 50 38 61 ]
(473.38 | -648.23) [ 0 2 1 35 32 39 61 ]
(469.90 | -198.71) [ 0 21 13 16 46 49 47 61 ]
(458.07 | -436.98) [ 0 9 14 23 8 48 53 44 61 ]
(528.92 | -339.77) [ 0 12 29 27 57 59 45 61 ]
(464.58 | -346.87) [ 0 22 26 3 33 52 43 61 ]
(499.29 | 129.06) [ 0 4 20 11 41 34 31 61 ]
(440.18 | 78.19) [ 0 30 7 25 19 60 37 42 55 61 ]


4808.71
(428.24 | -247.07) [ 0 28 18 48 32 61 ]
(479.18 | -530.14) [ 0 22 23 5 53 47 35 61 ]
(519.92 | -279.76) [ 0 6 4 21 36 57 38 61 ]
(456.99 | -896.86) [ 0 11 12 25 19 55 42 45 41 61 ]
(395.39 | -347.42) [ 0 17 29 8 58 46 61 ]
(413.42 | 155.25) [ 0 27 15 16 34 31 61 ]
(430.83 | 154.06) [ 0 2 26 56 40 49 61 ]
(403.38 | 125.03) [ 0 1 3 52 51 33 61 ]
(455.16 | 118.25) [ 0 9 14 10 13 59 44 39 43 61 ]
(546.20 | 02.65) [ 0 30 7 24 20 37 54 50 60 61 ]


4879.19
(411.92 | -38.12) [ 0 26 3 56 51 33 61 ]
(473.80 | -294.47) [ 0 15 9 6 22 32 48 61 ]
(395.30 | -279.12) [ 0 7 29 20 58 39 44 52 61 ]
(458.60 | -306.64) [ 0 21 14 23 12 40 59 61 ]
(500.20 | -244.92) [ 0 27 18 11 57 50 38 61 ]
(443.96 | -182.01) [ 0 24 8 10 41 34 31 61 ]
(544.73 | -99.29) [ 0 2 1 54 37 45 42 61 ]
(357.73 | 112.82) [ 0 16 19 13 43 36 49 61 ]
(386.84 | 113.28) [ 0 30 28 25 55 46 60 61 ]
(486.11 | 122.72) [ 0 5 4 17 53 47 35 61 ]


4828.08
(472.04 | -374.98) [ 0 1 2 41 34 31 61 ]
(487.92 | -90.91) [ 0 30 7 5 6 40 32 61 ]
(389.49 | -2329.24) [ 0 15 28 11 58 46 61 ]
(463.60 | -2086.07) [ 0 24 29 8 60 38 59 61 ]
(507.65 | -81.59) [ 0 18 10 57 50 54 61 ]
(427.66 | -174.07) [ 0 16 17 21 53 47 35 61 ]
(405.95 | 194.07) [ 0 26 3 33 43 56 61 ]
(446.01 | 29.84) [ 0 13 27 25 12 45 37 42 55 61 ]
(430.68 | 109.08) [ 0 22 20 19 48 52 49 61 ]
(457.07 | 167.12) [ 0 4 23 14 9 36 51 44 39 61 ]


4850.75
(477.95 | -384.03) [ 0 1 2 45 37 42 55 61 ]
(400.40 | -689.71) [ 0 9 28 7 24 58 39 51 61 ]
(516.61 | -716.47) [ 0 29 23 12 38 50 54 61 ]
(461.18 | 104.08) [ 0 26 3 59 57 56 61 ]
(425.45 | 148.64) [ 0 6 14 10 36 33 61 ]
(390.21 | 140.36) [ 0 22 20 19 49 40 52 61 ]
(422.98 | 115.35) [ 0 11 25 18 32 48 61 ]
(488.65 | 150.31) [ 0 5 4 15 53 47 35 61 ]
(426.43 | 90.85) [ 0 13 27 8 30 43 44 60 46 61 ]
(440.89 | 154.88) [ 0 16 17 21 41 34 31 61 ]


4844.48
(428.24 | -38.67) [ 0 28 18 32 48 61 ]
(405.09 | -2894.12) [ 0 27 14 19 15 49 40 52 61 ]
(465.29 | 146.46) [ 0 1 2 58 59 61 ]
(619.48 | 128.76) [ 0 6 4 17 45 50 57 61 ]
(419.32 | 104.73) [ 0 3 26 56 44 39 33 61 ]
(493.12 | 65.18) [ 0 7 29 12 24 42 37 54 38 61 ]
(386.88 | 115.71) [ 0 13 10 22 43 51 36 61 ]
(442.32 | 71.67) [ 0 21 9 20 11 41 34 31 61 ]
(381.52 | -4.70) [ 0 25 30 16 60 46 55 61 ]
(483.23 | 29.54) [ 0 5 23 8 53 47 35 61 ]


4890.33
(487.03 | -400.00) [ 0 24 23 29 57 38 54 60 61 ]
(509.79 | -503.34) [ 0 5 4 8 41 34 31 61 ]
(404.39 | -364.55) [ 0 2 26 58 56 43 61 ]
(451.98 | -953.91) [ 0 22 21 25 30 52 51 59 61 ]
(620.28 | -876.32) [ 0 7 10 6 39 50 37 45 61 ]
(395.33 | -30.91) [ 0 1 3 33 36 61 ]
(399.24 | 41.08) [ 0 19 20 11 49 40 44 61 ]
(438.28 | 28.39) [ 0 13 18 14 9 32 48 61 ]
(435.26 | 105.27) [ 0 28 12 17 35 47 53 61 ]
(368.75 | 108.03) [ 0 16 15 27 55 42 46 61 ]


4896.90
(420.01 | -154.36) [ 0 7 10 14 22 56 52 40 61 ]
(482.51 | 14.92) [ 0 11 4 6 32 48 61 ]
(458.82 | -332.68) [ 0 1 2 53 47 35 61 ]
(419.01 | -39.86) [ 0 3 26 33 44 43 61 ]
(386.83 | 115.08) [ 0 8 29 13 46 58 61 ]
(475.55 | 95.18) [ 0 15 30 17 21 59 38 60 61 ]
(497.32 | 112.55) [ 0 5 23 25 45 37 42 55 61 ]
(443.51 | 85.07) [ 0 12 18 19 41 34 31 61 ]
(512.00 | -11.18) [ 0 20 9 24 27 39 57 50 54 61 ]
(381.33 | 87.88) [ 0 28 16 49 36 51 61 ]


4821.08
(472.04 | -31989.58) [ 0 2 1 41 34 31 61 ]
(381.02 | 44.42) [ 0 20 25 13 46 42 55 61 ]
(471.14 | -90.08) [ 0 15 27 24 12 59 38 54 61 ]
(567.12 | 84.83) [ 0 8 29 21 50 37 45 61 ]
(458.67 | 74.47) [ 0 22 17 10 52 40 57 61 ]
(416.31 | 171.50) [ 0 18 16 32 48 61 ]
(405.95 | 119.77) [ 0 26 3 33 43 56 61 ]
(485.89 | 159.23) [ 0 7 23 5 11 53 47 35 61 ]
(456.24 | 165.95) [ 0 9 14 4 6 39 44 51 36 61 ]
(426.70 | 114.46) [ 0 30 28 19 49 58 60 61 ]


4789.65
(512.00 | -1095.58) [ 0 20 9 24 27 39 57 50 54 61 ]
(472.04 | -575.94) [ 0 2 1 41 34 31 61 ]
(494.50 | 38.25) [ 0 7 14 4 5 35 47 53 61 ]
(519.21 | 87.99) [ 0 12 29 15 45 37 38 60 61 ]
(385.86 | 03.27) [ 0 16 25 21 46 42 55 61 ]
(424.17 | 150.99) [ 0 11 23 6 36 58 61 ]
(406.60 | 186.36) [ 0 26 3 56 52 33 61 ]
(449.98 | 159.87) [ 0 8 10 30 59 40 61 ]
(401.22 | 175.60) [ 0 17 28 13 49 51 44 43 61 ]
(424.06 | 102.14) [ 0 22 18 19 32 48 61 ]


4750.95
(473.60 | -313.80) [ 0 20 5 21 53 47 35 61 ]
(446.48 | 97.97) [ 0 15 25 12 11 45 37 42 55 61 ]
(449.93 | 192.21) [ 0 26 2 46 56 44 52 61 ]
(514.71 | 75.31) [ 0 16 24 23 54 50 38 61 ]
(418.57 | 113.96) [ 0 13 28 30 60 58 43 61 ]
(503.77 | 246.29) [ 0 14 4 6 41 34 31 61 ]
(415.94 | 237.68) [ 0 7 10 9 17 39 40 51 61 ]
(440.36 | 87.94) [ 0 27 29 19 49 57 59 61 ]
(395.33 | 191.47) [ 0 3 1 36 33 61 ]
(432.27 | 190.75) [ 0 22 8 18 32 48 61 ]


4878.46
(439.77 | -22.33) [ 0 26 3 33 56 60 61 ]
(437.71 | -387.14) [ 0 18 7 23 48 32 61 ]
(471.42 | -1567.41) [ 0 1 2 49 57 59 61 ]
(429.53 | -249.89) [ 0 21 25 29 46 44 39 51 61 ]
(477.28 | -264.51) [ 0 6 5 19 53 47 35 61 ]
(445.70 | -299.84) [ 0 20 12 27 45 37 42 55 61 ]
(506.82 | -51.92) [ 0 17 9 24 16 54 50 38 61 ]
(396.17 | 83.12) [ 0 15 10 30 40 52 43 61 ]
(380.16 | 87.73) [ 0 13 28 22 36 58 61 ]
(513.90 | 84.06) [ 0 8 14 4 11 41 34 31 61 ]


4774.04
(428.95 | -11623.38) [ 0 21 25 30 13 55 46 43 61 ]
(411.92 | -292.88) [ 0 26 3 33 51 56 61 ]
(438.78 | -382.21) [ 0 15 18 11 41 34 31 61 ]
(401.86 | -1164.26) [ 0 19 10 22 49 40 52 61 ]
(571.17 | -1745.51) [ 0 24 9 4 5 54 50 44 39 61 ]
(455.39 | -886.04) [ 0 1 2 48 32 61 ]
(387.55 | -26.48) [ 0 20 14 29 36 58 61 ]
(478.98 | -183.59) [ 0 6 23 17 53 47 35 61 ]
(479.83 | 122.33) [ 0 7 28 12 45 37 42 60 61 ]
(459.61 | 63.32) [ 0 16 8 27 57 59 38 61 ]


4805.79
(587.70 | 113.15) [ 0 2 1 50 37 45 61 ]
(427.36 | 96.95) [ 0 3 26 56 40 49 61 ]
(428.24 | -1069.45) [ 0 28 18 48 32 61 ]
(488.84 | 04.56) [ 0 21 24 8 30 60 54 38 51 61 ]
(378.70 | 131.20) [ 0 25 27 16 46 42 55 61 ]
(478.19 | 169.35) [ 0 5 23 14 11 53 47 35 61 ]
(437.02 | 177.66) [ 0 20 13 19 41 34 31 61 ]
(429.94 | 161.47) [ 0 6 4 12 33 36 61 ]
(446.59 | 180.63) [ 0 15 7 29 9 59 57 44 39 61 ]
(383.21 | 167.54) [ 0 22 17 10 58 52 43 61 ]


4854.03
(469.50 | -78.63) [ 0 12 8 10 60 38 59 61 ]
(539.89 | -255.67) [ 0 15 13 14 21 45 37 54 51 61 ]
(499.16 | -102.44) [ 0 11 4 6 41 34 31 61 ]
(390.91 | -2493.56) [ 0 20 9 17 22 52 44 39 58 61 ]
(528.30 | 122.28) [ 0 26 3 50 57 56 61 ]
(378.70 | -35.02) [ 0 16 27 25 55 42 46 61 ]
(375.01 | -0.56) [ 0 18 28 49 36 43 61 ]
(455.39 | 26.76) [ 0 1 2 48 32 61 ]
(397.71 | 28.04) [ 0 30 29 7 24 33 40 61 ]
(479.46 | 02.91) [ 0 5 23 19 35 47 53 61 ]


4883.41
(420.58 | -368.94) [ 0 26 2 43 36 39 56 61 ]
(486.11 | -420.94) [ 0 6 4 17 35 47 53 61 ]
(520.77 | -621.99) [ 0 11 14 8 7 24 57 38 54 37 61 ]
(535.61 | -707.87) [ 0 30 28 5 58 60 45 61 ]
(424.98 | 96.04) [ 0 18 10 32 48 61 ]
(399.05 | 127.85) [ 0 15 29 22 40 51 52 61 ]
(515.68 | 137.11) [ 0 19 23 27 50 59 44 61 ]
(440.54 | 130.48) [ 0 25 20 21 41 34 31 61 ]
(391.22 | 122.27) [ 0 1 3 33 49 61 ]
(388.88 | 98.14) [ 0 16 13 12 9 55 42 46 61 ]


4830.47
(426.70 | -256.72) [ 0 19 28 30 49 58 60 61 ]
(523.91 | -274.37) [ 0 29 17 5 46 48 61 ]
(395.33 | 89.07) [ 0 1 3 36 33 61 ]
(474.30 | 59.26) [ 0 2 26 32 43 56 61 ]
(500.12 | 88.46) [ 0 9 14 4 6 59 57 44 39 61 ]
(511.21 | 44.01) [ 0 20 24 8 38 50 54 61 ]
(405.41 | 98.64) [ 0 27 10 21 52 51 40 61 ]
(445.86 | 105.26) [ 0 18 7 25 45 37 42 55 61 ]
(415.94 | 31.05) [ 0 16 15 22 53 47 35 61 ]
(451.69 | 154.58) [ 0 13 23 12 11 31 34 41 61 ]


4862.60
(418.78 | -367.75) [ 0 3 1 44 49 33 61 ]
(502.56 | -568.64) [ 0 20 18 54 50 38 61 ]
(542.11 | -803.67) [ 0 7 8 12 9 22 52 39 42 37 45 61 ]
(456.22 | 136.41) [ 0 27 14 29 30 59 57 43 61 ]
(378.24 | 187.85) [ 0 11 28 25 36 58 61 ]
(469.37 | 148.89) [ 0 2 26 56 51 48 61 ]
(502.39 | 162.77) [ 0 6 4 13 41 34 31 61 ]
(479.46 | 133.52) [ 0 5 23 19 53 47 35 61 ]
(442.58 | 92.00) [ 0 24 10 17 32 40 61 ]
(370.90 | 67.99) [ 0 16 15 21 55 46 60 61 ]


4881.25
(431.23 | -3188.17) [ 0 11 17 18 47 48 61 ]
(399.73 | -815.24) [ 0 10 8 22 40 33 61 ]
(508.50 | -1075.79) [ 0 28 9 4 31 34 41 61 ]
(485.91 | -1062.38) [ 0 1 2 58 44 38 61 ]
(522.49 | -152.41) [ 0 27 29 15 57 59 45 61 ]
(450.79 | -172.37) [ 0 21 14 23 12 32 53 39 61 ]
(483.83 | 147.48) [ 0 6 5 19 35 36 43 61 ]
(546.20 | 41.57) [ 0 30 7 24 20 37 54 50 60 61 ]
(378.70 | 116.22) [ 0 16 13 25 55 42 46 61 ]
(413.87 | 149.69) [ 0 3 26 49 51 52 56 61 ]


5039.93
(411.92 | -116.56) [ 0 26 3 56 51 33 61 ]
(544.93 | -269.35) [ 0 20 9 25 7 59 50 37 61 ]
(490.14 | -252.01) [ 0 15 5 6 45 31 41 61 ]
(467.02 | -182.91) [ 0 11 29 8 43 44 57 38 61 ]
(601.25 | -183.98) [ 0 4 14 12 17 34 60 39 52 61 ]
(478.71 | -226.40) [ 0 21 24 27 13 49 40 54 61 ]
(458.82 | -8.48) [ 0 1 2 53 47 35 61 ]
(397.98 | -24.55) [ 0 16 23 22 46 42 55 61 ]
(424.98 | 01.38) [ 0 10 18 32 48 61 ]
(384.17 | -19.65) [ 0 30 28 19 36 58 61 ]


4843.73
(511.36 | -276.63) [ 0 2 26 56 38 54 42 61 ]
(403.38 | -96.85) [ 0 1 3 33 51 52 61 ]
(500.86 | -413.35) [ 0 5 4 9 22 31 34 41 61 ]
(434.35 | -421.93) [ 0 15 18 11 59 57 44 39 61 ]
(476.14 | -300.09) [ 0 12 14 6 21 32 48 61 ]
(444.16 | 50.14) [ 0 8 23 17 35 47 53 61 ]
(402.97 | 60.51) [ 0 10 28 40 58 61 ]
(371.10 | 85.43) [ 0 19 29 27 49 36 43 61 ]
(568.58 | 104.23) [ 0 30 7 20 13 50 37 45 61 ]
(370.85 | 65.18) [ 0 16 25 24 55 46 60 61 ]


4852.19
(440.63 | -73.95) [ 0 30 29 7 27 40 51 60 61 ]
(533.98 | -234.74) [ 0 1 2 38 50 54 61 ]
(461.18 | -193.05) [ 0 26 3 56 57 59 61 ]
(483.36 | -78.26) [ 0 6 5 8 35 47 53 61 ]
(373.86 | -61.53) [ 0 13 28 24 43 36 49 61 ]
(403.39 | -70.62) [ 0 20 9 14 19 33 52 44 39 61 ]
(438.12 | -57.07) [ 0 10 12 25 31 42 55 61 ]
(372.99 | 152.51) [ 0 16 15 22 58 46 61 ]
(429.98 | 137.34) [ 0 18 17 21 32 48 61 ]
(554.69 | 153.34) [ 0 11 23 4 41 34 45 37 61 ]


4856.39
(393.92 | -3454.30) [ 0 15 10 24 49 40 61 ]
(507.57 | -1184.70) [ 0 11 8 16 57 50 38 61 ]
(482.23 | -990.77) [ 0 6 14 18 39 44 46 55 61 ]
(405.95 | 90.35) [ 0 26 3 56 43 33 61 ]
(455.39 | 108.67) [ 0 1 2 48 32 61 ]
(484.33 | 116.68) [ 0 30 29 7 27 36 59 54 61 ]
(475.74 | 74.59) [ 0 20 9 12 13 45 37 42 60 61 ]
(503.16 | 138.70) [ 0 5 4 25 41 34 31 61 ]
(387.72 | 66.19) [ 0 28 21 22 58 52 51 61 ]
(440.39 | 95.91) [ 0 17 23 19 53 47 35 61 ]


4902.42
(449.06 | -133.67) [ 0 9 12 28 7 42 45 31 61 ]
(500.96 | -200.21) [ 0 5 10 24 35 40 56 61 ]
(579.29 | -236.72) [ 0 1 3 41 34 37 38 61 ]
(524.22 | -5766.04) [ 0 16 8 21 51 50 54 61 ]
(441.17 | -4213.70) [ 0 20 14 23 47 53 49 61 ]
(454.58 | 73.81) [ 0 26 2 48 32 61 ]
(362.91 | 47.98) [ 0 15 13 11 22 33 52 43 61 ]
(436.55 | 61.24) [ 0 19 29 27 59 57 44 39 61 ]
(432.11 | 81.04) [ 0 6 4 17 58 36 61 ]
(381.57 | 102.81) [ 0 30 18 25 55 46 60 61 ]


4712.36
(586.19 | -371.84) [ 0 5 12 11 13 41 34 42 43 61 ]
(411.18 | -2038.69) [ 0 1 3 56 51 33 61 ]
(454.58 | 71.31) [ 0 2 26 32 48 61 ]
(517.41 | 50.14) [ 0 29 14 20 50 59 44 61 ]
(357.06 | 160.49) [ 0 16 25 21 55 46 61 ]
(459.13 | 162.13) [ 0 7 18 15 31 45 37 61 ]
(486.11 | 149.45) [ 0 6 4 17 35 47 53 61 ]
(478.62 | 91.20) [ 0 30 8 24 27 60 54 38 57 61 ]
(400.22 | 63.86) [ 0 9 23 28 36 39 58 61 ]
(401.86 | 33.32) [ 0 19 10 22 49 40 52 61 ]


4882.69
(467.78 | -326.26) [ 0 26 3 41 34 31 61 ]
(482.42 | -482.91) [ 0 27 24 5 22 48 58 61 ]
(525.35 | -507.41) [ 0 10 7 15 40 37 45 61 ]
(394.73 | -904.60) [ 0 11 17 13 19 56 39 49 43 61 ]
(429.94 | -32.54) [ 0 6 4 12 33 36 61 ]
(462.33 | 34.48) [ 0 1 2 32 51 52 61 ]
(440.26 | 18.29) [ 0 9 23 28 35 47 53 61 ]
(385.86 | 50.31) [ 0 16 25 21 46 42 55 61 ]
(476.61 | 52.71) [ 0 18 8 30 60 54 38 57 61 ]
(517.41 | 57.28) [ 0 20 14 29 50 59 44 61 ]


4811.80
(454.58 | -164.26) [ 0 26 2 32 48 61 ]
(495.82 | -488.77) [ 0 4 23 14 9 55 44 39 49 61 ]
(406.19 | -1413.45) [ 0 18 28 43 40 56 61 ]
(453.82 | 08.25) [ 0 3 1 53 47 35 61 ]
(417.78 | 137.02) [ 0 17 5 6 36 58 61 ]
(438.03 | 143.41) [ 0 22 11 25 13 31 34 41 61 ]
(434.88 | 98.44) [ 0 12 15 16 45 42 46 61 ]
(480.80 | 26.08) [ 0 30 8 24 19 60 54 38 57 61 ]
(389.59 | 141.70) [ 0 21 10 27 33 51 52 61 ]
(540.31 | 21.31) [ 0 20 29 7 59 50 37 61 ]


4963.44
(395.58 | -8560.44) [ 0 22 17 14 12 11 46 58 61 ]
(438.78 | -153.63) [ 0 13 7 10 59 57 43 61 ]
(423.96 | -1426.38) [ 0 18 20 48 32 61 ]
(416.43 | -1279.64) [ 0 19 8 23 40 51 56 61 ]
(445.87 | -1585.63) [ 0 28 9 6 49 36 44 39 61 ]
(420.24 | -2429.62) [ 0 30 29 25 33 52 60 61 ]
(453.82 | 97.95) [ 0 1 3 35 47 53 61 ]
(497.03 | 90.23) [ 0 5 4 21 41 34 31 61 ]
(430.85 | -31.86) [ 0 16 15 27 45 37 42 55 61 ]
(600.89 | 48.75) [ 0 24 26 2 54 50 38 61 ]


4826.70
(458.19 | -8543.87) [ 0 21 11 12 13 55 42 34 61 ]
(488.70 | -629.17) [ 0 2 1 38 59 57 61 ]
(432.11 | 156.50) [ 0 6 4 17 36 58 61 ]
(434.78 | 134.03) [ 0 9 14 29 19 46 44 39 49 61 ]
(483.23 | 166.74) [ 0 8 23 5 53 47 35 61 ]
(405.95 | 160.38) [ 0 3 26 33 43 56 61 ]
(428.24 | 138.71) [ 0 18 28 32 48 61 ]
(452.18 | 164.76) [ 0 10 25 22 41 31 45 61 ]
(377.11 | 105.73) [ 0 16 15 27 40 51 52 61 ]
(546.20 | 25.28) [ 0 30 7 24 20 37 54 50 60 61 ]


4877.61
(477.31 | -191.48) [ 0 27 29 8 47 57 59 61 ]
(536.70 | -788.06) [ 0 2 1 52 50 38 61 ]
(395.25 | -208.32) [ 0 28 10 49 39 58 61 ]
(434.91 | -178.13) [ 0 16 19 11 41 34 31 61 ]
(394.47 | -195.99) [ 0 20 9 25 7 46 42 55 61 ]
(429.40 | -183.08) [ 0 18 12 17 32 48 61 ]
(481.56 | 139.77) [ 0 13 23 6 43 36 53 61 ]
(498.52 | 143.41) [ 0 22 21 24 15 45 37 54 60 61 ]
(517.58 | 159.66) [ 0 5 4 14 30 44 40 35 61 ]
(411.92 | 93.45) [ 0 3 26 56 51 33 61 ]


4778.83
(503.91 | -105.14) [ 0 5 4 14 11 31 34 41 61 ]
(549.20 | -226.04) [ 0 6 9 20 38 50 44 39 61 ]
(411.18 | -1082.77) [ 0 1 3 56 51 33 61 ]
(373.87 | -209.93) [ 0 16 15 24 46 42 55 61 ]
(531.50 | 142.24) [ 0 26 2 45 37 54 60 61 ]
(401.86 | 124.54) [ 0 19 10 22 49 40 52 61 ]
(383.66 | 21.94) [ 0 30 28 25 36 58 61 ]
(424.87 | 65.04) [ 0 18 7 8 32 48 61 ]
(441.45 | 124.91) [ 0 29 23 12 53 47 35 61 ]
(437.32 | 131.63) [ 0 13 27 17 21 59 57 43 61 ]


4831.70
(545.73 | -489.86) [ 0 8 4 5 35 57 59 61 ]
(441.20 | -614.95) [ 0 18 29 48 53 44 61 ]
(463.65 | 122.37) [ 0 2 26 43 47 32 61 ]
(463.30 | 173.35) [ 0 7 10 23 45 37 42 55 61 ]
(528.97 | 154.50) [ 0 1 3 38 50 54 61 ]
(386.10 | 14.51) [ 0 19 24 21 22 49 51 52 56 61 ]
(441.11 | 141.39) [ 0 28 9 6 36 39 58 61 ]
(402.44 | 146.92) [ 0 17 14 25 15 40 33 61 ]
(451.78 | 138.70) [ 0 11 20 12 30 41 34 31 61 ]
(347.42 | 138.37) [ 0 27 13 16 60 46 61 ]


4835.80
(411.92 | -210.50) [ 0 26 3 33 51 56 61 ]
(509.83 | -412.24) [ 0 20 25 13 54 50 49 61 ]
(378.12 | -523.82) [ 0 22 11 28 58 52 43 61 ]
(437.86 | -612.24) [ 0 12 8 10 48 40 61 ]
(553.62 | -598.23) [ 0 2 1 38 37 45 42 61 ]
(498.07 | -574.50) [ 0 6 9 23 7 39 53 32 61 ]
(491.91 | 124.00) [ 0 5 4 17 35 47 36 61 ]
(469.55 | 18.05) [ 0 30 29 14 27 60 59 57 44 61 ]
(434.98 | 66.75) [ 0 19 18 24 41 34 31 61 ]
(349.95 | 42.67) [ 0 16 15 21 46 55 61 ]


4815.91
(533.98 | -206.44) [ 0 1 2 54 50 38 61 ]
(452.00 | -19.83) [ 0 21 28 11 32 51 39 61 ]
(450.68 | -2791.05) [ 0 14 7 18 30 48 40 61 ]
(383.42 | -2053.89) [ 0 17 20 15 46 58 61 ]
(406.60 | 133.87) [ 0 26 3 56 52 33 61 ]
(357.73 | -56.55) [ 0 16 19 13 43 36 49 61 ]
(452.66 | -24.20) [ 0 27 29 8 60 59 57 44 61 ]
(479.35 | -1.33) [ 0 5 23 9 22 53 47 35 61 ]
(457.06 | -31.32) [ 0 10 12 25 45 37 42 55 61 ]
(502.42 | 119.14) [ 0 6 4 24 41 34 31 61 ]


4878.80
(472.04 | -215.13) [ 0 1 2 41 34 31 61 ]
(496.72 | -474.85) [ 0 22 6 29 36 59 56 61 ]
(400.29 | -623.11) [ 0 9 23 28 58 39 49 61 ]
(398.91 | -1338.26) [ 0 15 19 24 11 51 40 44 61 ]
(518.41 | -1441.18) [ 0 30 8 27 21 38 50 57 61 ]
(424.98 | 157.27) [ 0 10 18 32 48 61 ]
(396.35 | 144.25) [ 0 25 12 14 17 46 42 55 61 ]
(431.92 | 170.28) [ 0 13 4 5 33 52 43 61 ]
(528.03 | 122.41) [ 0 26 3 45 37 54 60 61 ]
(431.14 | -0.93) [ 0 16 7 20 53 47 35 61 ]


4865.06
(528.35 | -133.00) [ 0 24 7 8 15 45 59 43 61 ]
(560.60 | -453.07) [ 0 5 4 9 12 42 37 54 38 39 61 ]
(423.86 | -74.69) [ 0 29 18 48 32 61 ]
(467.04 | -153.24) [ 0 1 3 31 34 41 61 ]
(513.10 | -2813.29) [ 0 22 20 23 56 57 50 61 ]
(460.23 | 25.47) [ 0 6 14 10 36 40 44 61 ]
(389.37 | -136.08) [ 0 21 28 11 58 52 51 61 ]
(379.05 | 126.66) [ 0 16 25 17 60 46 55 61 ]
(458.02 | 119.18) [ 0 2 26 35 47 53 61 ]
(365.44 | 125.69) [ 0 30 19 13 27 49 33 61 ]


