3079.05
(549.31 | -383.97) [ 0 11 6 4 21 17 20 31 ]
(510.74 | 188.77) [ 0 15 3 30 18 28 31 ]
(483.28 | 209.82) [ 0 2 1 19 16 31 ]
(630.86 | 191.02) [ 0 13 7 5 10 25 22 26 24 31 ]
(408.48 | 237.10) [ 0 14 12 29 27 31 ]
(376.38 | 267.69) [ 0 8 9 23 31 ]


3084.58
(376.30 | 376.30) [ 0 8 23 31 ]
(519.50 | -3488.35) [ 0 2 1 21 17 20 31 ]
(408.48 | -7046.52) [ 0 14 12 27 29 31 ]
(501.36 | 158.70) [ 0 10 6 4 16 19 31 ]
(525.61 | 250.52) [ 0 11 15 3 28 18 30 31 ]
(633.33 | 234.21) [ 0 5 7 9 13 25 22 26 24 31 ]


3059.19
(403.86 | -1128.43) [ 0 1 2 23 31 ]
(408.48 | -4084.82) [ 0 12 14 29 27 31 ]
(511.31 | 182.71) [ 0 3 15 18 21 30 31 ]
(540.04 | 195.42) [ 0 5 8 13 20 17 28 31 ]
(501.19 | 240.33) [ 0 4 6 7 19 16 31 ]
(594.31 | 258.80) [ 0 11 9 10 24 26 22 25 31 ]


3049.84
(519.74 | -164.23) [ 0 2 15 17 28 30 31 ]
(478.27 | 169.51) [ 0 1 3 19 16 31 ]
(408.48 | 207.76) [ 0 14 12 29 27 31 ]
(556.53 | 241.43) [ 0 5 6 13 18 21 20 31 ]
(630.45 | 216.13) [ 0 4 7 10 11 25 22 26 24 31 ]
(376.38 | 224.76) [ 0 8 9 23 31 ]


3079.85
(376.30 | 606.30) [ 0 8 23 31 ]
(546.70 | -1092.71) [ 0 4 9 13 28 17 20 31 ]
(408.48 | 157.16) [ 0 14 12 27 29 31 ]
(483.28 | 235.33) [ 0 2 1 16 19 31 ]
(526.18 | 252.48) [ 0 3 15 11 18 21 30 31 ]
(618.91 | 188.45) [ 0 6 7 5 10 25 22 26 24 31 ]


3056.00
(421.77 | -3699.82) [ 0 5 8 13 23 31 ]
(537.42 | -2538.78) [ 0 7 6 4 21 17 20 31 ]
(510.74 | 150.07) [ 0 3 15 28 18 30 31 ]
(483.28 | 191.30) [ 0 2 1 16 19 31 ]
(594.31 | 248.97) [ 0 11 9 10 25 22 26 24 31 ]
(408.48 | 205.91) [ 0 14 12 29 27 31 ]


3087.47
(633.49 | -2524.41) [ 0 10 5 7 9 25 22 26 24 31 ]
(421.48 | 237.61) [ 0 6 4 23 31 ]
(483.28 | 230.11) [ 0 2 1 19 16 31 ]
(494.57 | 216.74) [ 0 8 13 20 17 28 31 ]
(408.48 | 200.75) [ 0 14 12 27 29 31 ]
(526.18 | 231.01) [ 0 11 15 3 18 21 30 31 ]


3074.03
(429.01 | -1043.27) [ 0 4 8 23 31 ]
(483.28 | -2942.03) [ 0 2 1 16 19 31 ]
(510.74 | 169.50) [ 0 15 3 28 18 30 31 ]
(408.48 | 225.19) [ 0 14 12 29 27 31 ]
(589.74 | 231.24) [ 0 11 13 10 25 22 26 24 31 ]
(552.78 | 203.26) [ 0 9 7 6 5 21 17 20 31 ]


3070.43
(478.27 | -10822.12) [ 0 1 3 19 16 31 ]
(467.94 | -542.91) [ 0 15 2 27 30 17 31 ]
(696.33 | 150.90) [ 0 11 13 7 10 28 26 22 25 31 ]
(379.00 | 216.07) [ 0 8 12 23 31 ]
(444.98 | 204.98) [ 0 9 14 24 29 31 ]
(543.91 | 210.99) [ 0 5 6 4 20 21 18 31 ]


3112.86
(376.30 | 376.30) [ 0 8 23 31 ]
(410.50 | -1066.46) [ 0 14 13 27 29 31 ]
(552.92 | -246.74) [ 0 9 6 5 10 21 17 20 31 ]
(483.28 | 211.57) [ 0 2 1 19 16 31 ]
(525.61 | 181.68) [ 0 11 15 3 30 18 28 31 ]
(624.26 | 193.49) [ 0 4 7 12 24 26 22 25 31 ]


3056.00
(537.42 | 87.64) [ 0 4 6 7 21 17 20 31 ]
(510.74 | 94.50) [ 0 15 3 28 18 30 31 ]
(483.28 | 253.78) [ 0 1 2 16 19 31 ]
(421.77 | 210.69) [ 0 13 8 5 23 31 ]
(408.48 | 193.19) [ 0 12 14 29 27 31 ]
(594.31 | 245.06) [ 0 11 9 10 24 26 22 25 31 ]


3168.05
(421.94 | -1608.54) [ 0 10 6 4 23 31 ]
(552.22 | -1640.86) [ 0 9 7 5 20 17 21 31 ]
(486.43 | -520.87) [ 0 13 14 28 18 30 31 ]
(612.89 | 124.91) [ 0 11 15 2 25 22 26 24 31 ]
(416.30 | 201.83) [ 0 8 12 29 27 31 ]
(478.27 | 177.86) [ 0 3 1 19 16 31 ]


3114.60
(369.89 | 369.89) [ 0 14 29 31 ]
(603.41 | -1171.03) [ 0 7 6 4 26 25 22 19 31 ]
(548.34 | -943.85) [ 0 10 5 8 11 20 21 18 31 ]
(522.36 | 165.58) [ 0 1 3 16 23 31 ]
(512.64 | 116.60) [ 0 12 9 13 27 28 24 31 ]
(457.96 | 235.24) [ 0 2 15 30 17 31 ]


3107.96
(430.80 | 282.13) [ 0 6 14 29 31 ]
(499.80 | 259.21) [ 0 8 23 16 31 ]
(512.64 | 174.21) [ 0 13 9 12 24 28 27 31 ]
(603.41 | 138.44) [ 0 4 7 5 10 26 25 22 19 31 ]
(455.12 | 282.05) [ 0 2 1 20 17 31 ]
(526.18 | 250.59) [ 0 3 15 11 18 21 30 31 ]


3065.89
(510.74 | -1744.34) [ 0 3 15 30 18 28 31 ]
(519.50 | 91.56) [ 0 1 2 20 17 21 31 ]
(408.48 | 71.86) [ 0 12 14 29 27 31 ]
(511.95 | 65.14) [ 0 11 9 4 16 19 31 ]
(376.30 | 279.34) [ 0 8 13 23 31 ]
(618.91 | 224.47) [ 0 6 7 5 10 24 26 22 25 31 ]


3055.05
(510.74 | -2147.10) [ 0 15 3 30 18 28 31 ]
(543.70 | 345.37) [ 0 12 5 6 21 17 20 31 ]
(483.28 | 272.10) [ 0 1 2 16 19 31 ]
(410.50 | 274.31) [ 0 13 14 29 27 31 ]
(376.38 | 251.87) [ 0 8 9 23 31 ]
(630.45 | 243.66) [ 0 4 7 10 11 25 22 26 24 31 ]


3105.38
(369.89 | 369.89) [ 0 14 29 31 ]
(483.28 | -3099.17) [ 0 2 1 19 16 31 ]
(499.39 | -1369.83) [ 0 12 7 6 27 23 31 ]
(577.24 | -5543.64) [ 0 11 9 8 25 22 26 24 31 ]
(544.27 | -73.94) [ 0 10 4 5 13 28 17 20 31 ]
(511.31 | 268.60) [ 0 15 3 18 21 30 31 ]


3122.79
(491.46 | 61.47) [ 0 14 13 28 17 20 31 ]
(437.57 | 271.11) [ 0 5 6 8 23 31 ]
(511.31 | 267.26) [ 0 3 15 18 21 30 31 ]
(506.98 | 297.29) [ 0 12 7 4 19 16 31 ]
(594.31 | 210.52) [ 0 11 9 10 24 26 22 25 31 ]
(441.16 | 207.57) [ 0 1 2 29 27 31 ]


3013.85
(510.74 | -99.27) [ 0 15 3 28 18 30 31 ]
(483.28 | 86.95) [ 0 2 1 16 19 31 ]
(408.48 | 42.25) [ 0 14 12 29 27 31 ]
(537.44 | 237.35) [ 0 4 6 5 21 17 20 31 ]
(376.30 | 251.54) [ 0 8 13 23 31 ]
(637.61 | 213.71) [ 0 11 9 7 10 24 26 22 25 31 ]


3043.43
(429.01 | -1204.27) [ 0 4 8 23 31 ]
(510.74 | -453.20) [ 0 3 15 30 18 28 31 ]
(483.28 | -413.27) [ 0 1 2 19 16 31 ]
(537.85 | 170.80) [ 0 6 7 5 10 21 17 20 31 ]
(574.06 | 239.43) [ 0 11 9 13 25 22 26 24 31 ]
(408.48 | 208.46) [ 0 14 12 27 29 31 ]


3134.58
(372.48 | -814.99) [ 0 13 14 29 31 ]
(504.04 | -1707.57) [ 0 11 9 8 16 23 31 ]
(511.52 | -1007.42) [ 0 1 3 18 28 31 ]
(467.94 | 48.00) [ 0 2 15 27 30 17 31 ]
(603.37 | 55.44) [ 0 4 7 10 26 25 22 19 31 ]
(575.23 | 269.88) [ 0 12 5 6 20 21 24 31 ]


3013.85
(408.48 | -34910.29) [ 0 14 12 29 27 31 ]
(510.74 | -847.94) [ 0 15 3 28 18 30 31 ]
(483.28 | 246.47) [ 0 1 2 16 19 31 ]
(376.30 | 264.21) [ 0 8 13 23 31 ]
(537.44 | 257.04) [ 0 4 6 5 21 17 20 31 ]
(637.61 | 242.50) [ 0 11 9 7 10 25 22 26 24 31 ]


3051.25
(437.26 | -2445.83) [ 0 8 7 10 23 31 ]
(483.28 | -152.23) [ 0 1 2 16 19 31 ]
(537.44 | 257.10) [ 0 5 6 4 21 17 20 31 ]
(510.74 | 247.55) [ 0 3 15 28 18 30 31 ]
(408.48 | 182.74) [ 0 14 12 27 29 31 ]
(574.06 | 231.76) [ 0 11 9 13 25 22 26 24 31 ]


3121.74
(376.30 | 376.30) [ 0 8 23 31 ]
(644.71 | -9511.72) [ 0 5 7 12 13 25 22 26 27 31 ]
(510.74 | 128.14) [ 0 3 15 28 18 30 31 ]
(483.28 | 137.53) [ 0 2 1 16 19 31 ]
(537.58 | 115.51) [ 0 10 6 4 21 17 20 31 ]
(449.13 | 157.43) [ 0 14 9 11 24 29 31 ]


3125.87
(430.43 | -1068.07) [ 0 14 7 29 31 ]
(448.04 | -1125.27) [ 0 12 9 13 27 23 31 ]
(483.28 | 174.57) [ 0 2 1 16 19 31 ]
(510.74 | 205.47) [ 0 15 3 28 18 30 31 ]
(537.44 | 255.30) [ 0 5 6 4 21 17 20 31 ]
(595.94 | 241.58) [ 0 11 8 10 25 22 26 24 31 ]


3072.35
(376.30 | 376.30) [ 0 8 23 31 ]
(408.48 | -158.87) [ 0 14 12 27 29 31 ]
(483.28 | 103.59) [ 0 1 2 19 16 31 ]
(526.18 | 161.23) [ 0 3 15 11 30 21 18 31 ]
(539.64 | 204.30) [ 0 10 5 9 13 28 17 20 31 ]
(618.48 | 290.51) [ 0 4 6 7 24 26 22 25 31 ]


3043.43
(429.01 | -835.28) [ 0 4 8 23 31 ]
(510.74 | -354.06) [ 0 3 15 30 18 28 31 ]
(483.28 | 141.91) [ 0 1 2 19 16 31 ]
(574.06 | 34.57) [ 0 11 9 13 25 22 26 24 31 ]
(408.48 | 219.19) [ 0 12 14 27 29 31 ]
(537.85 | 206.95) [ 0 6 7 5 10 21 17 20 31 ]


3061.60
(549.31 | -59.56) [ 0 11 6 4 21 17 20 31 ]
(483.28 | 99.09) [ 0 2 1 19 16 31 ]
(376.30 | 270.66) [ 0 8 13 23 31 ]
(633.49 | 184.66) [ 0 9 7 5 10 25 22 26 24 31 ]
(408.48 | 189.12) [ 0 14 12 29 27 31 ]
(510.74 | 247.55) [ 0 15 3 28 18 30 31 ]


3117.07
(376.30 | 376.30) [ 0 8 23 31 ]
(683.31 | -8620.43) [ 0 4 6 10 25 22 26 21 31 ]
(503.60 | -857.03) [ 0 5 7 12 13 27 17 20 31 ]
(483.28 | -488.37) [ 0 1 2 16 19 31 ]
(444.98 | 03.04) [ 0 9 14 24 29 31 ]
(525.61 | 219.77) [ 0 3 15 11 30 18 28 31 ]


3085.42
(369.89 | 369.89) [ 0 14 29 31 ]
(511.31 | -87.22) [ 0 3 15 18 21 30 31 ]
(561.07 | 224.93) [ 0 5 6 8 16 23 31 ]
(512.64 | 160.74) [ 0 13 9 12 24 28 27 31 ]
(615.38 | 254.49) [ 0 11 10 7 4 26 25 22 19 31 ]
(455.12 | 249.08) [ 0 2 1 20 17 31 ]


3087.51
(511.52 | -432.28) [ 0 1 3 18 28 31 ]
(426.08 | -12118.16) [ 0 12 14 29 27 30 31 ]
(480.73 | 248.32) [ 0 15 2 19 16 31 ]
(537.44 | 258.53) [ 0 4 6 5 21 17 20 31 ]
(635.35 | 241.22) [ 0 11 13 7 10 25 22 26 24 31 ]
(376.38 | 232.06) [ 0 8 9 23 31 ]


3056.04
(444.98 | 251.20) [ 0 9 14 29 24 31 ]
(485.18 | 220.25) [ 0 4 5 12 27 17 20 31 ]
(510.74 | 252.05) [ 0 3 15 28 18 30 31 ]
(695.56 | 259.26) [ 0 11 10 7 6 21 22 25 26 31 ]
(483.28 | 188.33) [ 0 1 2 19 16 31 ]
(376.30 | 255.76) [ 0 8 13 23 31 ]


3062.64
(537.64 | -1962.23) [ 0 6 7 5 20 17 21 31 ]
(510.74 | 192.63) [ 0 3 15 28 18 30 31 ]
(376.30 | 239.91) [ 0 8 13 23 31 ]
(483.28 | 229.70) [ 0 1 2 16 19 31 ]
(456.62 | 246.96) [ 0 10 4 12 29 27 31 ]
(578.06 | 247.21) [ 0 11 9 14 24 26 22 25 31 ]


3143.43
(369.89 | 369.89) [ 0 14 29 31 ]
(518.09 | -956.45) [ 0 4 5 8 23 27 30 31 ]
(478.27 | 180.02) [ 0 1 3 16 19 31 ]
(489.33 | 239.97) [ 0 13 9 12 18 28 31 ]
(630.88 | 232.18) [ 0 11 10 7 6 25 22 26 24 31 ]
(516.96 | 266.99) [ 0 15 2 21 17 20 31 ]


3062.20
(376.30 | 376.30) [ 0 8 23 31 ]
(483.28 | 221.07) [ 0 1 2 19 16 31 ]
(547.47 | 124.64) [ 0 14 6 5 21 17 20 31 ]
(510.74 | 246.68) [ 0 3 15 30 18 28 31 ]
(630.45 | 249.51) [ 0 4 7 10 11 24 26 22 25 31 ]
(413.96 | 257.85) [ 0 12 9 13 27 29 31 ]


3031.67
(510.74 | 66.77) [ 0 15 3 28 18 30 31 ]
(537.44 | 198.23) [ 0 5 6 4 21 17 20 31 ]
(483.28 | 169.82) [ 0 2 1 19 16 31 ]
(635.35 | 99.69) [ 0 11 13 7 10 25 22 26 24 31 ]
(376.38 | 227.55) [ 0 9 8 23 31 ]
(408.48 | 228.09) [ 0 14 12 27 29 31 ]


3071.25
(483.28 | -1006.24) [ 0 2 1 16 19 31 ]
(380.54 | -3664.37) [ 0 11 9 8 23 31 ]
(549.74 | -16396.53) [ 0 13 6 21 17 20 31 ]
(510.74 | -159.81) [ 0 15 3 30 18 28 31 ]
(618.47 | 162.97) [ 0 4 7 5 10 25 22 26 24 31 ]
(408.48 | 211.15) [ 0 12 14 27 29 31 ]


3013.85
(637.61 | -26.48) [ 0 10 7 9 11 25 22 26 24 31 ]
(483.28 | 38.72) [ 0 1 2 19 16 31 ]
(510.74 | 97.52) [ 0 3 15 28 18 30 31 ]
(537.44 | 247.79) [ 0 5 6 4 21 17 20 31 ]
(376.30 | 219.94) [ 0 8 13 23 31 ]
(408.48 | 219.41) [ 0 14 12 27 29 31 ]


3126.18
(428.00 | -999.08) [ 0 12 7 6 23 31 ]
(504.36 | -2409.16) [ 0 11 5 4 10 19 16 31 ]
(410.50 | 157.45) [ 0 14 13 29 27 31 ]
(510.74 | 163.89) [ 0 15 3 28 18 30 31 ]
(573.08 | 123.30) [ 0 8 9 24 26 22 25 31 ]
(519.50 | 216.93) [ 0 2 1 21 17 20 31 ]


3078.52
(376.30 | 376.30) [ 0 8 23 31 ]
(483.28 | 150.36) [ 0 1 2 16 19 31 ]
(511.31 | 213.90) [ 0 3 15 18 21 30 31 ]
(465.30 | 227.41) [ 0 12 7 6 27 29 31 ]
(544.27 | 229.14) [ 0 13 5 4 10 20 17 28 31 ]
(578.06 | 226.47) [ 0 11 9 14 25 22 26 24 31 ]


3063.38
(483.28 | -404.77) [ 0 1 2 16 19 31 ]
(626.64 | -492.47) [ 0 11 13 4 25 22 26 24 31 ]
(376.38 | 248.24) [ 0 9 8 23 31 ]
(537.85 | 211.61) [ 0 6 7 5 10 20 17 21 31 ]
(408.48 | 259.12) [ 0 14 12 29 27 31 ]
(510.74 | 251.91) [ 0 3 15 30 18 28 31 ]


3038.40
(537.42 | -1016.01) [ 0 4 6 7 21 17 20 31 ]
(622.18 | -2049.77) [ 0 10 5 9 11 24 26 22 25 31 ]
(376.30 | 116.63) [ 0 13 8 23 31 ]
(408.48 | 157.56) [ 0 14 12 27 29 31 ]
(483.28 | 212.28) [ 0 1 2 19 16 31 ]
(510.74 | 220.56) [ 0 15 3 30 18 28 31 ]


3056.04
(695.56 | -279.99) [ 0 6 7 10 11 21 22 25 26 31 ]
(444.98 | 166.87) [ 0 9 14 24 29 31 ]
(483.28 | 299.25) [ 0 1 2 16 19 31 ]
(376.30 | 293.63) [ 0 8 13 23 31 ]
(485.18 | 307.34) [ 0 12 5 4 27 17 20 31 ]
(510.74 | 240.32) [ 0 3 15 30 18 28 31 ]


3136.80
(434.45 | 229.35) [ 0 4 6 19 31 ]
(522.36 | -179.41) [ 0 3 1 16 23 31 ]
(558.96 | -265.60) [ 0 5 7 9 13 28 18 20 31 ]
(516.62 | 216.61) [ 0 15 2 17 21 30 31 ]
(408.48 | 229.10) [ 0 14 12 29 27 31 ]
(595.94 | 188.16) [ 0 11 8 10 24 26 22 25 31 ]


3079.95
(502.25 | 146.55) [ 0 14 4 16 19 31 ]
(510.74 | 89.80) [ 0 15 3 30 18 28 31 ]
(618.91 | 258.10) [ 0 6 7 5 10 24 26 22 25 31 ]
(519.50 | 276.70) [ 0 2 1 20 17 21 31 ]
(412.15 | 259.14) [ 0 11 13 12 29 27 31 ]
(376.38 | 240.25) [ 0 8 9 23 31 ]


3084.18
(376.30 | 376.30) [ 0 8 23 31 ]
(483.28 | 198.37) [ 0 1 2 19 16 31 ]
(578.06 | 171.46) [ 0 11 9 14 25 22 26 24 31 ]
(537.42 | 189.47) [ 0 4 6 7 21 17 20 31 ]
(458.39 | 235.61) [ 0 10 5 12 13 29 27 31 ]
(510.74 | 264.53) [ 0 3 15 30 18 28 31 ]


3072.68
(540.36 | -843.40) [ 0 11 10 5 4 21 17 20 31 ]
(483.28 | 65.62) [ 0 2 1 19 16 31 ]
(510.74 | 66.51) [ 0 3 15 28 18 30 31 ]
(376.30 | 252.11) [ 0 13 8 23 31 ]
(408.48 | 228.79) [ 0 14 12 29 27 31 ]
(633.52 | 228.38) [ 0 9 7 6 25 22 26 24 31 ]


3072.68
(519.50 | -205.43) [ 0 1 2 20 17 21 31 ]
(504.13 | 192.01) [ 0 4 5 10 11 16 19 31 ]
(510.74 | 229.85) [ 0 3 15 28 18 30 31 ]
(633.52 | 183.76) [ 0 6 7 9 25 22 26 24 31 ]
(408.48 | 142.72) [ 0 12 14 29 27 31 ]
(376.30 | 225.99) [ 0 8 13 23 31 ]


3115.63
(398.85 | -866.89) [ 0 3 1 23 31 ]
(407.91 | -410.20) [ 0 14 29 27 31 ]
(544.11 | -752.92) [ 0 5 8 13 28 18 20 31 ]
(501.19 | 151.19) [ 0 7 6 4 16 19 31 ]
(531.49 | 154.03) [ 0 2 15 11 30 21 17 31 ]
(592.09 | 190.02) [ 0 10 12 9 24 26 22 25 31 ]


3055.05
(510.74 | 148.18) [ 0 15 3 28 18 30 31 ]
(483.28 | 213.77) [ 0 1 2 16 19 31 ]
(630.45 | 136.72) [ 0 4 7 10 11 25 22 26 24 31 ]
(410.50 | 154.43) [ 0 13 14 27 29 31 ]
(543.70 | 208.69) [ 0 6 5 12 20 17 21 31 ]
(376.38 | 262.77) [ 0 9 8 23 31 ]


3039.38
(510.74 | -33.77) [ 0 15 3 28 18 30 31 ]
(408.48 | 231.13) [ 0 14 12 27 29 31 ]
(550.05 | 239.81) [ 0 5 6 13 21 17 20 31 ]
(483.28 | 269.71) [ 0 1 2 19 16 31 ]
(376.38 | 256.13) [ 0 9 8 23 31 ]
(630.45 | 230.27) [ 0 11 10 7 4 24 26 22 25 31 ]


3079.96
(376.30 | 376.30) [ 0 8 23 31 ]
(483.28 | 156.90) [ 0 1 2 16 19 31 ]
(413.96 | 214.99) [ 0 13 9 12 29 27 31 ]
(510.74 | 160.87) [ 0 3 15 28 18 30 31 ]
(618.26 | 255.17) [ 0 10 5 14 11 24 26 22 25 31 ]
(537.42 | 244.59) [ 0 4 6 7 21 17 20 31 ]


3071.53
(577.24 | -135.65) [ 0 11 9 8 24 26 22 25 31 ]
(403.86 | 277.96) [ 0 1 2 23 31 ]
(550.05 | 276.22) [ 0 13 6 5 21 17 20 31 ]
(501.15 | 275.92) [ 0 10 7 4 16 19 31 ]
(510.74 | 261.43) [ 0 3 15 28 18 30 31 ]
(408.48 | 213.14) [ 0 14 12 27 29 31 ]


3105.79
(465.74 | -83.11) [ 0 4 9 13 27 29 31 ]
(483.28 | 261.96) [ 0 2 1 19 16 31 ]
(537.64 | 235.20) [ 0 5 7 6 21 17 20 31 ]
(510.74 | 277.27) [ 0 3 15 28 18 30 31 ]
(589.39 | 197.46) [ 0 11 14 10 24 26 22 25 31 ]
(379.00 | 232.68) [ 0 12 8 23 31 ]


3076.65
(376.30 | 376.30) [ 0 8 23 31 ]
(483.28 | 139.11) [ 0 2 1 19 16 31 ]
(625.13 | 74.72) [ 0 4 9 13 25 22 26 24 31 ]
(537.85 | 221.18) [ 0 6 7 5 10 21 17 20 31 ]
(408.48 | 220.15) [ 0 14 12 27 29 31 ]
(525.61 | 205.20) [ 0 11 15 3 30 18 28 31 ]


3039.38
(483.28 | 75.66) [ 0 1 2 19 16 31 ]
(630.45 | 38.37) [ 0 11 10 7 4 24 26 22 25 31 ]
(376.38 | 244.65) [ 0 9 8 23 31 ]
(408.48 | 220.29) [ 0 14 12 27 29 31 ]
(550.05 | 256.75) [ 0 5 6 13 21 17 20 31 ]
(510.74 | 228.82) [ 0 15 3 28 18 30 31 ]


3063.01
(425.42 | -978.90) [ 0 13 4 23 31 ]
(510.74 | 137.25) [ 0 15 3 28 18 30 31 ]
(483.28 | 133.34) [ 0 2 1 19 16 31 ]
(408.48 | 190.64) [ 0 14 12 27 29 31 ]
(577.24 | 193.79) [ 0 11 9 8 24 26 22 25 31 ]
(537.85 | 242.90) [ 0 10 5 7 6 21 17 20 31 ]


3095.38
(421.48 | -1087.01) [ 0 4 6 23 31 ]
(408.48 | 38.51) [ 0 14 12 27 29 31 ]
(595.94 | -18.07) [ 0 11 8 10 25 22 26 24 31 ]
(511.31 | 33.06) [ 0 15 3 18 21 30 31 ]
(554.89 | 239.19) [ 0 13 9 7 5 28 17 20 31 ]
(483.28 | 196.21) [ 0 2 1 19 16 31 ]


3087.33
(376.30 | 376.30) [ 0 8 23 31 ]
(483.28 | -8973.99) [ 0 1 2 16 19 31 ]
(552.76 | -204.64) [ 0 4 7 5 13 28 17 20 31 ]
(465.62 | 205.21) [ 0 12 6 10 29 27 31 ]
(578.06 | 175.58) [ 0 11 9 14 25 22 26 24 31 ]
(511.31 | 219.34) [ 0 15 3 30 21 18 31 ]


3102.33
(376.30 | 376.30) [ 0 8 23 31 ]
(541.10 | -2514.36) [ 0 4 9 13 18 28 31 ]
(640.32 | -46.96) [ 0 2 15 11 30 24 26 22 25 31 ]
(478.27 | 231.23) [ 0 3 1 19 16 31 ]
(408.48 | 260.47) [ 0 14 12 27 29 31 ]
(537.85 | 217.00) [ 0 6 7 5 10 21 17 20 31 ]


3070.08
(480.99 | -1266.47) [ 0 1 2 16 31 ]
(510.74 | 120.14) [ 0 3 15 28 18 30 31 ]
(464.44 | 183.82) [ 0 8 9 24 23 31 ]
(408.48 | 157.53) [ 0 12 14 29 27 31 ]
(550.05 | 222.69) [ 0 13 6 5 21 17 20 31 ]
(615.38 | 235.99) [ 0 11 10 7 4 19 22 25 26 31 ]


3083.39
(545.17 | -1783.77) [ 0 11 13 5 10 28 18 20 31 ]
(573.08 | -3253.74) [ 0 8 9 24 26 22 25 31 ]
(516.62 | -626.67) [ 0 2 15 30 21 17 31 ]
(478.27 | 167.27) [ 0 1 3 16 19 31 ]
(408.48 | 209.30) [ 0 12 14 27 29 31 ]
(421.77 | 238.71) [ 0 4 6 7 23 31 ]


3077.33
(429.01 | -644.74) [ 0 4 8 23 31 ]
(491.47 | 298.03) [ 0 13 9 28 17 20 31 ]
(483.28 | 262.69) [ 0 2 1 19 16 31 ]
(526.18 | 289.07) [ 0 11 15 3 18 21 30 31 ]
(618.91 | 239.81) [ 0 6 7 5 10 25 22 26 24 31 ]
(408.48 | 178.01) [ 0 14 12 29 27 31 ]


3175.99
(383.58 | 403.58) [ 0 14 19 31 ]
(545.28 | -2040.11) [ 0 4 6 7 16 23 31 ]
(622.93 | 49.91) [ 0 11 8 5 10 25 22 26 24 31 ]
(510.74 | 160.21) [ 0 15 3 30 18 28 31 ]
(413.96 | 147.52) [ 0 13 9 12 29 27 31 ]
(519.50 | 184.86) [ 0 2 1 21 17 20 31 ]


3129.91
(370.60 | 370.60) [ 0 14 23 31 ]
(416.30 | -29.62) [ 0 8 12 29 27 31 ]
(618.64 | -383.52) [ 0 4 6 10 25 22 26 24 31 ]
(554.89 | 260.68) [ 0 5 7 9 13 28 17 20 31 ]
(483.28 | 237.12) [ 0 2 1 19 16 31 ]
(526.18 | 234.70) [ 0 11 15 3 18 21 30 31 ]


3043.43
(429.01 | -961.86) [ 0 4 8 23 31 ]
(483.28 | -7659.37) [ 0 1 2 19 16 31 ]
(408.48 | 176.74) [ 0 14 12 29 27 31 ]
(510.74 | 248.74) [ 0 3 15 28 18 30 31 ]
(537.85 | 282.78) [ 0 6 7 5 10 20 17 21 31 ]
(574.06 | 218.84) [ 0 13 9 11 24 26 22 25 31 ]


3056.76
(421.48 | -836.69) [ 0 6 4 23 31 ]
(637.65 | -583.07) [ 0 10 5 7 9 11 24 26 22 25 31 ]
(483.28 | 191.32) [ 0 1 2 16 19 31 ]
(511.31 | 187.08) [ 0 15 3 18 21 30 31 ]
(494.57 | 236.96) [ 0 13 8 20 17 28 31 ]
(408.48 | 230.55) [ 0 14 12 29 27 31 ]


3063.38
(509.36 | -4969.84) [ 0 11 13 4 19 16 31 ]
(519.50 | 167.34) [ 0 2 1 21 17 20 31 ]
(408.48 | 242.94) [ 0 14 12 27 29 31 ]
(376.38 | 254.32) [ 0 9 8 23 31 ]
(618.91 | 192.19) [ 0 6 7 5 10 25 22 26 24 31 ]
(510.74 | 251.47) [ 0 3 15 28 18 30 31 ]


3092.75
(412.71 | -1422.68) [ 0 4 5 10 23 31 ]
(577.24 | 156.89) [ 0 11 9 8 25 22 26 24 31 ]
(556.31 | 262.97) [ 0 13 7 6 18 21 20 31 ]
(519.74 | 246.67) [ 0 2 15 17 28 30 31 ]
(478.27 | 187.49) [ 0 3 1 16 19 31 ]
(408.48 | 184.90) [ 0 14 12 29 27 31 ]


3091.12
(459.04 | -2612.01) [ 0 10 7 4 27 29 31 ]
(483.28 | -121.20) [ 0 2 1 19 16 31 ]
(543.70 | 249.43) [ 0 12 5 6 20 17 21 31 ]
(578.06 | 194.66) [ 0 14 9 11 25 22 26 24 31 ]
(376.30 | 203.32) [ 0 13 8 23 31 ]
(510.74 | 230.94) [ 0 3 15 28 18 30 31 ]


3194.64
(431.83 | -2052.42) [ 0 14 6 5 23 31 ]
(425.23 | 02.47) [ 0 12 13 29 27 30 31 ]
(501.15 | 32.76) [ 0 10 7 4 16 19 31 ]
(492.02 | 05.32) [ 0 8 9 21 17 20 31 ]
(612.89 | 147.80) [ 0 11 15 2 25 22 26 24 31 ]
(511.52 | 224.03) [ 0 1 3 28 18 31 ]


3112.01
(403.86 | -1305.14) [ 0 1 2 23 31 ]
(407.91 | 50.59) [ 0 14 27 29 31 ]
(511.31 | 89.41) [ 0 15 3 18 21 30 31 ]
(544.27 | 132.07) [ 0 13 5 4 10 20 17 28 31 ]
(507.41 | 55.64) [ 0 12 7 6 16 19 31 ]
(577.24 | 160.42) [ 0 11 9 8 25 22 26 24 31 ]


3078.52
(376.30 | 376.30) [ 0 8 23 31 ]
(465.30 | -8555.59) [ 0 12 7 6 29 27 31 ]
(544.27 | -338.53) [ 0 10 4 5 13 28 17 20 31 ]
(483.28 | 170.95) [ 0 2 1 19 16 31 ]
(578.06 | 87.94) [ 0 11 9 14 25 22 26 24 31 ]
(511.31 | 206.57) [ 0 3 15 18 21 30 31 ]


3084.58
(376.30 | 376.30) [ 0 8 23 31 ]
(408.48 | -408.27) [ 0 14 12 29 27 31 ]
(525.61 | 76.11) [ 0 11 15 3 30 18 28 31 ]
(483.28 | 170.43) [ 0 1 2 16 19 31 ]
(633.33 | 181.94) [ 0 5 7 9 13 25 22 26 24 31 ]
(537.58 | 262.34) [ 0 10 6 4 21 17 20 31 ]


3056.03
(695.55 | -587.87) [ 0 11 10 7 6 25 22 26 21 31 ]
(510.74 | 15.93) [ 0 3 15 28 18 30 31 ]
(483.28 | 116.74) [ 0 1 2 19 16 31 ]
(485.18 | 180.02) [ 0 4 5 12 27 17 20 31 ]
(376.30 | 229.28) [ 0 8 13 23 31 ]
(444.98 | 232.21) [ 0 14 9 29 24 31 ]


3156.43
(486.25 | -3354.26) [ 0 14 20 17 21 31 ]
(465.62 | -46432.94) [ 0 12 6 10 29 27 31 ]
(577.24 | 224.70) [ 0 11 9 8 24 26 22 25 31 ]
(512.09 | 295.60) [ 0 1 3 28 18 30 31 ]
(401.32 | 254.75) [ 0 15 2 23 31 ]
(513.91 | 292.80) [ 0 4 7 5 13 16 19 31 ]


3038.39
(376.38 | -1016.85) [ 0 9 8 23 31 ]
(516.62 | -70.84) [ 0 15 2 30 21 17 31 ]
(408.48 | 123.74) [ 0 12 14 29 27 31 ]
(547.76 | 116.24) [ 0 13 5 4 28 18 20 31 ]
(478.27 | 184.73) [ 0 3 1 16 19 31 ]
(630.88 | 250.76) [ 0 11 10 7 6 24 26 22 25 31 ]


3085.86
(478.27 | -3285.87) [ 0 1 3 19 16 31 ]
(485.86 | 235.74) [ 0 13 14 18 28 31 ]
(631.68 | 180.61) [ 0 11 12 7 10 25 22 26 24 31 ]
(456.22 | 232.76) [ 0 2 15 29 27 30 31 ]
(537.44 | 233.33) [ 0 4 6 5 21 17 20 31 ]
(376.38 | 258.26) [ 0 8 9 23 31 ]


3056.00
(421.77 | -1390.63) [ 0 5 8 13 23 31 ]
(519.50 | -12880.47) [ 0 1 2 20 17 21 31 ]
(501.19 | -1032.95) [ 0 7 6 4 19 16 31 ]
(510.74 | 209.49) [ 0 3 15 28 18 30 31 ]
(408.48 | 173.47) [ 0 14 12 27 29 31 ]
(594.31 | 187.00) [ 0 11 9 10 24 26 22 25 31 ]


3079.03
(600.56 | -205.55) [ 0 1 2 25 22 26 24 31 ]
(511.31 | 253.12) [ 0 3 15 18 21 30 31 ]
(376.38 | 224.77) [ 0 8 9 23 31 ]
(541.10 | 162.85) [ 0 11 13 5 10 28 17 20 31 ]
(501.19 | 219.07) [ 0 4 6 7 16 19 31 ]
(408.48 | 201.05) [ 0 14 12 29 27 31 ]


3071.23
(441.09 | -536.63) [ 0 11 8 7 23 31 ]
(408.48 | -1312.53) [ 0 14 12 29 27 31 ]
(590.21 | -2579.53) [ 0 10 9 13 24 26 22 25 31 ]
(483.28 | 76.21) [ 0 2 1 19 16 31 ]
(537.44 | 205.06) [ 0 5 6 4 21 17 20 31 ]
(510.74 | 230.41) [ 0 15 3 30 18 28 31 ]


3071.30
(434.13 | -2975.06) [ 0 10 7 13 23 31 ]
(483.28 | 46.60) [ 0 2 1 16 19 31 ]
(537.44 | 18.65) [ 0 5 6 4 20 17 21 31 ]
(510.74 | 237.61) [ 0 15 3 30 18 28 31 ]
(577.24 | 217.64) [ 0 11 9 8 24 26 22 25 31 ]
(408.48 | 169.13) [ 0 14 12 29 27 31 ]


3137.69
(436.85 | -858.27) [ 0 7 8 23 31 ]
(426.08 | -23653.41) [ 0 14 12 30 27 29 31 ]
(531.83 | -304.52) [ 0 11 15 2 20 17 21 31 ]
(501.21 | 260.66) [ 0 5 6 4 16 19 31 ]
(511.52 | 239.98) [ 0 1 3 28 18 31 ]
(590.21 | 234.08) [ 0 13 9 10 25 22 26 24 31 ]


3072.35
(376.30 | 376.30) [ 0 8 23 31 ]
(483.28 | 245.62) [ 0 1 2 16 19 31 ]
(618.48 | 245.80) [ 0 4 6 7 25 22 26 24 31 ]
(539.64 | 253.63) [ 0 10 5 9 13 28 17 20 31 ]
(526.18 | 200.50) [ 0 11 15 3 18 21 30 31 ]
(408.48 | 202.23) [ 0 14 12 27 29 31 ]


3085.42
(369.89 | 369.89) [ 0 14 29 31 ]
(561.07 | -160.29) [ 0 8 6 5 23 16 31 ]
(511.31 | 183.21) [ 0 3 15 18 21 30 31 ]
(512.64 | 180.62) [ 0 12 9 13 27 28 24 31 ]
(455.12 | 253.97) [ 0 2 1 17 20 31 ]
(615.38 | 247.59) [ 0 11 10 7 4 19 22 25 26 31 ]


3050.02
(483.28 | 134.13) [ 0 1 2 19 16 31 ]
(510.74 | 157.09) [ 0 3 15 30 18 28 31 ]
(631.68 | 167.31) [ 0 11 12 7 10 25 22 26 24 31 ]
(410.50 | 206.03) [ 0 14 13 27 29 31 ]
(537.44 | 221.07) [ 0 5 6 4 20 17 21 31 ]
(376.38 | 244.75) [ 0 8 9 23 31 ]


3051.25
(483.28 | 169.19) [ 0 2 1 16 19 31 ]
(437.26 | 227.22) [ 0 10 7 8 23 31 ]
(537.44 | 222.75) [ 0 4 6 5 20 17 21 31 ]
(408.48 | 215.60) [ 0 12 14 29 27 31 ]
(510.74 | 236.42) [ 0 15 3 28 18 30 31 ]
(574.06 | 219.47) [ 0 13 9 11 24 26 22 25 31 ]


3013.85
(510.74 | -29.52) [ 0 15 3 28 18 30 31 ]
(637.61 | -469.19) [ 0 11 9 7 10 25 22 26 24 31 ]
(537.44 | 28.96) [ 0 5 6 4 20 17 21 31 ]
(483.28 | 153.05) [ 0 1 2 16 19 31 ]
(376.30 | 220.67) [ 0 8 13 23 31 ]
(408.48 | 213.04) [ 0 14 12 29 27 31 ]


3062.20
(376.30 | 376.30) [ 0 8 23 31 ]
(413.96 | -1961.04) [ 0 12 9 13 29 27 31 ]
(483.28 | 66.14) [ 0 1 2 16 19 31 ]
(510.74 | 124.18) [ 0 15 3 28 18 30 31 ]
(630.45 | 202.16) [ 0 4 7 10 11 24 26 22 25 31 ]
(547.47 | 252.07) [ 0 14 6 5 20 17 21 31 ]


3105.48
(376.30 | 376.30) [ 0 8 23 31 ]
(501.19 | -8127.86) [ 0 4 6 7 16 19 31 ]
(628.60 | -2250.54) [ 0 13 12 5 10 27 26 22 25 31 ]
(519.50 | -490.82) [ 0 2 1 20 17 21 31 ]
(510.74 | 203.72) [ 0 3 15 28 18 30 31 ]
(449.13 | 209.82) [ 0 11 9 14 24 29 31 ]


3172.42
(370.39 | 390.39) [ 0 10 23 31 ]
(635.08 | 200.49) [ 0 4 7 12 27 26 22 25 31 ]
(449.13 | 198.30) [ 0 11 9 14 24 29 31 ]
(581.33 | 224.36) [ 0 13 15 3 28 18 30 31 ]
(553.21 | 211.57) [ 0 5 6 8 20 17 21 31 ]
(483.28 | 234.89) [ 0 2 1 19 16 31 ]


3069.10
(537.42 | -2681.45) [ 0 4 6 7 21 17 20 31 ]
(618.02 | -541.71) [ 0 9 5 10 25 22 26 24 31 ]
(408.48 | -184.35) [ 0 14 12 27 29 31 ]
(483.28 | 179.41) [ 0 1 2 19 16 31 ]
(376.30 | 240.47) [ 0 8 13 23 31 ]
(525.61 | 240.77) [ 0 3 15 11 28 18 30 31 ]


3069.16
(376.30 | 376.30) [ 0 8 23 31 ]
(618.08 | -4873.51) [ 0 10 5 9 13 24 26 22 25 31 ]
(537.42 | -5052.72) [ 0 7 6 4 21 17 20 31 ]
(483.28 | 112.68) [ 0 2 1 19 16 31 ]
(525.61 | 153.73) [ 0 11 15 3 28 18 30 31 ]
(408.48 | 180.86) [ 0 14 12 27 29 31 ]


3063.37
(403.86 | -1062.32) [ 0 1 2 23 31 ]
(510.74 | 213.93) [ 0 15 3 30 18 28 31 ]
(537.64 | 251.62) [ 0 6 7 5 20 17 21 31 ]
(408.48 | 169.55) [ 0 12 14 29 27 31 ]
(577.24 | 212.04) [ 0 11 9 8 25 22 26 24 31 ]
(505.41 | 254.83) [ 0 10 4 13 16 19 31 ]


3038.56
(379.00 | -1193.89) [ 0 8 12 23 31 ]
(637.61 | -174.30) [ 0 11 9 7 10 25 22 26 24 31 ]
(510.74 | -182.28) [ 0 3 15 30 18 28 31 ]
(483.28 | 179.07) [ 0 1 2 19 16 31 ]
(537.44 | 193.41) [ 0 4 6 5 21 17 20 31 ]
(410.50 | 167.35) [ 0 14 13 27 29 31 ]


3056.00
(421.77 | -1064.45) [ 0 5 8 13 23 31 ]
(483.28 | 186.74) [ 0 2 1 19 16 31 ]
(408.48 | 178.41) [ 0 14 12 29 27 31 ]
(510.74 | 206.67) [ 0 15 3 30 18 28 31 ]
(537.42 | 237.46) [ 0 4 6 7 21 17 20 31 ]
(594.31 | 254.94) [ 0 10 9 11 25 22 26 24 31 ]


3104.48
(376.30 | 376.30) [ 0 8 23 31 ]
(552.78 | -1596.23) [ 0 5 6 7 9 21 17 20 31 ]
(525.61 | -167.49) [ 0 11 15 3 30 18 28 31 ]
(483.28 | 185.78) [ 0 1 2 19 16 31 ]
(410.50 | 227.19) [ 0 13 14 29 27 31 ]
(616.02 | 206.68) [ 0 12 4 10 25 22 26 24 31 ]


3114.32
(465.36 | -7338.33) [ 0 12 5 6 29 27 31 ]
(540.00 | -6483.49) [ 0 10 7 4 20 17 28 31 ]
(483.28 | 174.92) [ 0 1 2 16 19 31 ]
(376.30 | 212.62) [ 0 8 13 23 31 ]
(578.06 | 223.04) [ 0 11 9 14 24 26 22 25 31 ]
(511.31 | 217.39) [ 0 15 3 18 21 30 31 ]


3055.05
(483.28 | 25.14) [ 0 2 1 16 19 31 ]
(543.70 | 189.76) [ 0 12 5 6 21 17 20 31 ]
(510.74 | 187.64) [ 0 3 15 30 18 28 31 ]
(410.50 | 196.72) [ 0 14 13 27 29 31 ]
(630.45 | 156.21) [ 0 4 7 10 11 24 26 22 25 31 ]
(376.38 | 250.87) [ 0 8 9 23 31 ]


3084.83
(376.30 | 376.30) [ 0 8 23 31 ]
(483.28 | -3184.91) [ 0 1 2 19 16 31 ]
(628.25 | 146.56) [ 0 10 7 14 24 26 22 25 31 ]
(413.96 | 209.17) [ 0 13 9 12 29 27 31 ]
(525.61 | 198.40) [ 0 3 15 11 30 18 28 31 ]
(537.44 | 240.52) [ 0 5 6 4 21 17 20 31 ]


3054.10
(556.86 | -11799.20) [ 0 5 6 9 11 21 17 20 31 ]
(618.44 | 112.30) [ 0 4 7 10 24 26 22 25 31 ]
(510.74 | 163.06) [ 0 15 3 28 18 30 31 ]
(376.30 | 220.21) [ 0 8 13 23 31 ]
(483.28 | 246.26) [ 0 1 2 19 16 31 ]
(408.48 | 210.95) [ 0 14 12 29 27 31 ]


