4577.28
(434.75 | -1480.23) [ 0 4 3 14 39 51 ]
(444.05 | -1550.31) [ 0 7 16 13 46 41 29 51 ]
(548.03 | 172.56) [ 0 9 18 21 10 34 40 35 51 ]
(514.52 | 180.83) [ 0 6 5 8 33 30 31 51 ]
(441.28 | 144.27) [ 0 12 22 24 11 47 37 36 49 51 ]
(721.14 | 222.55) [ 0 2 27 32 43 28 51 ]
(419.67 | 143.63) [ 0 20 15 25 38 45 51 ]
(423.05 | 212.40) [ 0 17 23 26 42 51 ]
(430.80 | 190.89) [ 0 19 1 48 44 50 51 ]


4616.10
(661.23 | -50764.25) [ 0 21 19 2 27 30 51 ]
(601.14 | -122.80) [ 0 6 7 14 45 32 31 51 ]
(457.17 | -173.61) [ 0 9 16 20 37 41 34 51 ]
(410.64 | -83.59) [ 0 23 12 48 39 51 ]
(464.87 | -241.54) [ 0 18 13 17 38 43 42 51 ]
(536.71 | 294.99) [ 0 10 22 15 35 40 47 51 ]
(489.36 | 250.99) [ 0 5 3 4 36 46 29 51 ]
(376.56 | 239.53) [ 0 11 24 8 25 50 49 33 44 51 ]
(458.42 | 228.98) [ 0 1 28 26 51 ]


4687.79
(387.53 | -355.72) [ 0 25 11 14 44 49 39 50 51 ]
(527.81 | -233.28) [ 0 17 13 38 35 51 ]
(490.65 | -34.52) [ 0 8 24 22 15 30 40 33 51 ]
(487.89 | 234.84) [ 0 3 5 16 37 41 47 51 ]
(434.87 | 262.50) [ 0 20 23 26 45 51 ]
(429.94 | 217.72) [ 0 7 6 4 31 48 51 ]
(451.33 | 181.81) [ 0 19 2 36 46 29 51 ]
(789.67 | 189.70) [ 0 1 18 9 21 34 27 32 43 51 ]
(388.11 | 223.84) [ 0 12 10 42 28 51 ]


4706.07
(377.27 | -2665.16) [ 0 23 14 48 51 ]
(447.59 | -370.85) [ 0 1 26 42 51 ]
(425.52 | -385.31) [ 0 10 11 22 36 46 29 51 ]
(442.13 | -479.72) [ 0 12 20 37 41 34 51 ]
(637.01 | -883.87) [ 0 18 7 6 4 28 43 32 45 51 ]
(474.16 | 203.06) [ 0 19 17 21 38 31 44 51 ]
(590.69 | 204.82) [ 0 3 5 13 30 35 47 51 ]
(680.56 | 211.76) [ 0 2 15 24 49 40 27 51 ]
(391.14 | 174.54) [ 0 9 16 8 25 39 33 50 51 ]


4629.85
(550.81 | -515.85) [ 0 10 9 15 35 40 34 51 ]
(422.46 | -414.02) [ 0 12 13 18 37 41 47 51 ]
(696.17 | -2217.96) [ 0 7 19 1 43 32 38 44 51 ]
(434.87 | 75.77) [ 0 23 20 26 45 51 ]
(575.71 | 105.58) [ 0 11 24 22 17 30 27 49 51 ]
(385.67 | 85.01) [ 0 14 8 25 50 33 39 51 ]
(394.69 | 156.34) [ 0 2 31 48 51 ]
(491.28 | 102.93) [ 0 4 6 21 29 46 36 51 ]
(458.19 | 164.65) [ 0 3 5 16 42 28 51 ]


4669.68
(375.68 | -1119.45) [ 0 14 12 48 51 ]
(441.58 | -262.11) [ 0 22 24 16 9 8 37 41 47 51 ]
(719.11 | -450.55) [ 0 7 20 15 27 32 43 28 51 ]
(489.77 | -145.61) [ 0 4 11 21 36 46 29 51 ]
(473.91 | 106.47) [ 0 2 19 25 44 49 39 50 51 ]
(512.83 | 120.38) [ 0 6 3 5 18 31 30 33 51 ]
(447.59 | 208.03) [ 0 1 26 42 51 ]
(418.47 | 119.76) [ 0 17 23 38 45 51 ]
(530.75 | 146.30) [ 0 10 13 35 40 34 51 ]


4663.68
(606.95 | -91.23) [ 0 7 9 8 11 43 32 38 33 51 ]
(482.99 | -122.30) [ 0 2 19 25 44 50 39 47 51 ]
(454.33 | -1156.56) [ 0 1 45 26 51 ]
(578.33 | -1130.43) [ 0 15 22 23 27 40 34 51 ]
(495.63 | -1382.22) [ 0 21 5 4 29 41 46 51 ]
(433.89 | 88.55) [ 0 14 3 6 31 48 51 ]
(425.05 | 124.24) [ 0 20 12 37 36 51 ]
(397.60 | 132.06) [ 0 13 24 17 42 28 51 ]
(528.92 | 128.23) [ 0 10 18 16 49 30 35 51 ]


4740.68
(532.10 | -9948.15) [ 0 14 24 22 21 35 39 51 ]
(482.04 | -21.90) [ 0 7 6 4 37 29 47 51 ]
(564.06 | -270.77) [ 0 12 18 11 28 43 32 45 51 ]
(504.96 | 39.95) [ 0 3 5 16 31 30 34 49 51 ]
(425.23 | -1369.88) [ 0 17 20 26 42 51 ]
(437.27 | -2524.35) [ 0 10 9 15 36 41 46 51 ]
(412.38 | -1141.10) [ 0 13 23 48 38 51 ]
(603.78 | 121.46) [ 0 19 2 27 40 51 ]
(478.86 | 177.78) [ 0 1 8 25 50 33 44 51 ]


4717.65
(589.01 | -19885.35) [ 0 25 22 24 8 11 27 36 51 ]
(525.98 | -226.37) [ 0 17 1 42 26 51 ]
(417.81 | -202.24) [ 0 12 10 47 41 37 51 ]
(487.52 | -487.11) [ 0 9 3 6 31 34 39 51 ]
(537.60 | -86.02) [ 0 7 5 4 30 46 29 51 ]
(551.28 | -76.57) [ 0 15 16 21 35 40 49 51 ]
(412.38 | -112.98) [ 0 13 23 48 38 51 ]
(399.67 | 203.84) [ 0 19 2 44 33 50 51 ]
(576.40 | 142.77) [ 0 20 18 14 45 32 43 28 51 ]


4690.61
(575.24 | -60998.02) [ 0 12 14 30 27 51 ]
(518.74 | -481.20) [ 0 1 19 49 44 43 26 51 ]
(607.69 | -1642.66) [ 0 7 5 6 31 32 45 51 ]
(412.38 | -1891.15) [ 0 13 23 38 48 51 ]
(611.86 | 188.97) [ 0 4 3 9 35 40 34 51 ]
(479.91 | 206.85) [ 0 2 8 25 39 33 50 51 ]
(391.75 | 172.70) [ 0 10 17 42 28 51 ]
(429.64 | 149.98) [ 0 15 24 11 21 29 46 36 51 ]
(443.39 | 176.22) [ 0 18 16 20 22 37 41 47 51 ]


4710.04
(395.96 | -4903.88) [ 0 15 24 18 14 44 49 39 50 51 ]
(412.38 | -690.10) [ 0 23 13 38 48 51 ]
(600.18 | -367.93) [ 0 2 34 40 27 51 ]
(500.24 | -417.41) [ 0 7 6 4 33 30 31 51 ]
(517.58 | -108.81) [ 0 21 19 1 36 46 29 51 ]
(547.01 | -31.80) [ 0 10 8 25 35 45 51 ]
(441.81 | -136.58) [ 0 20 16 9 37 41 47 51 ]
(531.29 | -65.70) [ 0 17 12 32 43 26 51 ]
(463.59 | 170.13) [ 0 3 5 11 22 42 28 51 ]


4726.57
(382.58 | 25.14) [ 0 9 23 18 48 51 ]
(576.35 | -27580.53) [ 0 13 24 20 30 27 49 51 ]
(626.72 | -554.41) [ 0 3 5 16 28 43 32 45 51 ]
(389.52 | -376.39) [ 0 25 8 14 39 33 44 51 ]
(426.94 | -184.58) [ 0 15 22 11 21 36 41 46 51 ]
(454.11 | 98.12) [ 0 19 1 26 42 51 ]
(595.68 | 175.62) [ 0 7 6 4 35 40 34 51 ]
(415.72 | 85.87) [ 0 10 12 37 29 47 51 ]
(538.94 | 15.77) [ 0 2 17 38 31 50 51 ]


4679.72
(612.22 | -769.44) [ 0 25 24 18 11 7 50 49 30 32 43 51 ]
(533.40 | -1157.93) [ 0 14 10 45 35 51 ]
(426.77 | -1240.57) [ 0 12 20 37 41 47 51 ]
(590.67 | -1468.28) [ 0 9 23 15 34 40 27 51 ]
(446.13 | -1315.27) [ 0 17 22 13 38 26 51 ]
(485.22 | 134.15) [ 0 2 19 8 39 33 44 51 ]
(448.27 | 196.27) [ 0 1 29 46 36 51 ]
(458.19 | 198.59) [ 0 3 5 16 42 28 51 ]
(438.85 | 181.42) [ 0 21 6 4 31 48 51 ]


4633.94
(538.20 | -1104.26) [ 0 5 3 4 44 30 29 51 ]
(452.94 | -1451.59) [ 0 21 11 9 25 46 36 34 50 51 ]
(454.11 | 201.44) [ 0 19 1 26 42 51 ]
(660.76 | 187.56) [ 0 7 23 18 35 32 43 28 51 ]
(357.20 | 233.56) [ 0 10 14 48 31 51 ]
(677.71 | 217.11) [ 0 2 15 22 27 40 47 51 ]
(419.73 | 196.07) [ 0 12 20 45 38 51 ]
(494.49 | 244.94) [ 0 8 16 6 41 37 51 ]
(378.79 | 244.94) [ 0 17 24 13 39 33 49 51 ]


4582.72
(422.91 | -981.58) [ 0 25 18 11 21 46 41 36 51 ]
(423.05 | -176.72) [ 0 17 23 26 42 51 ]
(453.11 | -241.79) [ 0 14 9 16 39 34 30 51 ]
(585.66 | -324.02) [ 0 7 8 20 28 43 32 45 51 ]
(403.14 | 187.31) [ 0 19 1 44 33 50 51 ]
(433.40 | 166.87) [ 0 5 3 6 31 48 51 ]
(680.56 | 187.44) [ 0 24 15 2 49 40 27 51 ]
(495.79 | 178.86) [ 0 4 22 12 37 29 47 51 ]
(525.10 | 195.92) [ 0 10 13 38 35 51 ]


4706.12
(372.48 | -2736.25) [ 0 15 23 48 51 ]
(755.30 | -6198.29) [ 0 7 5 6 28 32 27 51 ]
(535.54 | -213.90) [ 0 1 20 45 26 51 ]
(498.70 | -1432.29) [ 0 4 3 9 21 29 41 46 51 ]
(531.22 | -1181.74) [ 0 16 24 12 35 30 49 51 ]
(464.87 | -1122.74) [ 0 18 13 17 38 43 42 51 ]
(477.39 | -1011.50) [ 0 14 10 37 40 34 51 ]
(433.26 | 176.57) [ 0 11 8 22 25 47 36 33 50 51 ]
(437.36 | 163.77) [ 0 19 2 39 44 31 51 ]


4745.10
(532.23 | -91.35) [ 0 1 19 50 39 44 43 51 ]
(601.14 | -832.51) [ 0 6 7 14 31 32 45 51 ]
(460.13 | -1071.47) [ 0 16 18 13 26 38 51 ]
(426.77 | -971.87) [ 0 20 12 37 41 47 51 ]
(425.36 | -725.76) [ 0 9 23 8 48 34 33 51 ]
(680.56 | 153.90) [ 0 24 15 2 49 40 27 51 ]
(425.52 | 148.82) [ 0 10 11 22 36 46 29 51 ]
(392.21 | 130.65) [ 0 25 17 21 28 42 51 ]
(581.19 | 207.16) [ 0 5 3 4 35 30 51 ]


4613.94
(530.36 | -8762.06) [ 0 12 15 40 35 51 ]
(502.47 | -682.47) [ 0 6 3 5 44 30 31 51 ]
(434.67 | -577.44) [ 0 21 16 11 36 41 46 51 ]
(446.21 | -480.00) [ 0 17 23 42 45 51 ]
(407.25 | -608.73) [ 0 13 10 48 38 51 ]
(407.96 | -281.56) [ 0 8 24 9 14 39 34 33 49 51 ]
(501.34 | 235.35) [ 0 4 18 22 20 37 29 47 51 ]
(777.94 | 225.96) [ 0 7 25 2 32 27 50 51 ]
(465.75 | 203.29) [ 0 19 1 28 43 26 51 ]


4694.95
(369.47 | -3650.85) [ 0 15 13 18 48 51 ]
(442.28 | -22827.98) [ 0 23 9 24 25 37 39 51 ]
(525.98 | -1971.10) [ 0 1 17 42 26 51 ]
(504.40 | -781.83) [ 0 6 3 5 50 30 31 51 ]
(419.73 | -423.35) [ 0 12 20 38 45 51 ]
(499.05 | -409.01) [ 0 7 4 16 29 41 46 51 ]
(631.79 | -176.87) [ 0 14 10 28 43 32 35 51 ]
(604.38 | 229.76) [ 0 19 2 34 40 27 51 ]
(437.86 | 197.26) [ 0 21 22 8 11 47 36 33 49 44 51 ]


4714.83
(374.45 | -5513.53) [ 0 17 14 39 51 ]
(492.38 | -33.11) [ 0 19 1 49 38 45 51 ]
(432.12 | -45.84) [ 0 12 10 34 29 37 51 ]
(439.09 | -2179.42) [ 0 16 20 42 26 51 ]
(398.58 | -2153.99) [ 0 13 23 48 44 50 51 ]
(514.52 | -3773.99) [ 0 6 5 8 31 30 33 51 ]
(729.01 | 97.54) [ 0 7 4 3 24 18 35 32 43 28 51 ]
(677.71 | 197.30) [ 0 2 15 22 47 40 27 51 ]
(436.97 | 158.26) [ 0 21 11 9 25 46 41 36 51 ]


4744.48
(385.16 | -2096.76) [ 0 17 11 42 51 ]
(621.45 | -33.19) [ 0 2 15 24 35 30 49 51 ]
(578.98 | -351.32) [ 0 25 18 7 14 28 26 43 32 51 ]
(489.36 | -537.79) [ 0 5 3 4 29 46 36 51 ]
(575.79 | -401.39) [ 0 21 13 8 27 40 34 51 ]
(509.76 | -409.32) [ 0 6 9 23 50 31 38 51 ]
(432.47 | -354.03) [ 0 20 12 48 45 51 ]
(438.88 | -418.70) [ 0 10 16 22 37 41 47 51 ]
(412.64 | 168.41) [ 0 19 1 39 33 44 51 ]


4638.23
(676.17 | -485.03) [ 0 2 15 18 27 40 49 51 ]
(580.98 | -379.47) [ 0 17 8 7 32 43 42 28 51 ]
(533.52 | -577.12) [ 0 10 24 25 35 38 51 ]
(437.35 | 197.35) [ 0 22 23 16 47 29 37 51 ]
(498.44 | 204.14) [ 0 9 5 14 30 34 39 51 ]
(436.40 | 194.67) [ 0 3 6 4 48 31 51 ]
(421.18 | 138.50) [ 0 21 13 11 36 41 46 51 ]
(431.05 | 208.50) [ 0 20 12 26 45 51 ]
(403.14 | 221.83) [ 0 19 1 44 33 50 51 ]


4618.93
(454.33 | -1536.26) [ 0 1 26 45 51 ]
(427.14 | -1048.00) [ 0 15 7 14 48 39 51 ]
(582.10 | -1163.08) [ 0 22 20 16 18 28 42 43 32 51 ]
(495.63 | -1207.68) [ 0 21 5 4 29 41 46 51 ]
(374.20 | 161.31) [ 0 13 8 24 25 50 49 33 44 51 ]
(484.44 | 248.84) [ 0 6 3 9 11 38 31 51 ]
(425.21 | 208.57) [ 0 23 12 47 36 37 51 ]
(511.52 | 183.55) [ 0 10 17 30 35 51 ]
(604.38 | 192.54) [ 0 19 2 27 40 34 51 ]


4693.16
(543.86 | -423.45) [ 0 20 24 8 22 35 40 47 51 ]
(489.90 | -2720.37) [ 0 11 7 4 36 46 29 51 ]
(692.58 | -1930.60) [ 0 2 43 32 27 34 51 ]
(523.64 | -10600.50) [ 0 1 19 21 26 45 51 ]
(390.53 | 159.12) [ 0 25 13 16 50 33 39 51 ]
(381.70 | 186.59) [ 0 14 10 42 28 51 ]
(511.60 | 87.42) [ 0 6 3 5 18 31 30 44 51 ]
(431.95 | 146.30) [ 0 12 17 49 41 37 51 ]
(427.42 | 149.68) [ 0 15 23 9 48 38 51 ]


4692.78
(441.86 | -7809.01) [ 0 14 18 20 45 26 51 ]
(524.70 | -206.06) [ 0 3 6 4 31 48 43 51 ]
(436.00 | -302.34) [ 0 25 8 11 33 36 29 51 ]
(392.15 | 64.43) [ 0 12 17 42 28 51 ]
(647.76 | 44.58) [ 0 10 21 7 32 35 46 51 ]
(532.83 | 62.32) [ 0 13 9 5 34 30 38 51 ]
(579.89 | 72.68) [ 0 15 24 23 27 40 49 51 ]
(412.11 | 163.92) [ 0 19 2 44 39 50 51 ]
(545.47 | 159.23) [ 0 1 22 16 47 41 37 51 ]


4668.31
(433.39 | -1885.37) [ 0 5 3 6 48 51 ]
(445.90 | -3478.97) [ 0 8 22 20 31 30 33 51 ]
(504.59 | -371.68) [ 0 4 16 25 29 41 50 51 ]
(454.75 | -694.49) [ 0 12 24 9 21 37 46 34 49 51 ]
(525.98 | -322.20) [ 0 1 17 26 42 51 ]
(417.31 | -176.24) [ 0 13 23 45 38 51 ]
(536.41 | -403.01) [ 0 10 18 15 47 40 35 51 ]
(444.65 | -223.07) [ 0 14 7 11 44 39 36 51 ]
(725.34 | 183.10) [ 0 2 19 27 32 43 28 51 ]


4636.66
(454.70 | -190.85) [ 0 22 16 9 11 34 36 41 47 51 ]
(546.79 | -90.30) [ 0 21 6 4 31 30 46 51 ]
(507.64 | 149.76) [ 0 14 10 35 39 51 ]
(412.38 | 73.54) [ 0 13 23 38 48 51 ]
(425.23 | 72.19) [ 0 17 20 26 42 51 ]
(438.72 | 95.57) [ 0 12 8 7 29 37 51 ]
(627.51 | 15.75) [ 0 3 5 18 25 28 43 32 45 51 ]
(403.14 | 159.15) [ 0 1 19 50 33 44 51 ]
(680.56 | 190.88) [ 0 2 15 24 27 40 49 51 ]


4650.54
(370.13 | -3230.66) [ 0 23 13 48 51 ]
(385.40 | -1204.35) [ 0 14 22 25 50 33 39 51 ]
(436.34 | 54.64) [ 0 11 16 8 36 46 29 51 ]
(569.52 | 122.87) [ 0 18 24 20 15 28 43 32 45 51 ]
(417.81 | 38.36) [ 0 12 10 37 41 47 51 ]
(503.73 | 47.18) [ 0 4 6 3 44 31 38 51 ]
(604.38 | 183.73) [ 0 19 2 27 40 34 51 ]
(577.25 | 226.06) [ 0 7 5 9 21 49 30 35 51 ]
(525.98 | 189.04) [ 0 1 17 26 42 51 ]


4700.48
(639.17 | -956.10) [ 0 15 5 7 27 40 49 51 ]
(648.53 | -2288.47) [ 0 21 22 20 25 28 43 32 35 51 ]
(490.49 | -1208.32) [ 0 18 23 24 9 34 30 29 47 51 ]
(436.40 | 203.62) [ 0 3 6 4 48 31 51 ]
(436.11 | 168.60) [ 0 11 16 8 46 41 36 51 ]
(431.97 | 237.08) [ 0 12 14 39 37 51 ]
(399.67 | 181.11) [ 0 19 2 44 33 50 51 ]
(412.17 | 182.92) [ 0 10 13 38 45 51 ]
(525.98 | 192.89) [ 0 1 17 42 26 51 ]


4711.35
(461.20 | -29622.54) [ 0 7 18 13 21 26 38 51 ]
(696.79 | -755.65) [ 0 2 19 34 27 32 43 51 ]
(436.11 | -6624.17) [ 0 11 16 8 36 41 46 51 ]
(496.65 | -159.91) [ 0 4 9 14 37 29 47 51 ]
(436.28 | -359.22) [ 0 20 23 48 45 51 ]
(409.48 | 247.17) [ 0 22 12 25 31 50 39 51 ]
(539.49 | 277.79) [ 0 10 24 15 35 40 49 51 ]
(496.63 | 275.77) [ 0 5 3 6 44 30 33 51 ]
(498.72 | 172.54) [ 0 1 17 28 42 51 ]


4659.71
(371.43 | -3972.66) [ 0 23 11 48 51 ]
(420.72 | -37.79) [ 0 18 13 17 26 42 51 ]
(431.97 | 35.57) [ 0 14 12 37 39 51 ]
(773.53 | -26.36) [ 0 7 4 16 28 43 32 27 51 ]
(550.81 | 132.50) [ 0 10 9 15 35 40 34 51 ]
(503.70 | 189.09) [ 0 6 3 5 31 30 33 51 ]
(438.39 | 164.36) [ 0 25 22 24 8 21 50 49 36 46 47 51 ]
(519.44 | 178.32) [ 0 20 2 38 45 51 ]
(469.72 | 176.34) [ 0 19 1 29 41 44 51 ]


4646.06
(433.73 | -1600.03) [ 0 3 6 4 39 51 ]
(559.35 | -375.73) [ 0 7 9 8 15 34 40 35 51 ]
(421.41 | -330.38) [ 0 21 13 11 36 46 29 51 ]
(400.47 | -110.62) [ 0 18 23 25 48 33 50 51 ]
(439.08 | 73.26) [ 0 12 22 16 47 41 37 51 ]
(633.98 | 196.82) [ 0 24 5 14 49 27 30 51 ]
(525.98 | 108.04) [ 0 1 17 26 42 51 ]
(466.22 | 210.20) [ 0 19 2 44 31 38 51 ]
(565.85 | 189.67) [ 0 10 20 45 32 43 28 51 ]


4675.54
(376.36 | -3050.89) [ 0 23 20 48 51 ]
(512.11 | -502.42) [ 0 7 6 9 18 37 36 34 51 ]
(676.96 | 191.71) [ 0 19 1 35 32 43 28 51 ]
(419.41 | 242.51) [ 0 17 12 26 42 51 ]
(397.71 | 134.55) [ 0 14 24 25 21 44 49 39 50 51 ]
(435.88 | 201.65) [ 0 11 16 8 29 41 46 51 ]
(507.23 | 234.83) [ 0 5 3 4 33 30 31 51 ]
(677.71 | 162.17) [ 0 2 15 22 27 40 47 51 ]
(412.17 | 183.39) [ 0 10 13 45 38 51 ]


4664.59
(413.96 | -2089.38) [ 0 23 12 38 48 51 ]
(535.54 | -413.31) [ 0 1 20 45 26 51 ]
(437.09 | -279.77) [ 0 11 16 24 25 36 41 46 51 ]
(390.48 | -1220.81) [ 0 14 17 44 49 39 50 51 ]
(459.39 | 195.60) [ 0 7 8 22 13 31 30 33 51 ]
(458.20 | 140.16) [ 0 21 9 5 3 42 28 51 ]
(478.65 | 314.50) [ 0 4 6 37 29 47 51 ]
(696.06 | 219.44) [ 0 19 2 27 32 43 51 ]
(535.23 | 194.70) [ 0 10 18 15 34 40 35 51 ]


4624.89
(724.46 | -1121.33) [ 0 4 6 7 24 28 43 32 35 51 ]
(539.17 | 165.13) [ 0 19 9 5 3 49 34 30 44 51 ]
(376.38 | 137.72) [ 0 23 20 31 48 51 ]
(677.71 | 188.45) [ 0 2 15 22 27 40 47 51 ]
(448.27 | 196.41) [ 0 1 36 46 29 51 ]
(385.67 | 131.93) [ 0 25 8 14 50 33 39 51 ]
(438.08 | 130.99) [ 0 12 16 18 37 41 51 ]
(419.00 | 166.36) [ 0 10 17 26 42 51 ]
(416.14 | 135.41) [ 0 21 13 11 38 45 51 ]


4693.84
(489.91 | 00.00) [ 0 16 5 21 46 41 29 51 ]
(626.93 | -12594.68) [ 0 14 7 11 28 43 32 30 51 ]
(541.90 | -1858.91) [ 0 18 22 20 15 47 40 35 51 ]
(419.88 | -1370.81) [ 0 12 10 37 39 51 ]
(702.32 | 189.28) [ 0 2 19 24 9 34 27 36 51 ]
(371.60 | 160.15) [ 0 8 17 25 44 33 49 50 51 ]
(436.40 | 192.14) [ 0 3 6 4 48 31 51 ]
(417.31 | 211.22) [ 0 23 13 38 45 51 ]
(447.59 | 251.26) [ 0 1 42 26 51 ]


4618.45
(427.50 | -530.44) [ 0 11 24 8 21 46 41 36 51 ]
(645.56 | -230.67) [ 0 6 7 25 26 32 50 51 ]
(691.86 | 130.82) [ 0 2 15 9 27 40 34 51 ]
(452.16 | -28.30) [ 0 14 18 13 43 45 38 51 ]
(519.02 | -15.48) [ 0 10 20 35 30 49 51 ]
(461.43 | 164.79) [ 0 4 3 5 42 28 51 ]
(371.30 | 180.07) [ 0 17 23 48 31 51 ]
(436.99 | 158.23) [ 0 12 22 16 37 29 47 51 ]
(412.64 | 179.38) [ 0 19 1 39 33 44 51 ]


4718.21
(364.99 | -1455.73) [ 0 13 10 48 51 ]
(425.29 | -157.21) [ 0 18 22 15 12 37 41 47 51 ]
(583.12 | -203.25) [ 0 5 3 4 35 30 49 51 ]
(573.26 | -401.39) [ 0 11 7 14 45 32 43 28 51 ]
(511.29 | -193.60) [ 0 6 16 25 38 31 50 51 ]
(594.65 | -144.74) [ 0 9 24 8 20 27 40 34 51 ]
(475.43 | -199.26) [ 0 21 19 1 39 33 44 51 ]
(423.05 | -230.97) [ 0 17 23 26 42 51 ]
(447.12 | 203.92) [ 0 2 36 46 29 51 ]


4625.25
(382.61 | -13110.10) [ 0 23 9 11 31 48 51 ]
(412.25 | -547.32) [ 0 19 2 50 39 49 44 51 ]
(601.03 | -436.48) [ 0 13 8 18 7 33 38 32 43 51 ]
(437.21 | -51.69) [ 0 17 12 34 41 37 51 ]
(496.61 | -377.41) [ 0 25 16 4 36 46 29 51 ]
(457.90 | 282.34) [ 0 5 3 6 42 28 51 ]
(580.64 | 267.04) [ 0 21 24 22 15 27 40 47 51 ]
(535.54 | 101.09) [ 0 1 20 26 45 51 ]
(501.46 | 162.77) [ 0 10 14 30 35 51 ]


4548.77
(421.83 | -328.17) [ 0 25 11 21 36 46 29 51 ]
(583.12 | -86.14) [ 0 4 3 5 49 30 35 51 ]
(439.08 | -307.09) [ 0 12 22 16 37 41 47 51 ]
(601.03 | -510.17) [ 0 13 8 18 7 33 38 32 43 51 ]
(691.86 | 100.49) [ 0 2 15 9 34 40 27 51 ]
(460.85 | 246.25) [ 0 19 1 26 45 51 ]
(370.42 | 240.35) [ 0 14 10 50 39 44 51 ]
(397.97 | 215.31) [ 0 17 20 28 42 51 ]
(442.61 | 208.77) [ 0 6 24 23 48 31 51 ]


4657.17
(594.17 | -32944.24) [ 0 7 6 24 15 31 35 49 51 ]
(416.21 | -24229.49) [ 0 14 23 39 48 51 ]
(684.16 | -27771.70) [ 0 8 19 1 26 32 33 51 ]
(452.83 | -943.40) [ 0 20 13 18 38 45 43 51 ]
(426.78 | 20.68) [ 0 11 22 12 47 36 37 51 ]
(453.50 | 13.12) [ 0 21 9 16 25 46 41 34 50 51 ]
(391.75 | 126.28) [ 0 10 17 42 28 51 ]
(538.20 | 211.60) [ 0 4 3 5 29 30 44 51 ]
(599.58 | 214.48) [ 0 2 40 27 51 ]


4656.38
(428.38 | -5171.51) [ 0 14 12 37 41 51 ]
(550.81 | -1271.79) [ 0 10 9 15 34 40 35 51 ]
(504.55 | -1084.62) [ 0 3 6 4 44 36 29 47 51 ]
(482.07 | -740.95) [ 0 11 18 16 7 31 43 26 51 ]
(421.28 | 118.68) [ 0 20 22 13 45 38 51 ]
(767.65 | 145.19) [ 0 21 19 2 32 27 46 51 ]
(504.05 | 127.87) [ 0 5 24 23 48 30 49 51 ]
(377.23 | 63.52) [ 0 8 17 25 50 33 39 51 ]
(420.34 | 222.17) [ 0 1 42 28 51 ]


4594.58
(660.17 | -1113.95) [ 0 8 3 6 7 43 32 38 33 51 ]
(446.89 | -647.70) [ 0 20 24 16 18 45 26 51 ]
(495.63 | 53.33) [ 0 21 5 4 29 41 46 51 ]
(550.81 | 182.87) [ 0 10 9 15 34 40 35 51 ]
(387.53 | 136.44) [ 0 25 11 14 44 49 39 50 51 ]
(420.34 | 208.11) [ 0 1 42 28 51 ]
(371.71 | 180.35) [ 0 23 12 31 48 51 ]
(423.05 | 184.32) [ 0 17 22 13 37 36 47 51 ]
(598.44 | 211.90) [ 0 19 2 27 30 51 ]


4604.37
(376.36 | -15054.80) [ 0 20 23 48 51 ]
(675.43 | -151.86) [ 0 2 22 24 30 27 49 51 ]
(488.87 | -2181.99) [ 0 7 5 4 47 29 37 51 ]
(419.41 | -1340.09) [ 0 12 17 26 42 51 ]
(469.69 | 136.94) [ 0 1 19 44 31 38 51 ]
(636.94 | 165.78) [ 0 18 16 3 6 28 43 32 45 51 ]
(385.67 | 162.21) [ 0 25 8 14 50 33 39 51 ]
(421.18 | 104.01) [ 0 21 13 11 36 41 46 51 ]
(550.81 | 152.10) [ 0 10 9 15 35 40 34 51 ]


4573.06
(494.52 | -3983.91) [ 0 4 16 21 29 41 46 51 ]
(604.56 | -226.87) [ 0 1 19 26 32 44 51 ]
(576.32 | 107.90) [ 0 25 15 22 27 40 47 51 ]
(554.96 | 60.17) [ 0 2 9 11 34 36 37 51 ]
(591.79 | 133.05) [ 0 6 3 5 24 35 30 49 51 ]
(394.62 | 166.70) [ 0 8 7 14 50 33 39 51 ]
(371.71 | 107.42) [ 0 23 12 48 31 51 ]
(452.83 | 105.25) [ 0 20 13 18 43 45 38 51 ]
(391.75 | 184.10) [ 0 10 17 28 42 51 ]


4678.81
(376.36 | -2443.45) [ 0 20 23 48 51 ]
(633.34 | -724.47) [ 0 6 7 21 25 28 43 32 45 51 ]
(437.33 | -482.18) [ 0 13 22 16 36 41 46 51 ]
(423.24 | -270.09) [ 0 17 11 26 42 51 ]
(583.12 | -213.48) [ 0 5 3 4 35 30 49 51 ]
(415.72 | 264.41) [ 0 12 10 47 29 37 51 ]
(469.69 | 231.16) [ 0 19 1 38 31 44 51 ]
(388.14 | 238.25) [ 0 8 24 18 14 50 33 39 51 ]
(691.86 | 165.27) [ 0 2 15 9 27 40 34 51 ]


4743.38
(431.22 | -1671.73) [ 0 14 3 6 39 51 ]
(436.63 | -12793.50) [ 0 17 16 18 26 42 51 ]
(441.15 | -126.00) [ 0 23 13 50 30 31 51 ]
(392.32 | -185.53) [ 0 10 12 33 44 48 51 ]
(454.33 | -395.30) [ 0 1 19 29 41 46 51 ]
(711.36 | -71.86) [ 0 7 5 4 28 43 32 35 51 ]
(441.66 | -46.67) [ 0 15 22 24 11 47 37 36 49 51 ]
(692.46 | 237.14) [ 0 2 9 21 27 40 34 51 ]
(422.26 | 145.63) [ 0 25 20 8 38 45 51 ]


4679.28
(393.81 | -241.72) [ 0 7 18 17 25 50 33 39 51 ]
(541.71 | -716.58) [ 0 11 24 22 15 35 40 49 51 ]
(433.63 | -41391.22) [ 0 20 8 21 26 45 51 ]
(461.43 | 227.09) [ 0 4 3 5 42 28 51 ]
(412.38 | 160.98) [ 0 13 23 38 48 51 ]
(492.33 | 152.17) [ 0 6 9 16 36 41 46 51 ]
(471.43 | 166.51) [ 0 19 1 31 30 44 51 ]
(517.46 | 155.73) [ 0 2 12 47 29 37 51 ]
(655.09 | 133.46) [ 0 10 14 43 32 27 34 51 ]


4717.86
(401.44 | -1139.73) [ 0 20 13 38 51 ]
(449.90 | -306.29) [ 0 9 11 10 34 29 37 51 ]
(431.06 | -227.02) [ 0 19 1 48 44 33 51 ]
(575.88 | -561.46) [ 0 18 23 16 28 42 43 32 51 ]
(425.64 | -487.92) [ 0 21 8 24 25 36 41 46 51 ]
(583.12 | -96.18) [ 0 5 3 4 35 30 49 51 ]
(426.14 | -55.51) [ 0 12 17 26 45 51 ]
(466.96 | 231.34) [ 0 6 7 14 31 50 39 51 ]
(677.71 | 188.29) [ 0 2 15 22 47 40 27 51 ]


4669.85
(437.08 | -1182.42) [ 0 18 16 17 46 41 36 51 ]
(419.52 | -1260.31) [ 0 14 23 48 38 51 ]
(782.31 | -1261.61) [ 0 7 19 2 43 32 27 34 51 ]
(501.16 | 102.58) [ 0 22 3 6 4 37 29 47 51 ]
(494.42 | 198.10) [ 0 5 9 20 45 26 51 ]
(438.05 | 206.25) [ 0 11 13 21 31 30 44 51 ]
(377.48 | 126.16) [ 0 25 12 8 39 33 50 51 ]
(420.34 | 189.46) [ 0 1 42 28 51 ]
(539.49 | 166.06) [ 0 10 24 15 35 40 49 51 ]


4616.83
(460.85 | -63.01) [ 0 19 1 26 45 51 ]
(415.60 | -32.01) [ 0 23 24 8 50 49 34 48 51 ]
(617.93 | 167.09) [ 0 13 7 6 32 38 31 51 ]
(441.11 | 167.86) [ 0 20 18 11 43 42 28 51 ]
(367.48 | 210.60) [ 0 14 10 44 33 39 51 ]
(417.78 | 201.11) [ 0 17 12 29 37 51 ]
(677.71 | 164.32) [ 0 2 15 22 27 40 47 51 ]
(437.18 | 208.74) [ 0 21 9 16 25 36 41 46 51 ]
(581.19 | 250.62) [ 0 5 3 4 35 30 51 ]


4646.51
(469.99 | -1957.22) [ 0 6 3 9 11 38 51 ]
(576.40 | -216.34) [ 0 20 18 14 28 43 32 45 51 ]
(604.38 | -225.92) [ 0 19 2 34 40 27 51 ]
(425.45 | -149.78) [ 0 25 15 22 16 39 50 31 51 ]
(416.50 | 103.48) [ 0 8 23 7 48 44 33 51 ]
(439.04 | 97.59) [ 0 12 24 13 49 36 37 47 51 ]
(447.59 | 146.52) [ 0 1 26 42 51 ]
(495.63 | 118.26) [ 0 4 5 21 29 41 46 51 ]
(511.52 | 182.24) [ 0 10 17 30 35 51 ]


4712.75
(380.22 | -3714.49) [ 0 11 7 14 48 51 ]
(447.59 | 109.86) [ 0 1 26 42 51 ]
(711.00 | -265.60) [ 0 3 6 4 28 43 32 35 51 ]
(504.00 | -2984.64) [ 0 5 24 23 31 30 33 51 ]
(667.17 | -294.95) [ 0 21 19 2 27 40 34 51 ]
(436.86 | 96.61) [ 0 9 16 17 29 46 36 51 ]
(412.17 | 64.96) [ 0 10 13 45 38 51 ]
(388.45 | 121.06) [ 0 8 20 25 44 49 39 50 51 ]
(425.29 | 61.64) [ 0 18 22 15 12 47 41 37 51 ]


4674.07
(419.47 | 00.00) [ 0 17 13 42 26 51 ]
(463.44 | -1529.39) [ 0 22 23 11 47 39 38 51 ]
(485.89 | -1876.54) [ 0 3 5 16 36 41 46 51 ]
(382.23 | -0.78) [ 0 18 8 24 14 44 33 49 50 51 ]
(565.59 | 44.60) [ 0 12 20 28 43 32 45 51 ]
(452.48 | 229.68) [ 0 19 1 29 37 51 ]
(429.94 | 176.86) [ 0 7 6 4 48 31 51 ]
(691.86 | 203.01) [ 0 2 15 9 34 40 27 51 ]
(503.17 | 186.20) [ 0 10 21 25 30 35 51 ]


4723.68
(390.05 | -4337.56) [ 0 20 23 42 51 ]
(595.74 | -268.00) [ 0 19 1 28 26 43 32 51 ]
(395.03 | -929.81) [ 0 7 8 12 39 33 50 51 ]
(527.65 | -1372.15) [ 0 6 16 24 25 45 31 44 51 ]
(488.90 | -858.42) [ 0 4 3 5 29 41 46 51 ]
(411.21 | -842.67) [ 0 18 13 17 48 38 51 ]
(444.38 | -577.60) [ 0 22 11 14 49 36 37 47 51 ]
(498.88 | 238.78) [ 0 10 21 30 35 51 ]
(691.86 | 106.58) [ 0 2 15 9 27 40 34 51 ]


4612.83
(685.15 | -594.94) [ 0 7 17 21 34 27 32 43 51 ]
(485.06 | -65.88) [ 0 5 16 9 47 41 37 51 ]
(535.54 | 28.58) [ 0 1 20 26 45 51 ]
(539.54 | 24.22) [ 0 12 15 22 24 35 40 49 51 ]
(385.67 | 203.28) [ 0 25 8 14 39 33 50 51 ]
(460.90 | 151.36) [ 0 3 6 4 42 28 51 ]
(467.97 | 201.55) [ 0 19 2 31 30 44 51 ]
(412.38 | 167.58) [ 0 23 13 38 48 51 ]
(420.61 | 171.11) [ 0 11 18 10 29 46 36 51 ]


4716.06
(421.60 | -992.88) [ 0 14 5 48 51 ]
(511.20 | -11926.85) [ 0 13 10 49 30 35 51 ]
(590.56 | -11586.97) [ 0 25 22 23 9 34 40 27 51 ]
(419.41 | -9484.50) [ 0 12 17 42 26 51 ]
(523.36 | -1069.05) [ 0 2 11 36 41 46 51 ]
(391.69 | -1053.06) [ 0 16 8 15 39 33 50 51 ]
(469.69 | 132.06) [ 0 19 1 44 31 38 51 ]
(501.24 | 181.26) [ 0 24 3 6 4 37 29 47 51 ]
(587.33 | 148.59) [ 0 7 18 20 21 45 32 43 28 51 ]


4801.42
(444.20 | -1651.46) [ 0 8 5 6 48 51 ]
(432.95 | -532.04) [ 0 21 18 16 22 25 47 39 49 31 51 ]
(497.83 | -723.55) [ 0 4 3 14 50 41 29 51 ]
(460.03 | -425.07) [ 0 1 37 46 33 51 ]
(596.26 | -308.09) [ 0 11 9 23 34 27 36 51 ]
(523.71 | -87.64) [ 0 12 10 35 38 51 ]
(424.85 | -67.30) [ 0 13 24 17 26 42 51 ]
(585.69 | -292.21) [ 0 7 20 15 28 43 32 45 51 ]
(515.91 | 167.89) [ 0 19 2 40 30 44 51 ]


4620.86
(371.29 | -1297.23) [ 0 17 23 48 51 ]
(626.59 | -470.36) [ 0 18 5 3 7 28 42 43 32 51 ]
(416.47 | -1319.36) [ 0 11 10 36 41 46 51 ]
(385.22 | -783.26) [ 0 21 8 14 50 33 39 51 ]
(445.82 | -798.01) [ 0 16 20 26 45 51 ]
(592.04 | 109.72) [ 0 25 24 6 4 35 30 49 51 ]
(691.86 | 91.38) [ 0 2 15 9 27 40 34 51 ]
(421.89 | 250.65) [ 0 12 22 13 47 29 37 51 ]
(469.69 | 183.98) [ 0 19 1 38 31 44 51 ]


4677.87
(377.11 | -2723.93) [ 0 14 17 48 51 ]
(490.93 | -681.55) [ 0 19 13 16 38 31 44 51 ]
(636.90 | -784.80) [ 0 18 7 6 4 28 42 43 32 51 ]
(452.95 | -382.06) [ 0 11 9 12 37 36 34 51 ]
(428.35 | -578.98) [ 0 20 23 29 41 46 51 ]
(377.24 | 117.28) [ 0 10 8 25 39 33 50 51 ]
(677.71 | 114.17) [ 0 2 15 22 47 40 27 51 ]
(454.33 | 200.03) [ 0 1 26 45 51 ]
(582.36 | 134.27) [ 0 3 5 24 21 49 30 35 51 ]


4645.58
(370.13 | -1828.51) [ 0 23 13 48 51 ]
(478.84 | -256.91) [ 0 19 21 18 24 16 29 41 46 51 ]
(691.86 | -124.30) [ 0 9 15 2 27 40 34 51 ]
(438.79 | 87.92) [ 0 12 22 11 49 36 37 47 51 ]
(447.59 | 107.10) [ 0 1 26 42 51 ]
(629.95 | 114.38) [ 0 5 3 4 28 43 32 45 51 ]
(377.23 | 158.37) [ 0 8 17 25 50 33 39 51 ]
(494.09 | 170.37) [ 0 14 7 6 38 31 44 51 ]
(517.09 | 169.17) [ 0 10 20 30 35 51 ]


4654.81
(372.48 | -1569.13) [ 0 23 15 48 51 ]
(709.89 | -133.27) [ 0 4 6 3 49 35 32 28 51 ]
(454.51 | -651.53) [ 0 12 16 9 34 41 37 51 ]
(425.23 | -4739.47) [ 0 20 17 42 26 51 ]
(442.52 | -4062.64) [ 0 10 13 43 45 38 51 ]
(480.68 | 137.66) [ 0 5 11 21 36 46 29 51 ]
(683.46 | 181.51) [ 0 18 24 22 25 2 27 40 47 51 ]
(394.62 | 215.72) [ 0 8 7 14 39 33 50 51 ]
(471.43 | 223.69) [ 0 19 1 31 30 44 51 ]


4690.82
(422.22 | -1079.73) [ 0 7 11 20 45 51 ]
(419.47 | -13591.62) [ 0 13 17 26 42 51 ]
(720.62 | -1205.83) [ 0 4 6 3 18 35 32 43 28 51 ]
(419.52 | -30.61) [ 0 23 14 48 38 51 ]
(443.07 | -213.43) [ 0 12 24 8 34 41 37 51 ]
(415.72 | 177.58) [ 0 19 1 50 39 49 44 51 ]
(411.34 | 197.74) [ 0 25 21 10 36 46 29 51 ]
(501.16 | 232.14) [ 0 5 16 9 33 30 31 51 ]
(677.71 | 227.74) [ 0 2 15 22 27 40 47 51 ]


4683.90
(403.04 | -118.35) [ 0 13 20 45 51 ]
(525.98 | -22283.90) [ 0 1 17 26 42 51 ]
(669.00 | -7173.44) [ 0 7 16 18 11 35 32 43 28 51 ]
(481.36 | -4514.77) [ 0 4 14 47 41 37 51 ]
(413.96 | -5070.66) [ 0 23 12 48 38 51 ]
(515.83 | 123.02) [ 0 22 5 3 6 33 30 31 51 ]
(591.15 | 222.76) [ 0 9 24 8 15 27 40 34 51 ]
(411.34 | 204.19) [ 0 10 21 25 29 46 36 51 ]
(412.25 | 189.50) [ 0 19 2 44 49 39 50 51 ]


4740.56
(394.39 | -784.10) [ 0 12 13 38 51 ]
(495.09 | -373.21) [ 0 19 1 46 41 31 51 ]
(517.21 | -1705.92) [ 0 4 6 3 22 44 36 29 47 51 ]
(423.05 | -1388.83) [ 0 17 23 42 26 51 ]
(400.54 | 19.58) [ 0 21 18 8 25 48 33 50 51 ]
(579.27 | 218.51) [ 0 5 16 24 49 30 35 51 ]
(585.69 | 224.35) [ 0 7 20 15 28 43 32 45 51 ]
(413.47 | 240.86) [ 0 14 10 37 39 51 ]
(691.86 | 165.72) [ 0 2 9 11 27 40 34 51 ]


4723.67
(432.06 | -2115.68) [ 0 14 3 16 39 51 ]
(422.99 | 24.91) [ 0 2 31 48 49 51 ]
(544.49 | -777.00) [ 0 4 5 21 30 46 29 51 ]
(495.57 | -642.21) [ 0 20 6 7 45 38 51 ]
(441.65 | -1368.54) [ 0 11 18 22 12 44 36 41 47 51 ]
(454.11 | -262.27) [ 0 19 1 26 42 51 ]
(647.70 | -145.10) [ 0 13 24 17 35 32 43 28 51 ]
(590.67 | -211.10) [ 0 9 23 15 27 40 34 51 ]
(434.44 | 184.10) [ 0 10 8 25 37 33 50 51 ]


4685.97
(376.36 | -2623.51) [ 0 23 20 48 51 ]
(513.65 | -147.93) [ 0 21 19 2 29 41 46 51 ]
(599.78 | -757.96) [ 0 15 24 16 7 27 40 34 51 ]
(514.26 | -504.79) [ 0 6 5 25 31 30 50 51 ]
(464.87 | -1791.55) [ 0 18 13 17 38 43 42 51 ]
(710.90 | -2516.41) [ 0 14 3 4 49 35 32 28 51 ]
(373.90 | -2231.68) [ 0 12 10 39 33 44 51 ]
(454.33 | 213.19) [ 0 1 26 45 51 ]
(437.91 | 143.73) [ 0 11 9 8 22 37 36 47 51 ]


4706.16
(384.97 | -4048.43) [ 0 17 23 42 51 ]
(416.30 | -507.39) [ 0 13 20 48 38 51 ]
(417.81 | -681.01) [ 0 12 10 37 41 47 51 ]
(711.52 | -493.33) [ 0 5 3 4 35 32 43 28 51 ]
(466.96 | -730.49) [ 0 6 7 14 31 50 39 51 ]
(590.30 | 106.43) [ 0 25 22 16 11 27 40 34 51 ]
(514.11 | 132.37) [ 0 21 19 2 36 46 29 51 ]
(449.86 | 121.35) [ 0 18 9 24 8 15 44 30 33 49 51 ]
(454.33 | 199.06) [ 0 1 45 26 51 ]


4609.07
(371.70 | -2179.88) [ 0 12 23 48 51 ]
(511.47 | -60.55) [ 0 4 7 13 38 31 50 51 ]
(576.40 | -378.14) [ 0 20 18 14 28 43 32 45 51 ]
(436.40 | -303.65) [ 0 17 16 9 29 41 46 51 ]
(591.79 | 191.61) [ 0 6 3 5 24 35 30 49 51 ]
(604.38 | 177.82) [ 0 2 19 34 40 27 51 ]
(447.59 | 246.55) [ 0 1 26 42 51 ]
(428.24 | 226.24) [ 0 15 22 11 21 37 36 47 51 ]
(381.09 | 200.65) [ 0 10 8 25 39 33 44 51 ]


4634.87
(694.90 | -560.79) [ 0 4 7 18 15 43 32 35 34 51 ]
(426.58 | -193.46) [ 0 13 24 9 48 38 51 ]
(604.20 | 124.62) [ 0 2 19 27 40 49 51 ]
(439.45 | 38.08) [ 0 22 23 16 37 41 47 51 ]
(502.47 | 232.36) [ 0 5 3 6 31 30 44 51 ]
(380.61 | 208.45) [ 0 25 11 14 50 33 39 51 ]
(423.01 | 254.14) [ 0 21 8 17 36 46 29 51 ]
(535.54 | 138.10) [ 0 1 20 26 45 51 ]
(388.11 | 188.37) [ 0 12 10 42 28 51 ]


4707.96
(430.71 | -11444.65) [ 0 22 13 14 42 26 51 ]
(504.54 | -811.97) [ 0 4 3 5 39 34 30 51 ]
(421.86 | -708.15) [ 0 17 12 37 41 47 51 ]
(697.90 | -1204.24) [ 0 18 23 11 27 32 43 28 51 ]
(551.22 | 214.88) [ 0 9 24 8 15 35 40 49 51 ]
(419.99 | 271.76) [ 0 20 10 38 45 51 ]
(443.28 | 280.98) [ 0 7 6 16 48 31 51 ]
(518.79 | 200.44) [ 0 1 25 21 29 46 36 51 ]
(399.67 | 233.75) [ 0 19 2 44 33 50 51 ]


4738.59
(436.39 | -1472.15) [ 0 3 6 4 48 51 ]
(564.21 | -1847.08) [ 0 17 23 32 43 42 28 51 ]
(452.50 | -1334.94) [ 0 22 24 16 14 37 41 49 51 ]
(584.56 | 211.92) [ 0 7 5 11 30 35 47 51 ]
(590.57 | 180.61) [ 0 9 15 12 27 40 34 51 ]
(433.93 | 131.36) [ 0 20 8 18 26 45 51 ]
(466.22 | 187.69) [ 0 19 2 38 31 44 51 ]
(472.79 | 190.30) [ 0 1 25 21 50 33 39 51 ]
(417.44 | 144.17) [ 0 10 13 29 46 36 51 ]


4744.07
(380.92 | -2674.79) [ 0 17 10 42 51 ]
(679.02 | -3506.60) [ 0 2 12 36 27 34 51 ]
(499.21 | -1945.83) [ 0 18 23 6 48 45 51 ]
(469.69 | -774.12) [ 0 19 1 44 31 38 51 ]
(447.72 | -904.95) [ 0 7 9 16 22 47 41 37 51 ]
(385.67 | 72.46) [ 0 25 8 14 39 33 50 51 ]
(469.81 | 183.23) [ 0 11 13 21 30 46 29 51 ]
(630.30 | 171.08) [ 0 5 3 4 32 43 26 28 51 ]
(541.74 | 176.99) [ 0 15 20 24 35 40 49 51 ]


4702.18
(443.26 | -1433.45) [ 0 7 6 16 48 51 ]
(475.43 | -301.66) [ 0 21 19 1 39 33 44 51 ]
(428.87 | -116.14) [ 0 17 14 42 26 51 ]
(435.30 | -225.78) [ 0 13 22 12 47 37 36 49 51 ]
(488.90 | 215.29) [ 0 5 3 4 29 41 46 51 ]
(441.37 | 169.66) [ 0 25 8 23 50 31 38 51 ]
(464.93 | 227.50) [ 0 10 35 30 51 ]
(572.26 | 269.48) [ 0 11 18 24 20 28 43 32 45 51 ]
(691.86 | 180.16) [ 0 2 15 9 27 40 34 51 ]


4663.04
(676.35 | -560.54) [ 0 2 15 18 27 40 34 51 ]
(408.79 | -153.39) [ 0 19 1 39 33 50 51 ]
(436.12 | -465.54) [ 0 17 16 29 41 46 51 ]
(582.69 | -646.02) [ 0 14 13 43 32 38 44 51 ]
(433.63 | -143.68) [ 0 20 8 21 26 45 51 ]
(440.46 | -98.12) [ 0 23 9 6 48 31 51 ]
(442.08 | -241.78) [ 0 7 22 12 25 47 36 37 51 ]
(461.43 | 264.86) [ 0 4 3 5 42 28 51 ]
(521.48 | 181.55) [ 0 10 24 11 35 30 49 51 ]


4684.75
(692.58 | -765.06) [ 0 2 34 27 32 43 51 ]
(522.51 | -650.71) [ 0 1 19 25 45 26 51 ]
(542.83 | -694.25) [ 0 16 18 10 35 38 51 ]
(455.18 | -897.64) [ 0 14 7 24 21 46 39 49 50 51 ]
(553.94 | -906.38) [ 0 4 3 5 40 30 44 51 ]
(437.39 | 246.35) [ 0 15 8 11 33 36 41 51 ]
(397.97 | 231.48) [ 0 17 20 42 28 51 ]
(421.89 | 224.98) [ 0 12 22 13 37 29 47 51 ]
(440.46 | 240.70) [ 0 6 9 23 48 31 51 ]


4666.62
(503.54 | -481.36) [ 0 22 16 3 4 37 41 47 51 ]
(412.38 | 35.21) [ 0 23 13 48 38 51 ]
(515.77 | 51.50) [ 0 25 19 1 26 42 51 ]
(487.95 | -4.73) [ 0 6 5 9 18 39 34 31 51 ]
(566.50 | 68.63) [ 0 17 20 45 32 43 28 51 ]
(582.51 | 129.53) [ 0 15 24 11 21 27 40 49 51 ]
(389.37 | 225.46) [ 0 7 8 12 50 33 44 51 ]
(447.12 | 226.00) [ 0 2 36 46 29 51 ]
(501.46 | 121.34) [ 0 10 14 30 35 51 ]


4615.38
(471.43 | -607.57) [ 0 19 1 44 30 31 51 ]
(433.63 | -103.28) [ 0 20 8 21 26 45 51 ]
(380.61 | -147.32) [ 0 14 11 25 39 33 50 51 ]
(412.38 | -173.07) [ 0 23 13 48 38 51 ]
(434.25 | -234.13) [ 0 10 16 36 41 46 51 ]
(533.88 | -60.79) [ 0 17 15 35 40 49 51 ]
(793.23 | 179.48) [ 0 7 9 18 2 34 27 32 43 51 ]
(461.43 | 194.12) [ 0 4 3 5 28 42 51 ]
(494.53 | 199.01) [ 0 12 22 24 6 37 29 47 51 ]


4732.45
(436.91 | -1721.00) [ 0 4 3 5 48 51 ]
(425.23 | -22.63) [ 0 20 17 26 42 51 ]
(417.81 | -220.28) [ 0 12 10 47 41 37 51 ]
(590.74 | -361.55) [ 0 15 8 16 34 40 27 51 ]
(626.99 | -105.32) [ 0 24 22 19 1 35 30 49 51 ]
(509.76 | -17.18) [ 0 6 9 23 38 31 50 51 ]
(578.63 | 226.14) [ 0 25 18 7 14 28 43 32 45 51 ]
(421.41 | 222.49) [ 0 11 13 21 29 46 36 51 ]
(404.97 | 221.81) [ 0 2 44 33 39 51 ]


4584.86
(682.61 | -3015.95) [ 0 10 9 3 43 32 35 34 51 ]
(460.85 | 224.64) [ 0 19 1 26 45 51 ]
(509.28 | 243.92) [ 0 6 5 21 31 30 44 51 ]
(499.05 | 210.28) [ 0 16 4 7 29 41 46 51 ]
(412.38 | 204.60) [ 0 23 13 38 48 51 ]
(385.67 | 205.33) [ 0 14 8 25 39 33 50 51 ]
(397.97 | 201.67) [ 0 20 17 28 42 51 ]
(441.28 | 160.27) [ 0 11 24 22 12 49 36 37 47 51 ]
(675.75 | 235.02) [ 0 2 15 18 40 27 51 ]


4667.17
(370.87 | -1827.72) [ 0 10 14 42 51 ]
(455.57 | -56.52) [ 0 16 24 23 48 30 49 51 ]
(488.83 | -179.68) [ 0 3 6 4 36 46 29 51 ]
(445.75 | -71.28) [ 0 20 9 11 26 45 51 ]
(436.56 | -138.28) [ 0 13 12 34 41 37 51 ]
(469.69 | 223.09) [ 0 19 1 44 31 38 51 ]
(704.97 | 187.61) [ 0 7 5 18 21 28 43 32 35 51 ]
(677.71 | 212.45) [ 0 2 15 22 47 40 27 51 ]
(377.23 | 191.31) [ 0 8 17 25 50 33 39 51 ]


4665.58
(412.64 | -87.02) [ 0 19 1 39 33 44 51 ]
(427.34 | -390.38) [ 0 20 8 21 36 41 46 51 ]
(427.12 | -169.06) [ 0 9 24 15 25 48 34 49 50 51 ]
(419.41 | -170.69) [ 0 17 12 26 42 51 ]
(681.71 | 216.50) [ 0 2 22 11 27 40 47 51 ]
(626.34 | 199.95) [ 0 6 5 7 28 43 32 45 51 ]
(411.98 | 204.35) [ 0 13 23 31 38 51 ]
(501.46 | 187.39) [ 0 10 14 35 30 51 ]
(497.57 | 201.19) [ 0 4 3 16 18 29 37 51 ]


4688.32
(371.70 | -2174.00) [ 0 12 23 48 51 ]
(485.45 | -3955.45) [ 0 3 5 16 26 42 51 ]
(420.52 | -429.53) [ 0 17 15 36 41 46 51 ]
(499.01 | -213.75) [ 0 7 6 4 31 30 44 51 ]
(452.83 | -376.60) [ 0 20 13 18 43 45 38 51 ]
(675.85 | 228.66) [ 0 19 1 28 32 35 49 51 ]
(691.86 | 200.20) [ 0 2 9 11 27 40 34 51 ]
(385.67 | 166.96) [ 0 25 8 14 50 33 39 51 ]
(425.44 | 193.79) [ 0 10 21 24 22 37 29 47 51 ]


4698.37
(680.56 | 35.92) [ 0 2 15 24 27 40 49 51 ]
(593.70 | -36.08) [ 0 7 5 4 47 35 30 51 ]
(461.93 | -1266.41) [ 0 11 9 8 22 43 45 38 51 ]
(363.63 | -920.73) [ 0 14 10 39 33 50 51 ]
(433.05 | -851.57) [ 0 25 12 21 37 36 34 51 ]
(376.38 | 71.21) [ 0 20 23 31 48 51 ]
(436.85 | -6.77) [ 0 18 16 17 29 41 46 51 ]
(467.71 | 79.83) [ 0 13 3 6 42 28 51 ]
(604.56 | 147.57) [ 0 1 19 26 32 44 51 ]


4656.28
(462.40 | -6697.94) [ 0 8 16 9 7 47 29 34 33 51 ]
(488.58 | -10043.50) [ 0 4 13 25 38 45 51 ]
(435.13 | -241.78) [ 0 14 18 20 42 26 51 ]
(494.06 | -72.98) [ 0 15 22 11 21 40 46 36 51 ]
(371.30 | 141.14) [ 0 23 17 48 31 51 ]
(721.14 | 196.28) [ 0 2 27 32 43 28 51 ]
(591.79 | 209.23) [ 0 6 3 5 24 35 30 49 51 ]
(415.58 | 225.62) [ 0 19 1 50 39 44 51 ]
(416.30 | 179.59) [ 0 10 12 37 41 51 ]


4703.08
(386.15 | 265.02) [ 0 7 23 48 51 ]
(513.34 | -60101.84) [ 0 14 6 25 31 30 50 51 ]
(488.90 | -802.48) [ 0 5 3 4 46 41 29 51 ]
(450.61 | -1582.90) [ 0 22 8 24 9 11 49 36 37 47 51 ]
(436.63 | -583.54) [ 0 18 16 17 26 42 51 ]
(573.77 | -771.04) [ 0 21 13 15 34 40 27 51 ]
(744.52 | -855.34) [ 0 1 12 35 32 43 28 51 ]
(409.18 | 125.06) [ 0 2 19 44 33 39 51 ]
(419.99 | 170.29) [ 0 10 20 45 38 51 ]


4719.73
(390.79 | -681.74) [ 0 14 17 42 51 ]
(418.42 | -5161.73) [ 0 15 20 24 38 48 51 ]
(692.81 | -88.63) [ 0 2 18 9 21 27 40 34 51 ]
(541.20 | -171.77) [ 0 13 10 35 45 51 ]
(501.31 | -798.92) [ 0 4 3 16 22 46 41 29 51 ]
(424.29 | 05.67) [ 0 12 11 37 36 47 51 ]
(514.52 | -153.27) [ 0 6 5 8 31 30 33 51 ]
(580.67 | 06.40) [ 0 7 23 25 32 43 26 28 51 ]
(415.72 | 184.17) [ 0 19 1 50 39 49 44 51 ]


4612.33
(669.55 | -350.00) [ 0 25 19 1 26 32 50 51 ]
(437.05 | -1037.73) [ 0 9 16 12 37 29 47 51 ]
(503.39 | -1069.46) [ 0 10 14 35 30 49 51 ]
(452.83 | -1203.03) [ 0 20 13 18 38 45 43 51 ]
(461.43 | 154.40) [ 0 4 3 5 42 28 51 ]
(600.18 | 199.89) [ 0 2 34 40 27 51 ]
(442.61 | 194.74) [ 0 6 24 23 48 31 51 ]
(426.94 | 161.35) [ 0 21 11 22 15 46 41 36 51 ]
(398.36 | 230.47) [ 0 17 8 7 39 33 44 51 ]


4625.82
(711.36 | -4960.34) [ 0 4 5 7 35 32 43 28 51 ]
(450.66 | 95.18) [ 0 15 22 24 8 18 47 30 34 33 49 51 ]
(406.81 | 52.37) [ 0 10 21 36 41 46 51 ]
(525.98 | 198.90) [ 0 17 1 26 42 51 ]
(603.78 | 211.42) [ 0 19 2 27 40 51 ]
(387.40 | 174.34) [ 0 14 11 25 50 39 44 51 ]
(434.78 | 183.59) [ 0 20 16 9 45 38 51 ]
(443.21 | 207.13) [ 0 6 3 13 31 48 51 ]
(421.84 | 176.93) [ 0 12 23 29 37 51 ]


4659.04
(416.21 | -1092.71) [ 0 23 14 48 39 51 ]
(419.41 | -1102.43) [ 0 12 17 26 42 51 ]
(568.17 | -1815.09) [ 0 21 8 20 28 43 32 45 51 ]
(501.16 | -478.07) [ 0 4 6 3 22 37 29 47 51 ]
(398.19 | 253.55) [ 0 10 25 38 31 51 ]
(676.35 | 257.51) [ 0 2 15 18 27 40 34 51 ]
(436.78 | 245.48) [ 0 7 11 13 36 41 46 51 ]
(403.14 | 164.04) [ 0 19 1 50 33 44 51 ]
(579.64 | 225.72) [ 0 5 9 16 24 35 30 49 51 ]


4672.57
(411.22 | -4467.31) [ 0 11 13 21 38 48 51 ]
(384.97 | -9573.88) [ 0 23 17 42 51 ]
(440.86 | -11463.04) [ 0 25 15 14 29 39 49 51 ]
(725.05 | -441.06) [ 0 7 9 24 20 18 27 32 43 28 51 ]
(529.36 | -71.87) [ 0 12 10 34 40 35 51 ]
(454.33 | 138.72) [ 0 1 26 45 51 ]
(468.73 | 27.82) [ 0 19 2 46 36 44 50 51 ]
(514.52 | 131.83) [ 0 6 5 8 31 30 33 51 ]
(503.54 | 182.47) [ 0 22 16 3 4 47 41 37 51 ]


4673.15
(617.93 | -6061.76) [ 0 13 7 6 32 38 31 51 ]
(507.64 | -2969.69) [ 0 14 10 35 39 51 ]
(450.34 | -2957.64) [ 0 18 8 20 42 45 51 ]
(421.86 | -1864.60) [ 0 12 17 37 41 47 51 ]
(500.31 | 132.37) [ 0 5 3 4 26 43 28 51 ]
(591.03 | 106.10) [ 0 9 16 22 15 34 40 27 51 ]
(445.58 | 197.62) [ 0 11 23 24 49 30 48 51 ]
(518.79 | 180.08) [ 0 1 25 21 36 46 29 51 ]
(399.67 | 222.81) [ 0 19 2 44 33 50 51 ]


4661.89
(525.10 | -101.38) [ 0 13 10 35 38 51 ]
(639.05 | -65.94) [ 0 4 6 3 18 45 32 43 28 51 ]
(431.97 | -67.36) [ 0 14 12 39 37 51 ]
(423.05 | -54.15) [ 0 23 17 26 42 51 ]
(392.64 | -55.34) [ 0 7 8 20 48 31 51 ]
(536.71 | 241.50) [ 0 5 9 16 24 49 34 30 41 51 ]
(580.33 | 227.18) [ 0 11 22 15 25 27 40 47 51 ]
(517.58 | 183.63) [ 0 1 19 21 29 46 36 51 ]
(395.46 | 222.81) [ 0 2 50 33 44 51 ]


4622.71
(413.79 | -452.23) [ 0 18 23 8 38 48 51 ]
(504.40 | -455.49) [ 0 5 3 6 31 30 50 51 ]
(535.54 | -2879.32) [ 0 20 1 26 45 51 ]
(416.58 | 218.32) [ 0 7 16 13 42 28 51 ]
(696.69 | 213.28) [ 0 19 2 49 27 32 43 51 ]
(387.40 | 193.52) [ 0 17 14 44 33 39 51 ]
(427.73 | 188.24) [ 0 24 22 12 25 47 41 37 51 ]
(489.77 | 196.70) [ 0 4 11 21 36 46 29 51 ]
(550.81 | 194.63) [ 0 10 9 15 34 40 35 51 ]


4634.08
(369.90 | 369.90) [ 0 23 18 48 51 ]
(412.25 | -149.36) [ 0 19 2 44 49 39 50 51 ]
(631.79 | -485.67) [ 0 14 10 28 43 32 35 51 ]
(525.98 | -389.53) [ 0 1 17 26 42 51 ]
(421.28 | 156.19) [ 0 13 22 20 45 38 51 ]
(590.43 | 139.64) [ 0 9 16 12 27 40 34 51 ]
(503.78 | 206.12) [ 0 5 8 15 33 30 31 51 ]
(437.42 | 149.49) [ 0 7 11 21 25 46 41 36 51 ]
(501.24 | 211.52) [ 0 24 3 6 4 37 29 47 51 ]


4699.61
(387.37 | -6077.75) [ 0 17 14 39 44 51 ]
(447.59 | 13.13) [ 0 1 26 42 51 ]
(464.42 | -8.95) [ 0 8 20 25 45 33 50 51 ]
(495.54 | -438.17) [ 0 4 23 22 37 29 47 51 ]
(582.73 | -658.02) [ 0 7 11 13 28 43 32 38 51 ]
(437.15 | -542.32) [ 0 9 16 12 36 41 46 51 ]
(396.68 | -438.19) [ 0 19 21 10 48 31 51 ]
(676.35 | 182.41) [ 0 18 15 2 34 40 27 51 ]
(591.79 | 194.53) [ 0 6 3 5 24 49 30 35 51 ]


4679.56
(448.38 | -243.74) [ 0 17 20 45 42 51 ]
(416.56 | -61.39) [ 0 21 12 25 37 29 47 51 ]
(498.44 | 46.20) [ 0 9 5 14 39 34 30 51 ]
(672.68 | -83.61) [ 0 7 6 4 32 35 50 51 ]
(465.75 | 229.89) [ 0 19 1 26 43 28 51 ]
(400.55 | 204.54) [ 0 22 8 23 31 44 33 51 ]
(489.39 | 119.14) [ 0 3 16 18 11 36 41 46 51 ]
(407.25 | 151.66) [ 0 10 13 38 48 51 ]
(680.56 | 193.54) [ 0 2 15 24 27 40 49 51 ]


4737.44
(448.40 | -1351.33) [ 0 14 3 16 42 51 ]
(433.45 | -6113.74) [ 0 25 20 18 21 26 45 51 ]
(722.29 | -342.40) [ 0 1 28 43 32 27 51 ]
(494.15 | -1187.33) [ 0 4 7 13 29 41 46 51 ]
(450.65 | -1078.07) [ 0 6 5 8 39 33 50 51 ]
(509.48 | -1448.86) [ 0 15 23 9 34 40 48 51 ]
(466.22 | 208.56) [ 0 19 2 44 31 38 51 ]
(441.28 | 130.82) [ 0 11 24 22 12 49 36 37 47 51 ]
(511.52 | 186.27) [ 0 10 17 35 30 51 ]


4671.36
(390.79 | -2834.70) [ 0 14 17 42 51 ]
(438.65 | -605.63) [ 0 13 23 37 29 34 51 ]
(590.62 | -217.20) [ 0 7 5 22 21 30 35 47 51 ]
(431.05 | -106.18) [ 0 12 20 45 26 51 ]
(400.23 | -282.89) [ 0 25 8 10 48 33 50 51 ]
(644.17 | -76.69) [ 0 4 6 3 18 38 32 43 28 51 ]
(440.83 | 148.55) [ 0 1 19 31 44 39 51 ]
(434.47 | 178.17) [ 0 11 16 9 36 41 46 51 ]
(680.56 | 199.79) [ 0 2 15 24 27 40 49 51 ]


4656.96
(460.85 | -173.56) [ 0 19 1 26 45 51 ]
(434.72 | -173.53) [ 0 21 16 9 29 41 46 51 ]
(414.62 | -52.03) [ 0 14 12 39 48 51 ]
(633.87 | -20.30) [ 0 5 24 23 30 27 49 51 ]
(561.88 | -55.25) [ 0 18 13 17 28 42 43 32 51 ]
(536.71 | -94.52) [ 0 10 22 15 35 40 47 51 ]
(461.82 | -6.97) [ 0 7 11 20 34 36 37 51 ]
(474.25 | 183.42) [ 0 2 8 25 44 33 50 51 ]
(478.23 | 176.78) [ 0 3 6 4 38 31 51 ]


4666.30
(385.17 | -2115.40) [ 0 9 23 15 48 51 ]
(604.38 | -1441.78) [ 0 19 2 27 40 34 51 ]
(415.72 | -1088.31) [ 0 12 10 47 29 37 51 ]
(497.72 | -724.03) [ 0 22 5 3 6 36 41 46 51 ]
(447.59 | -576.56) [ 0 1 26 42 51 ]
(453.39 | -329.88) [ 0 16 13 25 50 31 38 51 ]
(380.86 | 200.34) [ 0 21 8 17 44 33 39 51 ]
(586.26 | 147.78) [ 0 20 11 7 28 43 32 45 51 ]
(595.22 | 181.71) [ 0 18 24 4 14 35 30 49 51 ]


