1749.78
(535.90 | 151.98) [ 0 6 5 10 17 12 16 20 21 ]
(421.61 | 124.53) [ 0 9 8 7 19 18 21 ]
(412.76 | 262.01) [ 0 1 14 11 15 21 ]
(299.51 | 289.01) [ 0 3 4 2 13 21 ]


1749.78
(535.90 | 48.56) [ 0 10 5 6 20 16 12 17 21 ]
(299.51 | 219.25) [ 0 2 4 3 13 21 ]
(412.76 | 248.96) [ 0 1 14 11 15 21 ]
(421.61 | 267.00) [ 0 9 8 7 18 19 21 ]


1749.78
(299.51 | 195.34) [ 0 3 4 2 13 21 ]
(421.61 | 179.64) [ 0 7 8 9 18 19 21 ]
(535.90 | 242.64) [ 0 10 5 6 20 16 12 17 21 ]
(412.76 | 275.59) [ 0 1 14 11 15 21 ]


1749.78
(299.51 | -620.96) [ 0 3 4 2 13 21 ]
(535.90 | -18.16) [ 0 6 5 10 17 12 16 20 21 ]
(412.76 | 282.93) [ 0 1 14 11 15 21 ]
(421.61 | 317.29) [ 0 7 8 9 19 18 21 ]


1749.78
(412.76 | 249.81) [ 0 1 14 11 15 21 ]
(299.51 | 323.69) [ 0 3 4 2 13 21 ]
(421.61 | 323.55) [ 0 9 8 7 19 18 21 ]
(535.90 | 290.48) [ 0 10 5 6 20 16 12 17 21 ]


1749.78
(535.90 | 148.60) [ 0 6 5 10 17 12 16 20 21 ]
(421.61 | 217.26) [ 0 7 8 9 18 19 21 ]
(412.76 | 281.70) [ 0 1 14 11 15 21 ]
(299.51 | 298.62) [ 0 3 4 2 13 21 ]


1749.78
(421.61 | 199.56) [ 0 9 8 7 18 19 21 ]
(299.51 | 259.81) [ 0 2 4 3 13 21 ]
(412.76 | 295.67) [ 0 1 14 11 15 21 ]
(535.90 | 268.89) [ 0 6 5 10 17 12 16 20 21 ]


1749.78
(421.61 | 221.67) [ 0 7 8 9 18 19 21 ]
(299.51 | 274.58) [ 0 3 4 2 13 21 ]
(535.90 | 215.13) [ 0 6 5 10 20 16 12 17 21 ]
(412.76 | 238.02) [ 0 1 14 11 15 21 ]


1749.78
(535.90 | -43.66) [ 0 6 5 10 17 12 16 20 21 ]
(421.61 | 208.98) [ 0 7 8 9 19 18 21 ]
(412.76 | 202.59) [ 0 1 15 11 14 21 ]
(299.51 | 283.25) [ 0 2 4 3 13 21 ]


1749.78
(535.90 | -3008.85) [ 0 10 5 6 17 12 16 20 21 ]
(412.76 | 82.24) [ 0 1 14 11 15 21 ]
(299.51 | 175.77) [ 0 2 4 3 13 21 ]
(421.61 | 292.36) [ 0 9 8 7 18 19 21 ]


1749.78
(299.51 | 295.40) [ 0 2 4 3 13 21 ]
(535.90 | 253.93) [ 0 6 5 10 20 16 12 17 21 ]
(412.76 | 282.83) [ 0 1 15 11 14 21 ]
(421.61 | 275.76) [ 0 7 8 9 19 18 21 ]


1749.78
(299.51 | 262.24) [ 0 2 4 3 13 21 ]
(421.61 | 195.01) [ 0 7 8 9 18 19 21 ]
(412.76 | 282.36) [ 0 1 14 11 15 21 ]
(535.90 | 277.78) [ 0 10 5 6 20 16 12 17 21 ]


1749.78
(412.76 | -381.26) [ 0 1 15 11 14 21 ]
(535.90 | 105.20) [ 0 6 5 10 20 16 12 17 21 ]
(299.51 | 312.50) [ 0 2 4 3 13 21 ]
(421.61 | 312.40) [ 0 9 8 7 18 19 21 ]


1749.78
(535.90 | -87.40) [ 0 10 5 6 20 16 12 17 21 ]
(412.76 | 242.64) [ 0 1 14 11 15 21 ]
(421.61 | 227.51) [ 0 9 8 7 19 18 21 ]
(299.51 | 250.87) [ 0 2 4 3 13 21 ]


1749.78
(412.76 | 231.89) [ 0 1 14 11 15 21 ]
(299.51 | 200.78) [ 0 2 4 3 13 21 ]
(421.61 | 254.92) [ 0 7 8 9 19 18 21 ]
(535.90 | 251.81) [ 0 10 5 6 17 12 16 20 21 ]


1749.78
(412.76 | -562.29) [ 0 1 14 11 15 21 ]
(421.61 | 254.96) [ 0 7 8 9 19 18 21 ]
(535.90 | 247.09) [ 0 6 5 10 17 12 16 20 21 ]
(299.51 | 245.05) [ 0 2 4 3 13 21 ]


1749.78
(412.76 | 33.58) [ 0 1 15 11 14 21 ]
(421.61 | 44.57) [ 0 9 8 7 19 18 21 ]
(535.90 | 163.14) [ 0 10 5 6 17 12 16 20 21 ]
(299.51 | 300.96) [ 0 3 4 2 13 21 ]


1749.78
(421.61 | 295.34) [ 0 7 8 9 19 18 21 ]
(412.76 | 262.34) [ 0 1 14 11 15 21 ]
(535.90 | 282.04) [ 0 10 5 6 17 12 16 20 21 ]
(299.51 | 255.55) [ 0 2 4 3 13 21 ]


1749.78
(412.76 | -1332.01) [ 0 1 14 11 15 21 ]
(535.90 | 218.27) [ 0 10 5 6 20 16 12 17 21 ]
(299.51 | 264.05) [ 0 3 4 2 13 21 ]
(421.61 | 234.41) [ 0 9 8 7 18 19 21 ]


1749.78
(421.61 | 210.63) [ 0 9 8 7 18 19 21 ]
(299.51 | 280.94) [ 0 3 4 2 13 21 ]
(412.76 | 244.76) [ 0 1 15 11 14 21 ]
(535.90 | 269.68) [ 0 6 5 10 17 12 16 20 21 ]


1749.78
(299.51 | 230.51) [ 0 2 4 3 13 21 ]
(421.61 | 309.86) [ 0 9 8 7 19 18 21 ]
(535.90 | 322.87) [ 0 6 5 10 17 12 16 20 21 ]
(412.76 | 313.84) [ 0 1 15 11 14 21 ]


1749.78
(412.76 | -1374.60) [ 0 1 15 11 14 21 ]
(421.61 | 199.25) [ 0 9 8 7 19 18 21 ]
(299.51 | 294.38) [ 0 3 4 2 13 21 ]
(535.90 | 249.24) [ 0 10 5 6 17 12 16 20 21 ]


1749.78
(412.76 | 272.81) [ 0 1 14 11 15 21 ]
(421.61 | 270.94) [ 0 9 8 7 18 19 21 ]
(535.90 | 263.50) [ 0 6 5 10 17 12 16 20 21 ]
(299.51 | 274.29) [ 0 3 4 2 13 21 ]


1749.78
(412.76 | -1506.44) [ 0 1 14 11 15 21 ]
(535.90 | -1338.24) [ 0 10 5 6 20 16 12 17 21 ]
(299.51 | 281.98) [ 0 3 4 2 13 21 ]
(421.61 | 238.75) [ 0 9 8 7 19 18 21 ]


1749.78
(299.51 | 179.04) [ 0 3 4 2 13 21 ]
(535.90 | 39.85) [ 0 10 5 6 17 12 16 20 21 ]
(421.61 | 248.37) [ 0 7 8 9 19 18 21 ]
(412.76 | 295.52) [ 0 1 14 11 15 21 ]


1749.78
(412.76 | -280.20) [ 0 1 15 11 14 21 ]
(299.51 | 181.36) [ 0 2 4 3 13 21 ]
(421.61 | 77.12) [ 0 9 8 7 19 18 21 ]
(535.90 | 161.15) [ 0 6 5 10 20 16 12 17 21 ]


1749.78
(535.90 | 61.69) [ 0 6 5 10 17 12 16 20 21 ]
(421.61 | 88.74) [ 0 7 8 9 18 19 21 ]
(299.51 | 346.42) [ 0 2 4 3 13 21 ]
(412.76 | 296.75) [ 0 1 14 11 15 21 ]


1749.78
(421.61 | 32.93) [ 0 7 8 9 18 19 21 ]
(299.51 | 321.39) [ 0 2 4 3 13 21 ]
(412.76 | 290.95) [ 0 1 14 11 15 21 ]
(535.90 | 275.07) [ 0 10 5 6 20 16 12 17 21 ]


1749.78
(299.51 | 277.25) [ 0 2 4 3 13 21 ]
(421.61 | 274.79) [ 0 7 8 9 19 18 21 ]
(412.76 | 259.72) [ 0 1 14 11 15 21 ]
(535.90 | 332.25) [ 0 6 5 10 20 16 12 17 21 ]


1749.78
(535.90 | 239.32) [ 0 10 5 6 20 16 12 17 21 ]
(299.51 | 293.59) [ 0 3 4 2 13 21 ]
(421.61 | 291.60) [ 0 7 8 9 18 19 21 ]
(412.76 | 297.46) [ 0 1 15 11 14 21 ]


1749.78
(421.61 | 252.06) [ 0 9 8 7 18 19 21 ]
(299.51 | 294.46) [ 0 3 4 2 13 21 ]
(535.90 | 280.69) [ 0 6 5 10 17 12 16 20 21 ]
(412.76 | 304.93) [ 0 1 15 11 14 21 ]


1749.78
(412.76 | -4981.05) [ 0 1 14 11 15 21 ]
(535.90 | -81.58) [ 0 6 5 10 17 12 16 20 21 ]
(299.51 | 304.54) [ 0 2 4 3 13 21 ]
(421.61 | 302.84) [ 0 7 8 9 18 19 21 ]


1749.78
(299.51 | 184.59) [ 0 3 4 2 13 21 ]
(421.61 | 46.13) [ 0 7 8 9 18 19 21 ]
(412.76 | 265.01) [ 0 1 14 11 15 21 ]
(535.90 | 273.20) [ 0 6 5 10 20 16 12 17 21 ]


1749.78
(412.76 | 96.20) [ 0 1 15 11 14 21 ]
(299.51 | 244.80) [ 0 2 4 3 13 21 ]
(421.61 | 294.37) [ 0 9 8 7 19 18 21 ]
(535.90 | 252.13) [ 0 10 5 6 20 16 12 17 21 ]


1749.78
(412.76 | -2274.62) [ 0 1 14 11 15 21 ]
(421.61 | 290.55) [ 0 9 8 7 19 18 21 ]
(299.51 | 304.08) [ 0 2 4 3 13 21 ]
(535.90 | 265.94) [ 0 10 5 6 20 16 12 17 21 ]


1749.78
(535.90 | -25.00) [ 0 10 5 6 17 12 16 20 21 ]
(299.51 | 292.05) [ 0 2 4 3 13 21 ]
(421.61 | 218.11) [ 0 7 8 9 18 19 21 ]
(412.76 | 301.82) [ 0 1 15 11 14 21 ]


1749.78
(412.76 | 309.96) [ 0 1 14 11 15 21 ]
(299.51 | 332.41) [ 0 3 4 2 13 21 ]
(421.61 | 327.61) [ 0 7 8 9 18 19 21 ]
(535.90 | 282.57) [ 0 10 5 6 17 12 16 20 21 ]


1749.78
(299.51 | 200.96) [ 0 3 4 2 13 21 ]
(421.61 | 232.41) [ 0 9 8 7 18 19 21 ]
(412.76 | 303.24) [ 0 1 14 11 15 21 ]
(535.90 | 276.29) [ 0 6 5 10 17 12 16 20 21 ]


1749.78
(299.51 | 320.60) [ 0 3 4 2 13 21 ]
(412.76 | 321.87) [ 0 1 14 11 15 21 ]
(535.90 | 254.82) [ 0 6 5 10 20 16 12 17 21 ]
(421.61 | 264.14) [ 0 7 8 9 18 19 21 ]


1749.78
(412.76 | -837.61) [ 0 1 14 11 15 21 ]
(299.51 | 66.63) [ 0 2 4 3 13 21 ]
(421.61 | 165.58) [ 0 9 8 7 19 18 21 ]
(535.90 | 298.46) [ 0 10 5 6 20 16 12 17 21 ]


1749.78
(299.51 | 152.20) [ 0 2 4 3 13 21 ]
(412.76 | 239.69) [ 0 1 15 11 14 21 ]
(421.61 | 239.43) [ 0 7 8 9 19 18 21 ]
(535.90 | 249.11) [ 0 6 5 10 17 12 16 20 21 ]


1749.78
(421.61 | 124.58) [ 0 9 8 7 19 18 21 ]
(535.90 | 270.16) [ 0 6 5 10 17 12 16 20 21 ]
(299.51 | 269.96) [ 0 3 4 2 13 21 ]
(412.76 | 281.61) [ 0 1 14 11 15 21 ]


1749.78
(299.51 | 285.84) [ 0 2 4 3 13 21 ]
(412.76 | 280.76) [ 0 1 14 11 15 21 ]
(535.90 | 272.84) [ 0 10 5 6 17 12 16 20 21 ]
(421.61 | 270.30) [ 0 7 8 9 19 18 21 ]


1749.78
(421.61 | 237.27) [ 0 7 8 9 18 19 21 ]
(299.51 | 296.45) [ 0 2 4 3 13 21 ]
(535.90 | 279.50) [ 0 10 5 6 17 12 16 20 21 ]
(412.76 | 280.79) [ 0 1 15 11 14 21 ]


1749.78
(412.76 | 320.31) [ 0 1 14 11 15 21 ]
(299.51 | 273.27) [ 0 3 4 2 13 21 ]
(535.90 | 261.65) [ 0 6 5 10 17 12 16 20 21 ]
(421.61 | 255.41) [ 0 7 8 9 19 18 21 ]


1749.78
(299.51 | 322.10) [ 0 2 4 3 13 21 ]
(412.76 | 291.98) [ 0 1 15 11 14 21 ]
(535.90 | 316.20) [ 0 6 5 10 17 12 16 20 21 ]
(421.61 | 282.28) [ 0 9 8 7 19 18 21 ]


1749.78
(421.61 | 176.48) [ 0 7 8 9 18 19 21 ]
(299.51 | 211.95) [ 0 3 4 2 13 21 ]
(412.76 | 281.93) [ 0 1 15 11 14 21 ]
(535.90 | 259.23) [ 0 10 5 6 20 16 12 17 21 ]


1749.78
(535.90 | -58.54) [ 0 10 5 6 20 16 12 17 21 ]
(299.51 | 168.72) [ 0 2 4 3 13 21 ]
(421.61 | 243.42) [ 0 9 8 7 19 18 21 ]
(412.76 | 269.39) [ 0 1 14 11 15 21 ]


1749.78
(421.61 | 218.89) [ 0 9 8 7 18 19 21 ]
(299.51 | 257.66) [ 0 3 4 2 13 21 ]
(412.76 | 260.62) [ 0 1 15 11 14 21 ]
(535.90 | 240.85) [ 0 6 5 10 20 16 12 17 21 ]


1749.78
(412.76 | -712.90) [ 0 1 15 11 14 21 ]
(421.61 | 09.92) [ 0 9 8 7 19 18 21 ]
(535.90 | 39.65) [ 0 10 5 6 17 12 16 20 21 ]
(299.51 | 331.46) [ 0 2 4 3 13 21 ]


1749.78
(412.76 | -294.20) [ 0 1 15 11 14 21 ]
(421.61 | 68.08) [ 0 9 8 7 18 19 21 ]
(535.90 | 154.39) [ 0 6 5 10 17 12 16 20 21 ]
(299.51 | 308.61) [ 0 2 4 3 13 21 ]


1749.78
(412.76 | 251.49) [ 0 1 14 11 15 21 ]
(535.90 | 286.43) [ 0 6 5 10 17 12 16 20 21 ]
(421.61 | 275.31) [ 0 7 8 9 18 19 21 ]
(299.51 | 273.45) [ 0 2 4 3 13 21 ]


1749.78
(299.51 | 264.80) [ 0 3 4 2 13 21 ]
(535.90 | 271.16) [ 0 10 5 6 20 16 12 17 21 ]
(412.76 | 272.16) [ 0 1 14 11 15 21 ]
(421.61 | 264.09) [ 0 9 8 7 18 19 21 ]


1749.78
(421.61 | 273.08) [ 0 9 8 7 19 18 21 ]
(535.90 | 241.27) [ 0 6 5 10 17 12 16 20 21 ]
(299.51 | 237.14) [ 0 3 4 2 13 21 ]
(412.76 | 245.10) [ 0 1 14 11 15 21 ]


1749.78
(412.76 | -575.98) [ 0 1 14 11 15 21 ]
(535.90 | -197.72) [ 0 6 5 10 17 12 16 20 21 ]
(299.51 | 243.76) [ 0 2 4 3 13 21 ]
(421.61 | 318.65) [ 0 7 8 9 18 19 21 ]


1749.78
(412.76 | 78.52) [ 0 1 14 11 15 21 ]
(421.61 | 235.11) [ 0 7 8 9 18 19 21 ]
(535.90 | 204.42) [ 0 6 5 10 17 12 16 20 21 ]
(299.51 | 254.93) [ 0 2 4 3 13 21 ]


1749.78
(535.90 | -243.99) [ 0 6 5 10 17 12 16 20 21 ]
(421.61 | 204.79) [ 0 9 8 7 18 19 21 ]
(299.51 | 279.80) [ 0 2 4 3 13 21 ]
(412.76 | 282.98) [ 0 1 15 11 14 21 ]


1749.78
(412.76 | 225.00) [ 0 1 15 11 14 21 ]
(299.51 | 270.02) [ 0 2 4 3 13 21 ]
(421.61 | 244.67) [ 0 7 8 9 19 18 21 ]
(535.90 | 289.13) [ 0 6 5 10 17 12 16 20 21 ]


1749.78
(412.76 | 267.70) [ 0 1 15 11 14 21 ]
(421.61 | 211.84) [ 0 9 8 7 19 18 21 ]
(299.51 | 339.71) [ 0 2 4 3 13 21 ]
(535.90 | 280.25) [ 0 6 5 10 20 16 12 17 21 ]


1749.78
(412.76 | -2623.79) [ 0 1 15 11 14 21 ]
(535.90 | 112.19) [ 0 6 5 10 17 12 16 20 21 ]
(299.51 | 200.27) [ 0 2 4 3 13 21 ]
(421.61 | 254.18) [ 0 7 8 9 18 19 21 ]


1749.81
(267.12 | 267.12) [ 0 3 13 21 ]
(465.18 | 300.14) [ 0 2 4 1 15 11 14 21 ]
(421.61 | 238.26) [ 0 7 8 9 19 18 21 ]
(535.90 | 260.75) [ 0 6 5 10 17 12 16 20 21 ]


1749.78
(299.51 | 269.45) [ 0 2 4 3 13 21 ]
(421.61 | 220.61) [ 0 7 8 9 19 18 21 ]
(412.76 | 282.02) [ 0 1 14 11 15 21 ]
(535.90 | 268.40) [ 0 10 5 6 20 16 12 17 21 ]


1749.78
(421.61 | 79.61) [ 0 9 8 7 19 18 21 ]
(535.90 | 138.82) [ 0 10 5 6 20 16 12 17 21 ]
(299.51 | 305.25) [ 0 3 4 2 13 21 ]
(412.76 | 283.42) [ 0 1 14 11 15 21 ]


1749.78
(299.51 | -235.37) [ 0 3 4 2 13 21 ]
(412.76 | 274.30) [ 0 1 14 11 15 21 ]
(421.61 | 243.02) [ 0 9 8 7 19 18 21 ]
(535.90 | 250.24) [ 0 6 5 10 20 16 12 17 21 ]


1749.78
(412.76 | 280.35) [ 0 1 14 11 15 21 ]
(535.90 | 209.93) [ 0 10 5 6 17 12 16 20 21 ]
(299.51 | 316.53) [ 0 2 4 3 13 21 ]
(421.61 | 314.10) [ 0 7 8 9 19 18 21 ]


1749.78
(299.51 | 253.40) [ 0 3 4 2 13 21 ]
(412.76 | 297.86) [ 0 1 14 11 15 21 ]
(421.61 | 261.31) [ 0 7 8 9 18 19 21 ]
(535.90 | 312.48) [ 0 6 5 10 17 12 16 20 21 ]


1749.78
(421.61 | 234.49) [ 0 9 8 7 19 18 21 ]
(412.76 | 242.16) [ 0 1 14 11 15 21 ]
(299.51 | 281.75) [ 0 2 4 3 13 21 ]
(535.90 | 275.81) [ 0 6 5 10 20 16 12 17 21 ]


1749.78
(535.90 | 174.82) [ 0 6 5 10 17 12 16 20 21 ]
(421.61 | 285.27) [ 0 7 8 9 19 18 21 ]
(412.76 | 136.53) [ 0 1 15 11 14 21 ]
(299.51 | 281.50) [ 0 2 4 3 13 21 ]


1749.78
(421.61 | 234.58) [ 0 7 8 9 19 18 21 ]
(535.90 | 257.06) [ 0 6 5 10 20 16 12 17 21 ]
(299.51 | 317.01) [ 0 3 4 2 13 21 ]
(412.76 | 321.36) [ 0 1 15 11 14 21 ]


1749.78
(421.61 | 223.78) [ 0 9 8 7 18 19 21 ]
(412.76 | 273.01) [ 0 1 14 11 15 21 ]
(535.90 | 310.00) [ 0 10 5 6 20 16 12 17 21 ]
(299.51 | 281.29) [ 0 2 4 3 13 21 ]


1749.78
(299.51 | 254.65) [ 0 2 4 3 13 21 ]
(421.61 | 241.16) [ 0 9 8 7 19 18 21 ]
(535.90 | 245.10) [ 0 10 5 6 20 16 12 17 21 ]
(412.76 | 245.08) [ 0 1 15 11 14 21 ]


1749.78
(412.76 | -1593.81) [ 0 1 14 11 15 21 ]
(299.51 | 277.04) [ 0 3 4 2 13 21 ]
(535.90 | 208.34) [ 0 6 5 10 17 12 16 20 21 ]
(421.61 | 244.92) [ 0 7 8 9 19 18 21 ]


1749.78
(299.51 | 302.03) [ 0 3 4 2 13 21 ]
(421.61 | 294.85) [ 0 7 8 9 18 19 21 ]
(412.76 | 316.89) [ 0 1 14 11 15 21 ]
(535.90 | 312.06) [ 0 6 5 10 20 16 12 17 21 ]


1749.78
(412.76 | 24.79) [ 0 1 15 11 14 21 ]
(535.90 | 219.03) [ 0 6 5 10 17 12 16 20 21 ]
(421.61 | 179.28) [ 0 7 8 9 18 19 21 ]
(299.51 | 280.56) [ 0 3 4 2 13 21 ]


1749.78
(535.90 | -1219.91) [ 0 6 5 10 20 16 12 17 21 ]
(299.51 | 227.20) [ 0 3 4 2 13 21 ]
(412.76 | 241.18) [ 0 1 15 11 14 21 ]
(421.61 | 226.16) [ 0 9 8 7 19 18 21 ]


1749.78
(412.76 | 106.36) [ 0 1 15 11 14 21 ]
(299.51 | 199.55) [ 0 2 4 3 13 21 ]
(421.61 | 171.23) [ 0 9 8 7 18 19 21 ]
(535.90 | 275.83) [ 0 6 5 10 20 16 12 17 21 ]


1749.78
(299.51 | 293.56) [ 0 3 4 2 13 21 ]
(421.61 | 263.17) [ 0 9 8 7 18 19 21 ]
(535.90 | 313.80) [ 0 10 5 6 17 12 16 20 21 ]
(412.76 | 313.19) [ 0 1 15 11 14 21 ]


1749.78
(412.76 | 284.90) [ 0 1 14 11 15 21 ]
(299.51 | 236.60) [ 0 2 4 3 13 21 ]
(535.90 | 255.97) [ 0 10 5 6 17 12 16 20 21 ]
(421.61 | 254.36) [ 0 7 8 9 18 19 21 ]


1749.78
(535.90 | 263.54) [ 0 6 5 10 17 12 16 20 21 ]
(299.51 | 267.58) [ 0 2 4 3 13 21 ]
(421.61 | 266.23) [ 0 9 8 7 18 19 21 ]
(412.76 | 233.55) [ 0 1 15 11 14 21 ]


1749.78
(421.61 | 253.96) [ 0 7 8 9 18 19 21 ]
(535.90 | 256.48) [ 0 6 5 10 20 16 12 17 21 ]
(299.51 | 310.19) [ 0 2 4 3 13 21 ]
(412.76 | 304.48) [ 0 1 15 11 14 21 ]


1749.78
(412.76 | -3960.71) [ 0 1 15 11 14 21 ]
(299.51 | 151.64) [ 0 3 4 2 13 21 ]
(535.90 | 91.70) [ 0 6 5 10 17 12 16 20 21 ]
(421.61 | 134.14) [ 0 7 8 9 18 19 21 ]


1749.78
(299.51 | 246.49) [ 0 3 4 2 13 21 ]
(421.61 | 99.97) [ 0 7 8 9 19 18 21 ]
(535.90 | 310.58) [ 0 10 5 6 20 16 12 17 21 ]
(412.76 | 304.77) [ 0 1 14 11 15 21 ]


1749.78
(421.61 | 216.39) [ 0 7 8 9 19 18 21 ]
(535.90 | 224.06) [ 0 6 5 10 17 12 16 20 21 ]
(412.76 | 240.15) [ 0 1 15 11 14 21 ]
(299.51 | 245.27) [ 0 2 4 3 13 21 ]


1749.78
(421.61 | 318.96) [ 0 9 8 7 18 19 21 ]
(299.51 | 304.08) [ 0 3 4 2 13 21 ]
(412.76 | 298.95) [ 0 1 14 11 15 21 ]
(535.90 | 313.63) [ 0 6 5 10 20 16 12 17 21 ]


1749.78
(412.76 | -741.78) [ 0 1 15 11 14 21 ]
(421.61 | -107.52) [ 0 9 8 7 18 19 21 ]
(535.90 | 06.40) [ 0 10 5 6 20 16 12 17 21 ]
(299.51 | 296.98) [ 0 3 4 2 13 21 ]


1749.78
(535.90 | -218.82) [ 0 10 5 6 20 16 12 17 21 ]
(421.61 | 217.16) [ 0 9 8 7 19 18 21 ]
(412.76 | 288.42) [ 0 1 15 11 14 21 ]
(299.51 | 306.11) [ 0 2 4 3 13 21 ]


1749.78
(535.90 | -710.63) [ 0 10 5 6 17 12 16 20 21 ]
(421.61 | 240.67) [ 0 9 8 7 18 19 21 ]
(412.76 | 314.11) [ 0 1 14 11 15 21 ]
(299.51 | 283.42) [ 0 2 4 3 13 21 ]


1749.78
(412.76 | 199.36) [ 0 1 14 11 15 21 ]
(299.51 | 278.55) [ 0 2 4 3 13 21 ]
(421.61 | 280.41) [ 0 9 8 7 18 19 21 ]
(535.90 | 271.74) [ 0 6 5 10 20 16 12 17 21 ]


1749.78
(412.76 | -1286.52) [ 0 1 14 11 15 21 ]
(535.90 | -766.67) [ 0 6 5 10 20 16 12 17 21 ]
(421.61 | 240.95) [ 0 7 8 9 19 18 21 ]
(299.51 | 274.33) [ 0 2 4 3 13 21 ]


1749.78
(535.90 | -25.62) [ 0 6 5 10 17 12 16 20 21 ]
(299.51 | 270.70) [ 0 3 4 2 13 21 ]
(412.76 | 281.07) [ 0 1 14 11 15 21 ]
(421.61 | 272.08) [ 0 7 8 9 18 19 21 ]


1749.78
(412.76 | -49.39) [ 0 1 14 11 15 21 ]
(535.90 | 213.98) [ 0 6 5 10 20 16 12 17 21 ]
(421.61 | 226.17) [ 0 9 8 7 18 19 21 ]
(299.51 | 262.90) [ 0 2 4 3 13 21 ]


1749.78
(535.90 | 79.71) [ 0 6 5 10 20 16 12 17 21 ]
(421.61 | 270.62) [ 0 7 8 9 19 18 21 ]
(412.76 | 278.19) [ 0 1 14 11 15 21 ]
(299.51 | 269.05) [ 0 2 4 3 13 21 ]


1749.78
(412.76 | -1833.22) [ 0 1 15 11 14 21 ]
(535.90 | 228.97) [ 0 6 5 10 20 16 12 17 21 ]
(299.51 | 301.57) [ 0 2 4 3 13 21 ]
(421.61 | 267.25) [ 0 7 8 9 19 18 21 ]


1749.78
(412.76 | -182.98) [ 0 1 14 11 15 21 ]
(299.51 | 173.82) [ 0 2 4 3 13 21 ]
(421.61 | 207.03) [ 0 9 8 7 18 19 21 ]
(535.90 | 274.54) [ 0 6 5 10 20 16 12 17 21 ]


1749.78
(299.51 | 157.03) [ 0 2 4 3 13 21 ]
(535.90 | 194.30) [ 0 6 5 10 20 16 12 17 21 ]
(412.76 | 238.72) [ 0 1 14 11 15 21 ]
(421.61 | 247.41) [ 0 9 8 7 19 18 21 ]


1749.78
(421.61 | 165.95) [ 0 7 8 9 19 18 21 ]
(535.90 | 282.57) [ 0 10 5 6 20 16 12 17 21 ]
(412.76 | 282.83) [ 0 1 15 11 14 21 ]
(299.51 | 283.42) [ 0 2 4 3 13 21 ]


1750.08
(412.76 | -457.48) [ 0 1 14 11 15 21 ]
(423.12 | 109.25) [ 0 9 8 6 18 19 21 ]
(534.68 | 120.40) [ 0 7 5 10 20 16 12 17 21 ]
(299.51 | 292.74) [ 0 2 4 3 13 21 ]


1749.78
(299.51 | -174.10) [ 0 3 4 2 13 21 ]
(412.76 | -2170.59) [ 0 1 15 11 14 21 ]
(535.90 | -434.55) [ 0 10 5 6 17 12 16 20 21 ]
(421.61 | 295.81) [ 0 7 8 9 18 19 21 ]


1749.78
(535.90 | -52.82) [ 0 10 5 6 17 12 16 20 21 ]
(421.61 | 158.46) [ 0 7 8 9 19 18 21 ]
(299.51 | 268.45) [ 0 3 4 2 13 21 ]
(412.76 | 321.88) [ 0 1 14 11 15 21 ]


1749.78
(412.76 | -713.46) [ 0 1 14 11 15 21 ]
(421.61 | 215.89) [ 0 7 8 9 18 19 21 ]
(299.51 | 300.81) [ 0 3 4 2 13 21 ]
(535.90 | 254.82) [ 0 6 5 10 20 16 12 17 21 ]


1749.78
(535.90 | -108.75) [ 0 6 5 10 17 12 16 20 21 ]
(421.61 | 172.96) [ 0 9 8 7 19 18 21 ]
(412.76 | 281.61) [ 0 1 14 11 15 21 ]
(299.51 | 283.42) [ 0 2 4 3 13 21 ]


