1977.52
(649.88 | -703.85) [ 0 6 9 10 16 19 20 21 ]
(471.15 | 155.27) [ 0 2 4 17 14 12 21 ]
(348.96 | 151.05) [ 0 5 7 8 18 21 ]
(467.52 | 257.22) [ 0 1 3 11 15 13 21 ]


1996.57
(460.61 | -118.13) [ 0 2 12 14 17 21 ]
(477.12 | 226.21) [ 0 3 4 1 11 15 13 21 ]
(649.88 | 240.76) [ 0 10 9 6 16 19 20 21 ]
(348.96 | 258.19) [ 0 8 7 5 18 21 ]


1977.52
(471.15 | -306.59) [ 0 4 2 17 14 12 21 ]
(649.88 | 207.46) [ 0 10 9 6 16 19 20 21 ]
(348.96 | 251.62) [ 0 8 7 5 18 21 ]
(467.52 | 278.50) [ 0 1 3 13 15 11 21 ]


1977.52
(649.88 | -1070.18) [ 0 10 9 6 16 19 20 21 ]
(471.15 | 239.08) [ 0 4 2 12 14 17 21 ]
(348.96 | 279.55) [ 0 5 7 8 18 21 ]
(467.52 | 286.38) [ 0 3 1 11 15 13 21 ]


1977.52
(471.15 | 50.48) [ 0 2 4 17 14 12 21 ]
(467.52 | 192.29) [ 0 1 3 13 15 11 21 ]
(649.88 | 225.39) [ 0 6 9 10 16 19 20 21 ]
(348.96 | 260.25) [ 0 5 7 8 18 21 ]


1981.99
(348.96 | -1371.14) [ 0 8 7 5 18 21 ]
(451.97 | -917.54) [ 0 1 11 15 13 21 ]
(471.18 | 116.00) [ 0 2 4 3 12 14 17 21 ]
(649.88 | 186.22) [ 0 6 9 10 16 19 20 21 ]


1996.57
(460.61 | -1671.91) [ 0 2 12 14 17 21 ]
(649.88 | -71.99) [ 0 10 9 6 16 19 20 21 ]
(477.12 | 48.73) [ 0 3 4 1 13 15 11 21 ]
(348.96 | 253.60) [ 0 5 7 8 18 21 ]


1996.57
(477.12 | -273.71) [ 0 3 4 1 11 15 13 21 ]
(460.61 | 203.52) [ 0 2 12 14 17 21 ]
(348.96 | 265.67) [ 0 8 7 5 18 21 ]
(649.88 | 271.36) [ 0 10 9 6 16 19 20 21 ]


1981.99
(451.97 | -4320.50) [ 0 1 11 15 13 21 ]
(649.88 | 119.65) [ 0 10 9 6 16 19 20 21 ]
(348.96 | 260.30) [ 0 8 7 5 18 21 ]
(471.18 | 237.48) [ 0 3 4 2 12 14 17 21 ]


1977.52
(649.88 | 151.49) [ 0 10 9 6 20 19 16 21 ]
(348.96 | 260.38) [ 0 8 7 5 18 21 ]
(471.15 | 248.41) [ 0 4 2 12 14 17 21 ]
(467.52 | 279.65) [ 0 3 1 11 15 13 21 ]


1977.52
(649.88 | -2125.57) [ 0 6 9 10 20 19 16 21 ]
(348.96 | 299.71) [ 0 5 7 8 18 21 ]
(467.52 | 239.58) [ 0 1 3 13 15 11 21 ]
(471.15 | 267.12) [ 0 2 4 17 14 12 21 ]


1977.52
(471.15 | 45.80) [ 0 4 2 17 14 12 21 ]
(467.52 | 196.65) [ 0 3 1 11 15 13 21 ]
(649.88 | 184.51) [ 0 6 9 10 16 19 20 21 ]
(348.96 | 239.36) [ 0 5 7 8 18 21 ]


2019.07
(531.27 | -196.05) [ 0 10 7 5 11 15 20 21 ]
(471.18 | 162.62) [ 0 2 4 3 12 14 17 21 ]
(645.09 | 222.29) [ 0 9 8 6 16 19 13 21 ]
(291.53 | 282.23) [ 0 1 18 21 ]


1977.52
(348.96 | 205.44) [ 0 5 7 8 18 21 ]
(471.15 | 171.85) [ 0 4 2 12 14 17 21 ]
(649.88 | 99.21) [ 0 10 9 6 20 19 16 21 ]
(467.52 | 275.45) [ 0 1 3 13 15 11 21 ]


1977.52
(649.88 | 196.97) [ 0 10 9 6 16 19 20 21 ]
(348.96 | 259.42) [ 0 8 7 5 18 21 ]
(467.52 | 279.30) [ 0 3 1 11 15 13 21 ]
(471.15 | 231.44) [ 0 4 2 12 14 17 21 ]


1977.52
(471.15 | 218.42) [ 0 4 2 12 14 17 21 ]
(649.88 | 232.01) [ 0 6 9 10 20 19 16 21 ]
(348.96 | 282.66) [ 0 5 7 8 18 21 ]
(467.52 | 261.44) [ 0 1 3 11 15 13 21 ]


1977.52
(348.96 | 124.46) [ 0 8 7 5 18 21 ]
(649.88 | -28.99) [ 0 6 9 10 16 19 20 21 ]
(471.15 | 234.26) [ 0 2 4 17 14 12 21 ]
(467.52 | 267.37) [ 0 1 3 11 15 13 21 ]


1977.52
(649.88 | -556.38) [ 0 10 9 6 20 19 16 21 ]
(467.52 | 131.10) [ 0 3 1 11 15 13 21 ]
(348.96 | 297.51) [ 0 8 7 5 18 21 ]
(471.15 | 238.03) [ 0 4 2 12 14 17 21 ]


1977.52
(471.15 | 103.20) [ 0 4 2 12 14 17 21 ]
(348.96 | 313.20) [ 0 5 7 8 18 21 ]
(649.88 | 311.74) [ 0 6 9 10 16 19 20 21 ]
(467.52 | 241.36) [ 0 1 3 11 15 13 21 ]


1977.52
(348.96 | 234.19) [ 0 5 7 8 18 21 ]
(649.88 | 222.99) [ 0 10 9 6 16 19 20 21 ]
(471.15 | 211.34) [ 0 4 2 12 14 17 21 ]
(467.52 | 274.49) [ 0 1 3 11 15 13 21 ]


1977.52
(649.88 | -2095.24) [ 0 10 9 6 20 19 16 21 ]
(471.15 | -317.47) [ 0 2 4 17 14 12 21 ]
(348.96 | 254.93) [ 0 8 7 5 18 21 ]
(467.52 | 286.51) [ 0 1 3 11 15 13 21 ]


1977.52
(471.15 | 278.30) [ 0 2 4 17 14 12 21 ]
(467.52 | 172.79) [ 0 1 3 11 15 13 21 ]
(649.88 | 244.13) [ 0 6 9 10 20 19 16 21 ]
(348.96 | 232.56) [ 0 5 7 8 18 21 ]


1981.99
(649.88 | 02.82) [ 0 6 9 10 16 19 20 21 ]
(471.18 | 137.35) [ 0 3 4 2 12 14 17 21 ]
(348.96 | 279.33) [ 0 5 7 8 18 21 ]
(451.97 | 266.52) [ 0 1 11 15 13 21 ]


1977.52
(348.96 | -1562.20) [ 0 5 7 8 18 21 ]
(471.15 | 197.92) [ 0 4 2 17 14 12 21 ]
(467.52 | 234.81) [ 0 1 3 11 15 13 21 ]
(649.88 | 187.21) [ 0 6 9 10 16 19 20 21 ]


2020.88
(471.15 | 261.35) [ 0 4 2 17 14 12 21 ]
(654.50 | 268.17) [ 0 10 6 7 20 19 16 21 ]
(498.28 | 254.13) [ 0 9 8 5 18 15 11 21 ]
(336.95 | 275.33) [ 0 1 3 13 21 ]


1977.52
(649.88 | -889.92) [ 0 6 9 10 16 19 20 21 ]
(471.15 | -64.51) [ 0 4 2 17 14 12 21 ]
(348.96 | 232.37) [ 0 8 7 5 18 21 ]
(467.52 | 236.22) [ 0 1 3 11 15 13 21 ]


1977.52
(649.88 | -2578.83) [ 0 6 9 10 20 19 16 21 ]
(471.15 | 244.87) [ 0 2 4 17 14 12 21 ]
(348.96 | 263.49) [ 0 8 7 5 18 21 ]
(467.52 | 270.34) [ 0 3 1 11 15 13 21 ]


2019.07
(645.09 | -16649.80) [ 0 9 8 6 16 19 13 21 ]
(291.53 | 239.79) [ 0 1 18 21 ]
(531.27 | 205.09) [ 0 5 7 10 20 15 11 21 ]
(471.18 | 258.18) [ 0 3 4 2 12 14 17 21 ]


1977.52
(471.15 | -23.92) [ 0 4 2 17 14 12 21 ]
(649.88 | 01.53) [ 0 6 9 10 16 19 20 21 ]
(348.96 | 264.05) [ 0 5 7 8 18 21 ]
(467.52 | 264.54) [ 0 1 3 11 15 13 21 ]


1977.52
(471.15 | 110.98) [ 0 4 2 12 14 17 21 ]
(649.88 | 192.35) [ 0 10 9 6 16 19 20 21 ]
(467.52 | 219.72) [ 0 3 1 11 15 13 21 ]
(348.96 | 270.91) [ 0 5 7 8 18 21 ]


1977.52
(471.15 | -374.31) [ 0 2 4 17 14 12 21 ]
(649.88 | 245.78) [ 0 6 9 10 20 19 16 21 ]
(348.96 | 252.30) [ 0 5 7 8 18 21 ]
(467.52 | 236.31) [ 0 1 3 13 15 11 21 ]


1981.99
(451.97 | -109.26) [ 0 1 11 15 13 21 ]
(471.18 | 159.72) [ 0 2 4 3 12 14 17 21 ]
(649.88 | 127.87) [ 0 10 9 6 16 19 20 21 ]
(348.96 | 246.29) [ 0 5 7 8 18 21 ]


1977.52
(348.96 | -2225.79) [ 0 8 7 5 18 21 ]
(471.15 | 192.75) [ 0 4 2 17 14 12 21 ]
(649.88 | 212.52) [ 0 6 9 10 20 19 16 21 ]
(467.52 | 272.96) [ 0 3 1 11 15 13 21 ]


1977.52
(649.88 | -2753.60) [ 0 6 9 10 16 19 20 21 ]
(471.15 | 227.22) [ 0 2 4 17 14 12 21 ]
(348.96 | 275.24) [ 0 8 7 5 18 21 ]
(467.52 | 265.04) [ 0 1 3 13 15 11 21 ]


1977.52
(471.15 | -1563.20) [ 0 4 2 12 14 17 21 ]
(649.88 | 186.87) [ 0 6 9 10 16 19 20 21 ]
(348.96 | 295.96) [ 0 8 7 5 18 21 ]
(467.52 | 286.51) [ 0 1 3 13 15 11 21 ]


1977.52
(649.88 | 171.91) [ 0 10 9 6 20 19 16 21 ]
(348.96 | 259.27) [ 0 5 7 8 18 21 ]
(471.15 | 276.69) [ 0 4 2 17 14 12 21 ]
(467.52 | 268.36) [ 0 1 3 13 15 11 21 ]


1977.52
(348.96 | -3582.19) [ 0 5 7 8 18 21 ]
(467.52 | 227.77) [ 0 1 3 13 15 11 21 ]
(649.88 | 190.42) [ 0 6 9 10 16 19 20 21 ]
(471.15 | 259.36) [ 0 4 2 12 14 17 21 ]


1977.52
(471.15 | -1411.89) [ 0 2 4 17 14 12 21 ]
(649.88 | -42.83) [ 0 6 9 10 16 19 20 21 ]
(348.96 | 147.99) [ 0 8 7 5 18 21 ]
(467.52 | 268.19) [ 0 1 3 13 15 11 21 ]


2018.56
(462.89 | -1532.06) [ 0 1 2 12 14 17 21 ]
(476.83 | 122.20) [ 0 3 4 13 15 11 21 ]
(649.88 | 226.48) [ 0 6 9 10 16 19 20 21 ]
(348.96 | 261.14) [ 0 5 7 8 18 21 ]


1996.57
(477.12 | -1009.26) [ 0 1 4 3 11 15 13 21 ]
(460.61 | -1552.48) [ 0 2 12 14 17 21 ]
(348.96 | 224.46) [ 0 8 7 5 18 21 ]
(649.88 | 238.27) [ 0 6 9 10 16 19 20 21 ]


1977.52
(649.88 | 194.08) [ 0 6 9 10 20 19 16 21 ]
(471.15 | 195.62) [ 0 4 2 12 14 17 21 ]
(348.96 | 234.94) [ 0 8 7 5 18 21 ]
(467.52 | 286.17) [ 0 1 3 13 15 11 21 ]


1977.52
(467.52 | -3795.53) [ 0 3 1 11 15 13 21 ]
(649.88 | 191.39) [ 0 6 9 10 16 19 20 21 ]
(348.96 | 242.80) [ 0 5 7 8 18 21 ]
(471.15 | 249.44) [ 0 4 2 12 14 17 21 ]


1977.52
(471.15 | 111.26) [ 0 4 2 17 14 12 21 ]
(649.88 | 199.82) [ 0 6 9 10 20 19 16 21 ]
(467.52 | 285.15) [ 0 3 1 11 15 13 21 ]
(348.96 | 273.31) [ 0 5 7 8 18 21 ]


1981.99
(471.18 | -37.54) [ 0 2 4 3 12 14 17 21 ]
(649.88 | -12.51) [ 0 10 9 6 20 19 16 21 ]
(348.96 | 261.38) [ 0 5 7 8 18 21 ]
(451.97 | 257.76) [ 0 1 11 15 13 21 ]


1977.52
(649.88 | 233.17) [ 0 6 9 10 20 19 16 21 ]
(471.15 | 213.30) [ 0 4 2 12 14 17 21 ]
(348.96 | 261.73) [ 0 8 7 5 18 21 ]
(467.52 | 276.12) [ 0 1 3 13 15 11 21 ]


1977.52
(471.15 | 140.74) [ 0 2 4 17 14 12 21 ]
(467.52 | 247.77) [ 0 1 3 11 15 13 21 ]
(649.88 | 222.34) [ 0 6 9 10 20 19 16 21 ]
(348.96 | 250.26) [ 0 5 7 8 18 21 ]


1977.52
(649.88 | -8.04) [ 0 6 9 10 20 19 16 21 ]
(471.15 | 125.65) [ 0 2 4 17 14 12 21 ]
(467.52 | 264.83) [ 0 3 1 13 15 11 21 ]
(348.96 | 271.75) [ 0 5 7 8 18 21 ]


1977.52
(348.96 | -1777.41) [ 0 8 7 5 18 21 ]
(471.15 | -574.58) [ 0 2 4 17 14 12 21 ]
(467.52 | 173.03) [ 0 3 1 13 15 11 21 ]
(649.88 | 216.50) [ 0 10 9 6 16 19 20 21 ]


1977.52
(649.88 | -1238.29) [ 0 6 9 10 16 19 20 21 ]
(471.15 | 243.05) [ 0 4 2 12 14 17 21 ]
(348.96 | 243.05) [ 0 5 7 8 18 21 ]
(467.52 | 270.04) [ 0 3 1 11 15 13 21 ]


1977.52
(471.15 | -806.92) [ 0 4 2 12 14 17 21 ]
(348.96 | 280.88) [ 0 5 7 8 18 21 ]
(649.88 | 197.43) [ 0 6 9 10 16 19 20 21 ]
(467.52 | 257.36) [ 0 1 3 11 15 13 21 ]


1977.52
(471.15 | 196.17) [ 0 4 2 17 14 12 21 ]
(649.88 | 160.50) [ 0 10 9 6 16 19 20 21 ]
(348.96 | 275.98) [ 0 5 7 8 18 21 ]
(467.52 | 275.22) [ 0 1 3 11 15 13 21 ]


1977.52
(471.15 | -875.44) [ 0 4 2 12 14 17 21 ]
(348.96 | 233.21) [ 0 8 7 5 18 21 ]
(649.88 | 206.45) [ 0 6 9 10 16 19 20 21 ]
(467.52 | 258.95) [ 0 1 3 13 15 11 21 ]


1977.52
(649.88 | -666.62) [ 0 10 9 6 20 19 16 21 ]
(471.15 | 114.56) [ 0 2 4 17 14 12 21 ]
(348.96 | 287.16) [ 0 8 7 5 18 21 ]
(467.52 | 262.29) [ 0 1 3 11 15 13 21 ]


1977.52
(471.15 | 142.53) [ 0 2 4 17 14 12 21 ]
(649.88 | 191.90) [ 0 6 9 10 16 19 20 21 ]
(348.96 | 259.02) [ 0 5 7 8 18 21 ]
(467.52 | 244.23) [ 0 1 3 13 15 11 21 ]


1977.52
(348.96 | -1783.63) [ 0 5 7 8 18 21 ]
(471.15 | 167.68) [ 0 2 4 17 14 12 21 ]
(649.88 | 227.99) [ 0 6 9 10 16 19 20 21 ]
(467.52 | 274.64) [ 0 1 3 13 15 11 21 ]


1977.52
(348.96 | 205.25) [ 0 8 7 5 18 21 ]
(471.15 | 224.31) [ 0 4 2 17 14 12 21 ]
(649.88 | 222.43) [ 0 6 9 10 16 19 20 21 ]
(467.52 | 273.67) [ 0 1 3 13 15 11 21 ]


1977.52
(467.52 | -419.08) [ 0 1 3 13 15 11 21 ]
(471.15 | 293.92) [ 0 2 4 17 14 12 21 ]
(348.96 | 310.56) [ 0 5 7 8 18 21 ]
(649.88 | 150.47) [ 0 10 9 6 16 19 20 21 ]


1977.52
(471.15 | -277.01) [ 0 4 2 12 14 17 21 ]
(467.52 | 190.36) [ 0 1 3 13 15 11 21 ]
(649.88 | 210.61) [ 0 6 9 10 16 19 20 21 ]
(348.96 | 245.67) [ 0 5 7 8 18 21 ]


1977.52
(649.88 | -2157.54) [ 0 10 9 6 20 19 16 21 ]
(348.96 | 244.12) [ 0 8 7 5 18 21 ]
(471.15 | 235.40) [ 0 4 2 17 14 12 21 ]
(467.52 | 279.67) [ 0 1 3 13 15 11 21 ]


1977.52
(649.88 | 76.57) [ 0 6 9 10 16 19 20 21 ]
(471.15 | 110.44) [ 0 4 2 12 14 17 21 ]
(348.96 | 244.36) [ 0 8 7 5 18 21 ]
(467.52 | 234.15) [ 0 1 3 11 15 13 21 ]


1977.52
(649.88 | -137.36) [ 0 6 9 10 16 19 20 21 ]
(467.52 | 272.75) [ 0 1 3 11 15 13 21 ]
(471.15 | 237.80) [ 0 2 4 17 14 12 21 ]
(348.96 | 245.87) [ 0 5 7 8 18 21 ]


1981.99
(649.88 | -6801.27) [ 0 10 9 6 20 19 16 21 ]
(348.96 | 238.12) [ 0 8 7 5 18 21 ]
(471.18 | 250.44) [ 0 3 4 2 12 14 17 21 ]
(451.97 | 275.45) [ 0 1 11 15 13 21 ]


1977.52
(471.15 | -348.13) [ 0 4 2 17 14 12 21 ]
(649.88 | -1251.71) [ 0 10 9 6 20 19 16 21 ]
(348.96 | 267.53) [ 0 5 7 8 18 21 ]
(467.52 | 264.27) [ 0 3 1 11 15 13 21 ]


1977.52
(649.88 | 197.76) [ 0 6 9 10 16 19 20 21 ]
(471.15 | 188.65) [ 0 2 4 17 14 12 21 ]
(348.96 | 261.34) [ 0 8 7 5 18 21 ]
(467.52 | 275.09) [ 0 1 3 13 15 11 21 ]


1977.52
(649.88 | 66.25) [ 0 6 9 10 20 19 16 21 ]
(348.96 | 289.52) [ 0 5 7 8 18 21 ]
(471.15 | 253.76) [ 0 2 4 17 14 12 21 ]
(467.52 | 229.35) [ 0 1 3 11 15 13 21 ]


1988.73
(471.15 | 40.35) [ 0 4 2 12 14 17 21 ]
(649.88 | 31.94) [ 0 6 9 10 16 19 20 21 ]
(490.74 | 249.69) [ 0 8 7 5 18 15 11 21 ]
(336.95 | 290.78) [ 0 1 3 13 21 ]


1977.52
(471.15 | 96.05) [ 0 4 2 12 14 17 21 ]
(348.96 | 250.71) [ 0 5 7 8 18 21 ]
(649.88 | 188.92) [ 0 6 9 10 16 19 20 21 ]
(467.52 | 257.92) [ 0 3 1 11 15 13 21 ]


1977.52
(649.88 | 197.17) [ 0 10 9 6 16 19 20 21 ]
(471.15 | 108.46) [ 0 4 2 12 14 17 21 ]
(467.52 | 245.56) [ 0 1 3 13 15 11 21 ]
(348.96 | 259.65) [ 0 8 7 5 18 21 ]


1977.52
(348.96 | 240.22) [ 0 8 7 5 18 21 ]
(649.88 | 241.73) [ 0 6 9 10 16 19 20 21 ]
(471.15 | 269.41) [ 0 4 2 12 14 17 21 ]
(467.52 | 262.14) [ 0 3 1 11 15 13 21 ]


1977.52
(467.52 | -754.64) [ 0 1 3 13 15 11 21 ]
(471.15 | -430.33) [ 0 4 2 12 14 17 21 ]
(348.96 | 262.11) [ 0 5 7 8 18 21 ]
(649.88 | 266.72) [ 0 6 9 10 16 19 20 21 ]


2090.56
(439.86 | -1037.78) [ 0 4 8 6 18 21 ]
(479.48 | -267.96) [ 0 5 7 17 14 12 21 ]
(487.69 | -237.43) [ 0 2 3 1 11 15 13 21 ]
(603.53 | 214.03) [ 0 10 9 16 19 20 21 ]


1981.99
(348.96 | -2029.54) [ 0 5 7 8 18 21 ]
(451.97 | -1014.13) [ 0 1 11 15 13 21 ]
(471.18 | -29.84) [ 0 3 4 2 12 14 17 21 ]
(649.88 | 51.02) [ 0 10 9 6 16 19 20 21 ]


1981.99
(649.88 | 47.42) [ 0 6 9 10 20 19 16 21 ]
(471.18 | 141.93) [ 0 3 4 2 12 14 17 21 ]
(348.96 | 279.52) [ 0 5 7 8 18 21 ]
(451.97 | 252.33) [ 0 1 13 15 11 21 ]


1977.52
(471.15 | 215.95) [ 0 4 2 17 14 12 21 ]
(348.96 | 219.78) [ 0 8 7 5 18 21 ]
(649.88 | 215.96) [ 0 10 9 6 16 19 20 21 ]
(467.52 | 262.60) [ 0 1 3 11 15 13 21 ]


1981.99
(471.18 | 78.96) [ 0 2 4 3 12 14 17 21 ]
(649.88 | 212.69) [ 0 6 9 10 20 19 16 21 ]
(451.97 | 242.82) [ 0 1 11 15 13 21 ]
(348.96 | 266.68) [ 0 5 7 8 18 21 ]


1988.73
(490.74 | 174.89) [ 0 5 7 8 11 15 18 21 ]
(471.15 | 195.38) [ 0 4 2 17 14 12 21 ]
(649.88 | 246.33) [ 0 10 9 6 20 19 16 21 ]
(336.95 | 289.02) [ 0 1 3 13 21 ]


1988.73
(649.88 | -196.73) [ 0 6 9 10 16 19 20 21 ]
(471.15 | 261.05) [ 0 4 2 17 14 12 21 ]
(490.74 | 226.62) [ 0 8 7 5 18 15 11 21 ]
(336.95 | 272.83) [ 0 1 3 13 21 ]


2003.02
(348.96 | -1933.66) [ 0 5 7 8 18 21 ]
(456.49 | -1541.86) [ 0 4 17 14 12 21 ]
(487.69 | -96.77) [ 0 1 3 2 11 15 13 21 ]
(649.88 | 254.11) [ 0 6 9 10 16 19 20 21 ]


1988.73
(649.88 | -2238.71) [ 0 6 9 10 20 19 16 21 ]
(490.74 | 188.53) [ 0 8 7 5 11 15 18 21 ]
(471.15 | 221.52) [ 0 4 2 17 14 12 21 ]
(336.95 | 290.82) [ 0 1 3 13 21 ]


1977.52
(471.15 | -323.09) [ 0 4 2 12 14 17 21 ]
(649.88 | 257.48) [ 0 6 9 10 20 19 16 21 ]
(348.96 | 269.19) [ 0 8 7 5 18 21 ]
(467.52 | 286.51) [ 0 1 3 13 15 11 21 ]


1977.52
(471.15 | -178.72) [ 0 4 2 12 14 17 21 ]
(649.88 | -159.25) [ 0 6 9 10 16 19 20 21 ]
(348.96 | 171.25) [ 0 5 7 8 18 21 ]
(467.52 | 278.50) [ 0 3 1 13 15 11 21 ]


1977.52
(649.88 | -1660.54) [ 0 10 9 6 16 19 20 21 ]
(471.15 | 193.98) [ 0 4 2 12 14 17 21 ]
(467.52 | 155.69) [ 0 3 1 13 15 11 21 ]
(348.96 | 216.50) [ 0 5 7 8 18 21 ]


1977.52
(348.96 | -904.28) [ 0 5 7 8 18 21 ]
(471.15 | 225.58) [ 0 4 2 17 14 12 21 ]
(649.88 | 246.82) [ 0 10 9 6 16 19 20 21 ]
(467.52 | 238.26) [ 0 3 1 13 15 11 21 ]


2011.32
(649.25 | -275.53) [ 0 6 9 16 19 20 21 ]
(493.96 | 42.37) [ 0 10 8 7 5 18 15 11 21 ]
(471.15 | 268.17) [ 0 4 2 12 14 17 21 ]
(336.95 | 289.92) [ 0 1 3 13 21 ]


2093.47
(416.19 | -1181.75) [ 0 3 1 9 13 21 ]
(471.15 | -3319.29) [ 0 4 2 12 14 17 21 ]
(481.12 | -2847.94) [ 0 7 5 18 15 11 21 ]
(645.01 | -285.16) [ 0 6 8 10 20 19 16 21 ]


2055.60
(350.51 | -2878.52) [ 0 5 6 8 18 21 ]
(594.03 | -1504.62) [ 0 7 2 4 12 14 17 21 ]
(603.53 | 271.25) [ 0 9 10 16 19 20 21 ]
(467.52 | 278.71) [ 0 1 3 11 15 13 21 ]


1977.52
(471.15 | 213.99) [ 0 4 2 12 14 17 21 ]
(649.88 | 215.54) [ 0 10 9 6 20 19 16 21 ]
(348.96 | 256.32) [ 0 5 7 8 18 21 ]
(467.52 | 271.93) [ 0 1 3 11 15 13 21 ]


1977.52
(471.15 | 156.45) [ 0 2 4 17 14 12 21 ]
(348.96 | 253.41) [ 0 5 7 8 18 21 ]
(649.88 | 246.07) [ 0 10 9 6 20 19 16 21 ]
(467.52 | 196.58) [ 0 1 3 13 15 11 21 ]


1981.99
(649.88 | 140.11) [ 0 10 9 6 16 19 20 21 ]
(348.96 | 271.69) [ 0 5 7 8 18 21 ]
(471.18 | 267.87) [ 0 3 4 2 12 14 17 21 ]
(451.97 | 260.58) [ 0 1 11 15 13 21 ]


1977.52
(471.15 | -770.77) [ 0 4 2 12 14 17 21 ]
(348.96 | 106.11) [ 0 5 7 8 18 21 ]
(649.88 | 152.92) [ 0 6 9 10 16 19 20 21 ]
(467.52 | 271.54) [ 0 3 1 13 15 11 21 ]


1977.52
(649.88 | -226.30) [ 0 10 9 6 20 19 16 21 ]
(348.96 | 246.46) [ 0 8 7 5 18 21 ]
(471.15 | 215.18) [ 0 2 4 17 14 12 21 ]
(467.52 | 274.14) [ 0 3 1 11 15 13 21 ]


1977.52
(471.15 | -1339.35) [ 0 4 2 17 14 12 21 ]
(467.52 | 202.60) [ 0 3 1 11 15 13 21 ]
(348.96 | 236.41) [ 0 8 7 5 18 21 ]
(649.88 | 220.42) [ 0 10 9 6 16 19 20 21 ]


1977.52
(649.88 | 178.27) [ 0 6 9 10 20 19 16 21 ]
(471.15 | 223.84) [ 0 4 2 12 14 17 21 ]
(348.96 | 302.37) [ 0 8 7 5 18 21 ]
(467.52 | 286.51) [ 0 1 3 11 15 13 21 ]


1981.99
(451.97 | -1005.91) [ 0 1 11 15 13 21 ]
(471.18 | 26.95) [ 0 3 4 2 12 14 17 21 ]
(649.88 | -88.24) [ 0 6 9 10 16 19 20 21 ]
(348.96 | 229.40) [ 0 8 7 5 18 21 ]


1977.52
(471.15 | 159.24) [ 0 4 2 12 14 17 21 ]
(467.52 | 260.87) [ 0 1 3 11 15 13 21 ]
(348.96 | 255.20) [ 0 8 7 5 18 21 ]
(649.88 | 231.19) [ 0 10 9 6 16 19 20 21 ]


1977.52
(471.15 | -815.66) [ 0 4 2 12 14 17 21 ]
(649.88 | 136.04) [ 0 10 9 6 20 19 16 21 ]
(467.52 | 261.35) [ 0 1 3 11 15 13 21 ]
(348.96 | 262.33) [ 0 5 7 8 18 21 ]


1977.52
(649.88 | 262.91) [ 0 6 9 10 20 19 16 21 ]
(348.96 | 276.88) [ 0 5 7 8 18 21 ]
(471.15 | 209.98) [ 0 4 2 12 14 17 21 ]
(467.52 | 267.62) [ 0 1 3 11 15 13 21 ]


1981.99
(471.18 | -93.01) [ 0 2 4 3 12 14 17 21 ]
(649.88 | -0.60) [ 0 6 9 10 16 19 20 21 ]
(451.97 | 249.89) [ 0 1 11 15 13 21 ]
(348.96 | 244.28) [ 0 5 7 8 18 21 ]


1977.52
(471.15 | -641.20) [ 0 4 2 12 14 17 21 ]
(649.88 | -2415.44) [ 0 6 9 10 20 19 16 21 ]
(348.96 | 277.66) [ 0 5 7 8 18 21 ]
(467.52 | 278.96) [ 0 3 1 11 15 13 21 ]


2022.93
(339.18 | 119.50) [ 0 7 8 9 10 18 21 ]
(665.07 | 243.61) [ 0 6 5 20 19 16 21 ]
(471.15 | 263.65) [ 0 4 2 17 14 12 21 ]
(467.52 | 264.74) [ 0 3 1 11 15 13 21 ]


1977.52
(348.96 | -2555.48) [ 0 8 7 5 18 21 ]
(649.88 | -574.44) [ 0 10 9 6 20 19 16 21 ]
(467.52 | 172.30) [ 0 3 1 13 15 11 21 ]
(471.15 | 225.82) [ 0 4 2 12 14 17 21 ]


